timestamp_utc,device_id,status,status_msg
2026-08-07T11:00:28+00:00,ibm:ibm:qpu:marrakesh,ONLINE,
2026-08-07T11:00:28+00:00,ibm:ibm:qpu:pittsburgh,ONLINE,
2026-08-07T11:00:28+00:00,aws:iqm:qpu:emerald,ONLINE,
2026-08-07T11:00:28+00:00,azure:ionq:qpu:forte-1,OFFLINE,
2026-08-07T11:00:28+00:00,ibm:ibm:qpu:kingston,ONLINE,
2026-08-07T11:00:28+00:00,ionq:ionq:qpu:forte-1,UNAVAILABLE,
2026-08-07T11:00:28+00:00,azure:rigetti:qpu:cepheus-1-36q,OFFLINE,
2026-08-07T11:00:28+00:00,ibm:ibm:qpu:miami,ONLINE,
2026-08-07T11:00:28+00:00,aws:aqt:qpu:ibex-q1,ONLINE,
2026-08-07T11:00:28+00:00,aws:quera:qpu:aquila,ONLINE,
2026-08-07T11:00:28+00:00,azure:pasqal:qpu:fresnel,OFFLINE,
2026-08-07T11:00:28+00:00,aws:ionq:qpu:forte-1,OFFLINE,
2026-08-07T11:00:28+00:00,aws:iqm:qpu:garnet,ONLINE,
2026-08-07T11:00:28+00:00,ibm:ibm:qpu:boston,ONLINE,
2026-08-07T11:00:28+00:00,aws:ionq:qpu:forte-enterprise-1,ONLINE,
2026-08-07T11:00:28+00:00,ibm:ibm:qpu:fez,ONLINE,
2026-08-07T11:00:28+00:00,azure:ionq:qpu:forte-enterprise-1,OFFLINE,
2026-08-07T11:00:28+00:00,rigetti:rigetti:qpu:cepheus-1-108q,ONLINE,
2026-08-07T11:00:28+00:00,aws:rigetti:qpu:cepheus-1-108q,ONLINE,
2026-08-07T11:00:28+00:00,openquantum:aqt:qpu:ibex-q1,ONLINE,
2026-08-07T11:00:28+00:00,openquantum:ionq:qpu:forte-1,ONLINE,
2026-08-07T11:00:28+00:00,openquantum:ionq:qpu:forte-enterprise,ONLINE,
2026-08-07T11:00:28+00:00,openquantum:iqm:qpu:emerald,ONLINE,
2026-08-07T11:00:28+00:00,openquantum:iqm:qpu:garnet,ONLINE,
2026-08-07T11:00:28+00:00,openquantum:rigetti:qpu:cepheus-1-108q,ONLINE,
2026-08-07T12:44:27+00:00,ibm:ibm:qpu:marrakesh,ONLINE,
2026-08-07T12:44:27+00:00,ibm:ibm:qpu:pittsburgh,ONLINE,
2026-08-07T12:44:27+00:00,aws:iqm:qpu:emerald,ONLINE,
2026-08-07T12:44:27+00:00,azure:ionq:qpu:forte-1,OFFLINE,
2026-08-07T12:44:27+00:00,ibm:ibm:qpu:kingston,ONLINE,
2026-08-07T12:44:27+00:00,ionq:ionq:qpu:forte-1,UNAVAILABLE,
2026-08-07T12:44:27+00:00,azure:rigetti:qpu:cepheus-1-36q,OFFLINE,
2026-08-07T12:44:27+00:00,ibm:ibm:qpu:miami,ONLINE,
2026-08-07T12:44:27+00:00,aws:aqt:qpu:ibex-q1,ONLINE,
2026-08-07T12:44:27+00:00,aws:quera:qpu:aquila,UNAVAILABLE,
2026-08-07T12:44:27+00:00,azure:pasqal:qpu:fresnel,OFFLINE,
2026-08-07T12:44:27+00:00,aws:ionq:qpu:forte-1,OFFLINE,
2026-08-07T12:44:27+00:00,aws:iqm:qpu:garnet,ONLINE,
2026-08-07T12:44:27+00:00,ibm:ibm:qpu:boston,ONLINE,
2026-08-07T12:44:27+00:00,aws:ionq:qpu:forte-enterprise-1,ONLINE,
2026-08-07T12:44:27+00:00,ibm:ibm:qpu:fez,ONLINE,
2026-08-07T12:44:27+00:00,azure:ionq:qpu:forte-enterprise-1,OFFLINE,
2026-08-07T12:44:27+00:00,rigetti:rigetti:qpu:cepheus-1-108q,ONLINE,
2026-08-07T12:44:27+00:00,aws:rigetti:qpu:cepheus-1-108q,ONLINE,
2026-08-07T12:44:27+00:00,openquantum:aqt:qpu:ibex-q1,ONLINE,
2026-08-07T12:44:27+00:00,openquantum:ionq:qpu:forte-1,ONLINE,
2026-08-07T12:44:27+00:00,openquantum:ionq:qpu:forte-enterprise,ONLINE,
2026-08-07T12:44:27+00:00,openquantum:iqm:qpu:emerald,ONLINE,
2026-08-07T12:44:27+00:00,openquantum:iqm:qpu:garnet,ONLINE,
2026-08-07T12:44:27+00:00,openquantum:rigetti:qpu:cepheus-1-108q,ONLINE,
2026-08-07T12:48:14+00:00,ibm:ibm:qpu:marrakesh,ONLINE,
2026-08-07T12:48:14+00:00,ibm:ibm:qpu:pittsburgh,ONLINE,
2026-08-07T12:48:14+00:00,aws:iqm:qpu:emerald,ONLINE,
2026-08-07T12:48:14+00:00,azure:ionq:qpu:forte-1,OFFLINE,
2026-08-07T12:48:14+00:00,ibm:ibm:qpu:kingston,ONLINE,
2026-08-07T12:48:14+00:00,ionq:ionq:qpu:forte-1,UNAVAILABLE,
2026-08-07T12:48:14+00:00,azure:rigetti:qpu:cepheus-1-36q,OFFLINE,
2026-08-07T12:48:14+00:00,ibm:ibm:qpu:miami,ONLINE,
2026-08-07T12:48:14+00:00,aws:aqt:qpu:ibex-q1,ONLINE,
2026-08-07T12:48:14+00:00,aws:quera:qpu:aquila,UNAVAILABLE,
2026-08-07T12:48:14+00:00,azure:pasqal:qpu:fresnel,OFFLINE,
2026-08-07T12:48:14+00:00,aws:ionq:qpu:forte-1,OFFLINE,
2026-08-07T12:48:14+00:00,aws:iqm:qpu:garnet,ONLINE,
2026-08-07T12:48:14+00:00,ibm:ibm:qpu:boston,ONLINE,
2026-08-07T12:48:14+00:00,aws:ionq:qpu:forte-enterprise-1,ONLINE,
2026-08-07T12:48:14+00:00,ibm:ibm:qpu:fez,ONLINE,
2026-08-07T12:48:14+00:00,azure:ionq:qpu:forte-enterprise-1,OFFLINE,
2026-08-07T12:48:14+00:00,rigetti:rigetti:qpu:cepheus-1-108q,ONLINE,
2026-08-07T12:48:14+00:00,aws:rigetti:qpu:cepheus-1-108q,ONLINE,
2026-08-07T12:48:14+00:00,openquantum:aqt:qpu:ibex-q1,ONLINE,
2026-08-07T12:48:14+00:00,openquantum:ionq:qpu:forte-1,ONLINE,
2026-08-07T12:48:14+00:00,openquantum:ionq:qpu:forte-enterprise,ONLINE,
2026-08-07T12:48:14+00:00,openquantum:iqm:qpu:emerald,ONLINE,
2026-08-07T12:48:14+00:00,openquantum:iqm:qpu:garnet,ONLINE,
2026-08-07T12:48:14+00:00,openquantum:rigetti:qpu:cepheus-1-108q,ONLINE,
2026-08-07T12:53:00+00:00,ibm:ibm:qpu:marrakesh,ONLINE,
2026-08-07T12:53:00+00:00,ibm:ibm:qpu:pittsburgh,ONLINE,
2026-08-07T12:53:00+00:00,aws:iqm:qpu:emerald,ONLINE,
2026-08-07T12:53:00+00:00,azure:ionq:qpu:forte-1,OFFLINE,
2026-08-07T12:53:00+00:00,ibm:ibm:qpu:kingston,ONLINE,
2026-08-07T12:53:00+00:00,ionq:ionq:qpu:forte-1,UNAVAILABLE,
2026-08-07T12:53:00+00:00,azure:rigetti:qpu:cepheus-1-36q,OFFLINE,
2026-08-07T12:53:00+00:00,ibm:ibm:qpu:miami,ONLINE,
2026-08-07T12:53:00+00:00,aws:aqt:qpu:ibex-q1,ONLINE,
2026-08-07T12:53:00+00:00,aws:quera:qpu:aquila,UNAVAILABLE,
2026-08-07T12:53:00+00:00,azure:pasqal:qpu:fresnel,OFFLINE,
2026-08-07T12:53:00+00:00,aws:ionq:qpu:forte-1,OFFLINE,
2026-08-07T12:53:00+00:00,aws:iqm:qpu:garnet,ONLINE,
2026-08-07T12:53:00+00:00,ibm:ibm:qpu:boston,ONLINE,
2026-08-07T12:53:00+00:00,aws:ionq:qpu:forte-enterprise-1,ONLINE,
2026-08-07T12:53:00+00:00,ibm:ibm:qpu:fez,ONLINE,
2026-08-07T12:53:00+00:00,azure:ionq:qpu:forte-enterprise-1,OFFLINE,
2026-08-07T12:53:00+00:00,rigetti:rigetti:qpu:cepheus-1-108q,ONLINE,
2026-08-07T12:53:00+00:00,aws:rigetti:qpu:cepheus-1-108q,ONLINE,
2026-08-07T12:53:00+00:00,openquantum:aqt:qpu:ibex-q1,ONLINE,
2026-08-07T12:53:00+00:00,openquantum:ionq:qpu:forte-1,ONLINE,
2026-08-07T12:53:00+00:00,openquantum:ionq:qpu:forte-enterprise,ONLINE,
2026-08-07T12:53:00+00:00,openquantum:iqm:qpu:emerald,ONLINE,
2026-08-07T12:53:00+00:00,openquantum:iqm:qpu:garnet,ONLINE,
2026-08-07T12:53:00+00:00,openquantum:rigetti:qpu:cepheus-1-108q,ONLINE,
2026-08-07T13:59:17+00:00,ibm:ibm:qpu:marrakesh,ONLINE,
2026-08-07T13:59:17+00:00,ibm:ibm:qpu:pittsburgh,ONLINE,
2026-08-07T13:59:17+00:00,aws:iqm:qpu:emerald,ONLINE,
2026-08-07T13:59:17+00:00,azure:ionq:qpu:forte-1,OFFLINE,
2026-08-07T13:59:17+00:00,ibm:ibm:qpu:kingston,ONLINE,
2026-08-07T13:59:17+00:00,ionq:ionq:qpu:forte-1,UNAVAILABLE,
2026-08-07T13:59:17+00:00,azure:rigetti:qpu:cepheus-1-36q,OFFLINE,
2026-08-07T13:59:17+00:00,ibm:ibm:qpu:miami,ONLINE,
2026-08-07T13:59:17+00:00,aws:aqt:qpu:ibex-q1,ONLINE,
2026-08-07T13:59:17+00:00,aws:quera:qpu:aquila,ONLINE,
2026-08-07T13:59:17+00:00,azure:pasqal:qpu:fresnel,OFFLINE,
2026-08-07T13:59:17+00:00,aws:ionq:qpu:forte-1,OFFLINE,
2026-08-07T13:59:17+00:00,aws:iqm:qpu:garnet,ONLINE,
2026-08-07T13:59:17+00:00,ibm:ibm:qpu:boston,ONLINE,
2026-08-07T13:59:17+00:00,aws:ionq:qpu:forte-enterprise-1,ONLINE,
2026-08-07T13:59:17+00:00,ibm:ibm:qpu:fez,ONLINE,
2026-08-07T13:59:17+00:00,azure:ionq:qpu:forte-enterprise-1,OFFLINE,
2026-08-07T13:59:17+00:00,rigetti:rigetti:qpu:cepheus-1-108q,ONLINE,
2026-08-07T13:59:17+00:00,aws:rigetti:qpu:cepheus-1-108q,ONLINE,
2026-08-07T13:59:17+00:00,openquantum:aqt:qpu:ibex-q1,ONLINE,
2026-08-07T13:59:17+00:00,openquantum:ionq:qpu:forte-1,ONLINE,
2026-08-07T13:59:17+00:00,openquantum:ionq:qpu:forte-enterprise,ONLINE,
2026-08-07T13:59:17+00:00,openquantum:iqm:qpu:emerald,ONLINE,
2026-08-07T13:59:17+00:00,openquantum:iqm:qpu:garnet,ONLINE,
2026-08-07T13:59:17+00:00,openquantum:rigetti:qpu:cepheus-1-108q,ONLINE,
2026-08-07T15:03:19+00:00,ibm:ibm:qpu:marrakesh,ONLINE,
2026-08-07T15:03:19+00:00,ibm:ibm:qpu:pittsburgh,ONLINE,
2026-08-07T15:03:19+00:00,aws:iqm:qpu:emerald,ONLINE,
2026-08-07T15:03:19+00:00,azure:ionq:qpu:forte-1,OFFLINE,
2026-08-07T15:03:19+00:00,ibm:ibm:qpu:kingston,ONLINE,
2026-08-07T15:03:19+00:00,ionq:ionq:qpu:forte-1,UNAVAILABLE,
2026-08-07T15:03:19+00:00,azure:rigetti:qpu:cepheus-1-36q,OFFLINE,
2026-08-07T15:03:19+00:00,ibm:ibm:qpu:miami,ONLINE,
2026-08-07T15:03:19+00:00,aws:aqt:qpu:ibex-q1,UNAVAILABLE,
2026-08-07T15:03:19+00:00,aws:quera:qpu:aquila,ONLINE,
2026-08-07T15:03:19+00:00,azure:pasqal:qpu:fresnel,OFFLINE,
2026-08-07T15:03:19+00:00,aws:ionq:qpu:forte-1,OFFLINE,
2026-08-07T15:03:19+00:00,aws:iqm:qpu:garnet,ONLINE,
2026-08-07T15:03:19+00:00,ibm:ibm:qpu:boston,ONLINE,
2026-08-07T15:03:19+00:00,aws:ionq:qpu:forte-enterprise-1,ONLINE,
2026-08-07T15:03:19+00:00,ibm:ibm:qpu:fez,ONLINE,
2026-08-07T15:03:19+00:00,azure:ionq:qpu:forte-enterprise-1,OFFLINE,
2026-08-07T15:03:19+00:00,rigetti:rigetti:qpu:cepheus-1-108q,ONLINE,
2026-08-07T15:03:19+00:00,aws:rigetti:qpu:cepheus-1-108q,ONLINE,
2026-08-07T15:03:19+00:00,openquantum:aqt:qpu:ibex-q1,ONLINE,
2026-08-07T15:03:19+00:00,openquantum:ionq:qpu:forte-1,ONLINE,
2026-08-07T15:03:19+00:00,openquantum:ionq:qpu:forte-enterprise,ONLINE,
2026-08-07T15:03:19+00:00,openquantum:iqm:qpu:emerald,ONLINE,
2026-08-07T15:03:19+00:00,openquantum:iqm:qpu:garnet,ONLINE,
2026-08-07T15:03:19+00:00,openquantum:rigetti:qpu:cepheus-1-108q,ONLINE,
2026-08-07T16:34:22+00:00,ibm:ibm:qpu:marrakesh,ONLINE,
2026-08-07T16:34:22+00:00,ibm:ibm:qpu:pittsburgh,ONLINE,
2026-08-07T16:34:22+00:00,aws:iqm:qpu:emerald,ONLINE,
2026-08-07T16:34:22+00:00,azure:ionq:qpu:forte-1,OFFLINE,
2026-08-07T16:34:22+00:00,ibm:ibm:qpu:kingston,ONLINE,
2026-08-07T16:34:22+00:00,ionq:ionq:qpu:forte-1,UNAVAILABLE,
2026-08-07T16:34:22+00:00,azure:rigetti:qpu:cepheus-1-36q,OFFLINE,
2026-08-07T16:34:22+00:00,ibm:ibm:qpu:miami,ONLINE,
2026-08-07T16:34:22+00:00,aws:aqt:qpu:ibex-q1,UNAVAILABLE,
2026-08-07T16:34:22+00:00,aws:quera:qpu:aquila,ONLINE,
2026-08-07T16:34:22+00:00,azure:pasqal:qpu:fresnel,OFFLINE,
2026-08-07T16:34:22+00:00,aws:ionq:qpu:forte-1,OFFLINE,
2026-08-07T16:34:22+00:00,aws:iqm:qpu:garnet,UNAVAILABLE,
2026-08-07T16:34:22+00:00,ibm:ibm:qpu:boston,ONLINE,
2026-08-07T16:34:22+00:00,aws:ionq:qpu:forte-enterprise-1,ONLINE,
2026-08-07T16:34:22+00:00,ibm:ibm:qpu:fez,ONLINE,
2026-08-07T16:34:22+00:00,azure:ionq:qpu:forte-enterprise-1,OFFLINE,
2026-08-07T16:34:22+00:00,rigetti:rigetti:qpu:cepheus-1-108q,ONLINE,
2026-08-07T16:34:22+00:00,aws:rigetti:qpu:cepheus-1-108q,ONLINE,
2026-08-07T16:34:22+00:00,openquantum:aqt:qpu:ibex-q1,ONLINE,
2026-08-07T16:34:22+00:00,openquantum:ionq:qpu:forte-1,ONLINE,
2026-08-07T16:34:22+00:00,openquantum:ionq:qpu:forte-enterprise,ONLINE,
2026-08-07T16:34:22+00:00,openquantum:iqm:qpu:emerald,ONLINE,
2026-08-07T16:34:22+00:00,openquantum:iqm:qpu:garnet,ONLINE,
2026-08-07T16:34:22+00:00,openquantum:rigetti:qpu:cepheus-1-108q,ONLINE,
2026-08-07T17:33:40+00:00,ibm:ibm:qpu:marrakesh,ONLINE,
2026-08-07T17:33:40+00:00,ibm:ibm:qpu:pittsburgh,ONLINE,
2026-08-07T17:33:40+00:00,aws:iqm:qpu:emerald,ONLINE,
2026-08-07T17:33:40+00:00,azure:ionq:qpu:forte-1,OFFLINE,
2026-08-07T17:33:40+00:00,ibm:ibm:qpu:kingston,ONLINE,
2026-08-07T17:33:40+00:00,ionq:ionq:qpu:forte-1,UNAVAILABLE,
2026-08-07T17:33:40+00:00,azure:rigetti:qpu:cepheus-1-36q,OFFLINE,
2026-08-07T17:33:40+00:00,ibm:ibm:qpu:miami,ONLINE,
2026-08-07T17:33:40+00:00,aws:aqt:qpu:ibex-q1,UNAVAILABLE,
2026-08-07T17:33:40+00:00,aws:quera:qpu:aquila,ONLINE,
2026-08-07T17:33:40+00:00,azure:pasqal:qpu:fresnel,OFFLINE,
2026-08-07T17:33:40+00:00,aws:ionq:qpu:forte-1,OFFLINE,
2026-08-07T17:33:40+00:00,aws:iqm:qpu:garnet,ONLINE,
2026-08-07T17:33:40+00:00,ibm:ibm:qpu:boston,ONLINE,
2026-08-07T17:33:40+00:00,aws:ionq:qpu:forte-enterprise-1,ONLINE,
2026-08-07T17:33:40+00:00,ibm:ibm:qpu:fez,ONLINE,
2026-08-07T17:33:40+00:00,azure:ionq:qpu:forte-enterprise-1,OFFLINE,
2026-08-07T17:33:40+00:00,rigetti:rigetti:qpu:cepheus-1-108q,ONLINE,
2026-08-07T17:33:40+00:00,aws:rigetti:qpu:cepheus-1-108q,ONLINE,
2026-08-07T17:33:40+00:00,openquantum:aqt:qpu:ibex-q1,ONLINE,
2026-08-07T17:33:40+00:00,openquantum:ionq:qpu:forte-1,ONLINE,
2026-08-07T17:33:40+00:00,openquantum:ionq:qpu:forte-enterprise,ONLINE,
2026-08-07T17:33:40+00:00,openquantum:iqm:qpu:emerald,ONLINE,
2026-08-07T17:33:40+00:00,openquantum:iqm:qpu:garnet,ONLINE,
2026-08-07T17:33:40+00:00,openquantum:rigetti:qpu:cepheus-1-108q,ONLINE,
2026-08-07T18:30:23+00:00,ibm:ibm:qpu:marrakesh,ONLINE,
2026-08-07T18:30:23+00:00,ibm:ibm:qpu:pittsburgh,ONLINE,
2026-08-07T18:30:23+00:00,aws:iqm:qpu:emerald,ONLINE,
2026-08-07T18:30:23+00:00,azure:ionq:qpu:forte-1,OFFLINE,
2026-08-07T18:30:23+00:00,ibm:ibm:qpu:kingston,ONLINE,
2026-08-07T18:30:23+00:00,ionq:ionq:qpu:forte-1,UNAVAILABLE,
2026-08-07T18:30:23+00:00,azure:rigetti:qpu:cepheus-1-36q,OFFLINE,
2026-08-07T18:30:23+00:00,ibm:ibm:qpu:miami,ONLINE,
2026-08-07T18:30:23+00:00,aws:aqt:qpu:ibex-q1,UNAVAILABLE,
2026-08-07T18:30:23+00:00,aws:quera:qpu:aquila,ONLINE,
2026-08-07T18:30:23+00:00,azure:pasqal:qpu:fresnel,OFFLINE,
2026-08-07T18:30:23+00:00,aws:ionq:qpu:forte-1,OFFLINE,
2026-08-07T18:30:23+00:00,aws:iqm:qpu:garnet,ONLINE,
2026-08-07T18:30:23+00:00,ibm:ibm:qpu:boston,ONLINE,
2026-08-07T18:30:23+00:00,aws:ionq:qpu:forte-enterprise-1,ONLINE,
2026-08-07T18:30:23+00:00,ibm:ibm:qpu:fez,ONLINE,
2026-08-07T18:30:23+00:00,azure:ionq:qpu:forte-enterprise-1,OFFLINE,
2026-08-07T18:30:23+00:00,rigetti:rigetti:qpu:cepheus-1-108q,ONLINE,
2026-08-07T18:30:23+00:00,aws:rigetti:qpu:cepheus-1-108q,ONLINE,
2026-08-07T18:30:23+00:00,openquantum:aqt:qpu:ibex-q1,ONLINE,
2026-08-07T18:30:23+00:00,openquantum:ionq:qpu:forte-1,ONLINE,
2026-08-07T18:30:23+00:00,openquantum:ionq:qpu:forte-enterprise,ONLINE,
2026-08-07T18:30:23+00:00,openquantum:iqm:qpu:emerald,ONLINE,
2026-08-07T18:30:23+00:00,openquantum:iqm:qpu:garnet,ONLINE,
2026-08-07T18:30:23+00:00,openquantum:rigetti:qpu:cepheus-1-108q,ONLINE,
2026-08-07T19:38:54+00:00,ibm:ibm:qpu:marrakesh,ONLINE,
2026-08-07T19:38:54+00:00,ibm:ibm:qpu:pittsburgh,ONLINE,
2026-08-07T19:38:54+00:00,aws:iqm:qpu:emerald,ONLINE,
2026-08-07T19:38:54+00:00,azure:ionq:qpu:forte-1,OFFLINE,
2026-08-07T19:38:54+00:00,ibm:ibm:qpu:kingston,ONLINE,
2026-08-07T19:38:54+00:00,ionq:ionq:qpu:forte-1,UNAVAILABLE,
2026-08-07T19:38:54+00:00,azure:rigetti:qpu:cepheus-1-36q,OFFLINE,
2026-08-07T19:38:54+00:00,ibm:ibm:qpu:miami,ONLINE,
2026-08-07T19:38:54+00:00,aws:aqt:qpu:ibex-q1,UNAVAILABLE,
2026-08-07T19:38:54+00:00,aws:quera:qpu:aquila,ONLINE,
2026-08-07T19:38:54+00:00,azure:pasqal:qpu:fresnel,OFFLINE,
2026-08-07T19:38:54+00:00,aws:ionq:qpu:forte-1,OFFLINE,
2026-08-07T19:38:54+00:00,aws:iqm:qpu:garnet,ONLINE,
2026-08-07T19:38:54+00:00,ibm:ibm:qpu:boston,ONLINE,
2026-08-07T19:38:54+00:00,aws:ionq:qpu:forte-enterprise-1,ONLINE,
2026-08-07T19:38:54+00:00,ibm:ibm:qpu:fez,ONLINE,
2026-08-07T19:38:54+00:00,azure:ionq:qpu:forte-enterprise-1,OFFLINE,
2026-08-07T19:38:54+00:00,rigetti:rigetti:qpu:cepheus-1-108q,ONLINE,
2026-08-07T19:38:54+00:00,aws:rigetti:qpu:cepheus-1-108q,UNAVAILABLE,
2026-08-07T19:38:54+00:00,openquantum:aqt:qpu:ibex-q1,ONLINE,
2026-08-07T19:38:54+00:00,openquantum:ionq:qpu:forte-1,ONLINE,
2026-08-07T19:38:54+00:00,openquantum:ionq:qpu:forte-enterprise,ONLINE,
2026-08-07T19:38:54+00:00,openquantum:iqm:qpu:emerald,ONLINE,
2026-08-07T19:38:54+00:00,openquantum:iqm:qpu:garnet,ONLINE,
2026-08-07T19:38:54+00:00,openquantum:rigetti:qpu:cepheus-1-108q,ONLINE,
2026-08-07T20:22:15+00:00,ibm:ibm:qpu:marrakesh,ONLINE,
2026-08-07T20:22:15+00:00,ibm:ibm:qpu:pittsburgh,ONLINE,
2026-08-07T20:22:15+00:00,aws:iqm:qpu:emerald,ONLINE,
2026-08-07T20:22:15+00:00,azure:ionq:qpu:forte-1,OFFLINE,
2026-08-07T20:22:15+00:00,ibm:ibm:qpu:kingston,ONLINE,
2026-08-07T20:22:15+00:00,ionq:ionq:qpu:forte-1,UNAVAILABLE,
2026-08-07T20:22:15+00:00,azure:rigetti:qpu:cepheus-1-36q,OFFLINE,
2026-08-07T20:22:15+00:00,ibm:ibm:qpu:miami,ONLINE,
2026-08-07T20:22:15+00:00,aws:aqt:qpu:ibex-q1,UNAVAILABLE,
2026-08-07T20:22:15+00:00,aws:quera:qpu:aquila,ONLINE,
2026-08-07T20:22:15+00:00,azure:pasqal:qpu:fresnel,OFFLINE,
2026-08-07T20:22:15+00:00,aws:ionq:qpu:forte-1,OFFLINE,
2026-08-07T20:22:15+00:00,aws:iqm:qpu:garnet,ONLINE,
2026-08-07T20:22:15+00:00,ibm:ibm:qpu:boston,ONLINE,
2026-08-07T20:22:15+00:00,aws:ionq:qpu:forte-enterprise-1,ONLINE,
2026-08-07T20:22:15+00:00,ibm:ibm:qpu:fez,ONLINE,
2026-08-07T20:22:15+00:00,azure:ionq:qpu:forte-enterprise-1,OFFLINE,
2026-08-07T20:22:15+00:00,rigetti:rigetti:qpu:cepheus-1-108q,ONLINE,
2026-08-07T20:22:15+00:00,aws:rigetti:qpu:cepheus-1-108q,UNAVAILABLE,
2026-08-07T20:22:15+00:00,openquantum:aqt:qpu:ibex-q1,ONLINE,
2026-08-07T20:22:15+00:00,openquantum:ionq:qpu:forte-1,ONLINE,
2026-08-07T20:22:15+00:00,openquantum:ionq:qpu:forte-enterprise,ONLINE,
2026-08-07T20:22:15+00:00,openquantum:iqm:qpu:emerald,ONLINE,
2026-08-07T20:22:15+00:00,openquantum:iqm:qpu:garnet,ONLINE,
2026-08-07T20:22:15+00:00,openquantum:rigetti:qpu:cepheus-1-108q,ONLINE,
2026-08-07T21:21:58+00:00,ibm:ibm:qpu:marrakesh,ONLINE,
2026-08-07T21:21:58+00:00,ibm:ibm:qpu:pittsburgh,ONLINE,
2026-08-07T21:21:58+00:00,aws:iqm:qpu:emerald,ONLINE,
2026-08-07T21:21:58+00:00,azure:ionq:qpu:forte-1,OFFLINE,
2026-08-07T21:21:58+00:00,ibm:ibm:qpu:kingston,ONLINE,
2026-08-07T21:21:58+00:00,ionq:ionq:qpu:forte-1,UNAVAILABLE,
2026-08-07T21:21:58+00:00,azure:rigetti:qpu:cepheus-1-36q,OFFLINE,
2026-08-07T21:21:58+00:00,ibm:ibm:qpu:miami,ONLINE,
2026-08-07T21:21:58+00:00,aws:aqt:qpu:ibex-q1,UNAVAILABLE,
2026-08-07T21:21:58+00:00,aws:quera:qpu:aquila,ONLINE,
2026-08-07T21:21:58+00:00,azure:pasqal:qpu:fresnel,OFFLINE,
2026-08-07T21:21:58+00:00,aws:ionq:qpu:forte-1,OFFLINE,
2026-08-07T21:21:58+00:00,aws:iqm:qpu:garnet,ONLINE,
2026-08-07T21:21:58+00:00,ibm:ibm:qpu:boston,ONLINE,
2026-08-07T21:21:58+00:00,aws:ionq:qpu:forte-enterprise-1,ONLINE,
2026-08-07T21:21:58+00:00,ibm:ibm:qpu:fez,ONLINE,
2026-08-07T21:21:58+00:00,azure:ionq:qpu:forte-enterprise-1,OFFLINE,
2026-08-07T21:21:58+00:00,rigetti:rigetti:qpu:cepheus-1-108q,ONLINE,
2026-08-07T21:21:58+00:00,aws:rigetti:qpu:cepheus-1-108q,ONLINE,
2026-08-07T21:21:58+00:00,openquantum:aqt:qpu:ibex-q1,ONLINE,
2026-08-07T21:21:58+00:00,openquantum:ionq:qpu:forte-1,ONLINE,
2026-08-07T21:21:58+00:00,openquantum:ionq:qpu:forte-enterprise,ONLINE,
2026-08-07T21:21:58+00:00,openquantum:iqm:qpu:emerald,ONLINE,
2026-08-07T21:21:58+00:00,openquantum:iqm:qpu:garnet,ONLINE,
2026-08-07T21:21:58+00:00,openquantum:rigetti:qpu:cepheus-1-108q,ONLINE,
2026-08-07T22:17:59+00:00,ibm:ibm:qpu:marrakesh,ONLINE,
2026-08-07T22:17:59+00:00,ibm:ibm:qpu:pittsburgh,ONLINE,
2026-08-07T22:17:59+00:00,aws:iqm:qpu:emerald,ONLINE,
2026-08-07T22:17:59+00:00,azure:ionq:qpu:forte-1,OFFLINE,
2026-08-07T22:17:59+00:00,ibm:ibm:qpu:kingston,ONLINE,
2026-08-07T22:17:59+00:00,ionq:ionq:qpu:forte-1,UNAVAILABLE,
2026-08-07T22:17:59+00:00,azure:rigetti:qpu:cepheus-1-36q,OFFLINE,
2026-08-07T22:17:59+00:00,ibm:ibm:qpu:miami,ONLINE,
2026-08-07T22:17:59+00:00,aws:aqt:qpu:ibex-q1,UNAVAILABLE,
2026-08-07T22:17:59+00:00,aws:quera:qpu:aquila,ONLINE,
2026-08-07T22:17:59+00:00,azure:pasqal:qpu:fresnel,OFFLINE,
2026-08-07T22:17:59+00:00,aws:ionq:qpu:forte-1,OFFLINE,
2026-08-07T22:17:59+00:00,aws:iqm:qpu:garnet,ONLINE,
2026-08-07T22:17:59+00:00,ibm:ibm:qpu:boston,ONLINE,
2026-08-07T22:17:59+00:00,aws:ionq:qpu:forte-enterprise-1,ONLINE,
2026-08-07T22:17:59+00:00,ibm:ibm:qpu:fez,ONLINE,
2026-08-07T22:17:59+00:00,azure:ionq:qpu:forte-enterprise-1,OFFLINE,
2026-08-07T22:17:59+00:00,rigetti:rigetti:qpu:cepheus-1-108q,ONLINE,
2026-08-07T22:17:59+00:00,aws:rigetti:qpu:cepheus-1-108q,ONLINE,
2026-08-07T22:17:59+00:00,openquantum:aqt:qpu:ibex-q1,ONLINE,
2026-08-07T22:17:59+00:00,openquantum:ionq:qpu:forte-1,ONLINE,
2026-08-07T22:17:59+00:00,openquantum:ionq:qpu:forte-enterprise,ONLINE,
2026-08-07T22:17:59+00:00,openquantum:iqm:qpu:emerald,ONLINE,
2026-08-07T22:17:59+00:00,openquantum:iqm:qpu:garnet,ONLINE,
2026-08-07T22:17:59+00:00,openquantum:rigetti:qpu:cepheus-1-108q,ONLINE,
2026-08-07T23:17:41+00:00,ibm:ibm:qpu:marrakesh,ONLINE,
2026-08-07T23:17:41+00:00,ibm:ibm:qpu:pittsburgh,ONLINE,
2026-08-07T23:17:41+00:00,aws:iqm:qpu:emerald,ONLINE,
2026-08-07T23:17:41+00:00,azure:ionq:qpu:forte-1,OFFLINE,
2026-08-07T23:17:41+00:00,ibm:ibm:qpu:kingston,ONLINE,
2026-08-07T23:17:41+00:00,ionq:ionq:qpu:forte-1,ONLINE,
2026-08-07T23:17:41+00:00,azure:rigetti:qpu:cepheus-1-36q,OFFLINE,
2026-08-07T23:17:41+00:00,ibm:ibm:qpu:miami,ONLINE,
2026-08-07T23:17:41+00:00,aws:aqt:qpu:ibex-q1,UNAVAILABLE,
2026-08-07T23:17:41+00:00,aws:quera:qpu:aquila,ONLINE,
2026-08-07T23:17:41+00:00,azure:pasqal:qpu:fresnel,OFFLINE,
2026-08-07T23:17:41+00:00,aws:ionq:qpu:forte-1,OFFLINE,
2026-08-07T23:17:41+00:00,aws:iqm:qpu:garnet,ONLINE,
2026-08-07T23:17:41+00:00,ibm:ibm:qpu:boston,ONLINE,
2026-08-07T23:17:41+00:00,aws:ionq:qpu:forte-enterprise-1,ONLINE,
2026-08-07T23:17:41+00:00,ibm:ibm:qpu:fez,ONLINE,
2026-08-07T23:17:41+00:00,azure:ionq:qpu:forte-enterprise-1,OFFLINE,
2026-08-07T23:17:41+00:00,rigetti:rigetti:qpu:cepheus-1-108q,ONLINE,
2026-08-07T23:17:41+00:00,aws:rigetti:qpu:cepheus-1-108q,ONLINE,
2026-08-07T23:17:41+00:00,openquantum:aqt:qpu:ibex-q1,ONLINE,
2026-08-07T23:17:41+00:00,openquantum:ionq:qpu:forte-1,ONLINE,
2026-08-07T23:17:41+00:00,openquantum:ionq:qpu:forte-enterprise,ONLINE,
2026-08-07T23:17:41+00:00,openquantum:iqm:qpu:emerald,ONLINE,
2026-08-07T23:17:41+00:00,openquantum:iqm:qpu:garnet,ONLINE,
2026-08-07T23:17:41+00:00,openquantum:rigetti:qpu:cepheus-1-108q,ONLINE,
2026-08-08T00:05:30+00:00,ibm:ibm:qpu:marrakesh,ONLINE,
2026-08-08T00:05:30+00:00,ibm:ibm:qpu:pittsburgh,ONLINE,
2026-08-08T00:05:30+00:00,aws:iqm:qpu:emerald,UNAVAILABLE,
2026-08-08T00:05:30+00:00,azure:ionq:qpu:forte-1,OFFLINE,
2026-08-08T00:05:30+00:00,ibm:ibm:qpu:kingston,ONLINE,
2026-08-08T00:05:30+00:00,ionq:ionq:qpu:forte-1,ONLINE,
2026-08-08T00:05:30+00:00,azure:rigetti:qpu:cepheus-1-36q,OFFLINE,
2026-08-08T00:05:30+00:00,ibm:ibm:qpu:miami,ONLINE,
2026-08-08T00:05:30+00:00,aws:aqt:qpu:ibex-q1,UNAVAILABLE,
2026-08-08T00:05:30+00:00,aws:quera:qpu:aquila,UNAVAILABLE,
2026-08-08T00:05:30+00:00,azure:pasqal:qpu:fresnel,OFFLINE,
2026-08-08T00:05:30+00:00,aws:ionq:qpu:forte-1,OFFLINE,
2026-08-08T00:05:30+00:00,aws:iqm:qpu:garnet,UNAVAILABLE,
2026-08-08T00:05:30+00:00,ibm:ibm:qpu:boston,ONLINE,
2026-08-08T00:05:30+00:00,aws:ionq:qpu:forte-enterprise-1,ONLINE,
2026-08-08T00:05:30+00:00,ibm:ibm:qpu:fez,ONLINE,
2026-08-08T00:05:30+00:00,azure:ionq:qpu:forte-enterprise-1,OFFLINE,
2026-08-08T00:05:30+00:00,rigetti:rigetti:qpu:cepheus-1-108q,ONLINE,
2026-08-08T00:05:30+00:00,aws:rigetti:qpu:cepheus-1-108q,ONLINE,
2026-08-08T00:05:30+00:00,openquantum:aqt:qpu:ibex-q1,ONLINE,
2026-08-08T00:05:30+00:00,openquantum:ionq:qpu:forte-1,ONLINE,
2026-08-08T00:05:30+00:00,openquantum:ionq:qpu:forte-enterprise,ONLINE,
2026-08-08T00:05:30+00:00,openquantum:iqm:qpu:emerald,ONLINE,
2026-08-08T00:05:30+00:00,openquantum:iqm:qpu:garnet,ONLINE,
2026-08-08T00:05:30+00:00,openquantum:rigetti:qpu:cepheus-1-108q,ONLINE,
2026-08-08T02:34:52+00:00,ibm:ibm:qpu:marrakesh,ONLINE,
2026-08-08T02:34:52+00:00,ibm:ibm:qpu:pittsburgh,ONLINE,
2026-08-08T02:34:52+00:00,aws:iqm:qpu:emerald,UNAVAILABLE,
2026-08-08T02:34:52+00:00,azure:ionq:qpu:forte-1,OFFLINE,
2026-08-08T02:34:52+00:00,ibm:ibm:qpu:kingston,ONLINE,
2026-08-08T02:34:52+00:00,ionq:ionq:qpu:forte-1,ONLINE,
2026-08-08T02:34:52+00:00,azure:rigetti:qpu:cepheus-1-36q,OFFLINE,
2026-08-08T02:34:52+00:00,ibm:ibm:qpu:miami,ONLINE,
2026-08-08T02:34:52+00:00,aws:aqt:qpu:ibex-q1,UNAVAILABLE,
2026-08-08T02:34:52+00:00,aws:quera:qpu:aquila,ONLINE,
2026-08-08T02:34:52+00:00,azure:pasqal:qpu:fresnel,OFFLINE,
2026-08-08T02:34:52+00:00,aws:ionq:qpu:forte-1,ONLINE,
2026-08-08T02:34:52+00:00,aws:iqm:qpu:garnet,UNAVAILABLE,
2026-08-08T02:34:52+00:00,ibm:ibm:qpu:boston,ONLINE,
2026-08-08T02:34:52+00:00,aws:ionq:qpu:forte-enterprise-1,ONLINE,
2026-08-08T02:34:52+00:00,ibm:ibm:qpu:fez,ONLINE,
2026-08-08T02:34:52+00:00,azure:ionq:qpu:forte-enterprise-1,OFFLINE,
2026-08-08T02:34:52+00:00,rigetti:rigetti:qpu:cepheus-1-108q,ONLINE,
2026-08-08T02:34:52+00:00,aws:rigetti:qpu:cepheus-1-108q,ONLINE,
2026-08-08T02:34:52+00:00,openquantum:aqt:qpu:ibex-q1,ONLINE,
2026-08-08T02:34:52+00:00,openquantum:ionq:qpu:forte-1,ONLINE,
2026-08-08T02:34:52+00:00,openquantum:ionq:qpu:forte-enterprise,ONLINE,
2026-08-08T02:34:52+00:00,openquantum:iqm:qpu:emerald,ONLINE,
2026-08-08T02:34:52+00:00,openquantum:iqm:qpu:garnet,ONLINE,
2026-08-08T02:34:52+00:00,openquantum:rigetti:qpu:cepheus-1-108q,ONLINE,
2026-08-08T03:57:42+00:00,ibm:ibm:qpu:marrakesh,ONLINE,
2026-08-08T03:57:42+00:00,ibm:ibm:qpu:pittsburgh,ONLINE,
2026-08-08T03:57:42+00:00,aws:iqm:qpu:emerald,UNAVAILABLE,
2026-08-08T03:57:42+00:00,azure:ionq:qpu:forte-1,OFFLINE,
2026-08-08T03:57:42+00:00,ibm:ibm:qpu:kingston,ONLINE,
2026-08-08T03:57:42+00:00,ionq:ionq:qpu:forte-1,ONLINE,
2026-08-08T03:57:42+00:00,azure:rigetti:qpu:cepheus-1-36q,OFFLINE,
2026-08-08T03:57:42+00:00,ibm:ibm:qpu:miami,ONLINE,
2026-08-08T03:57:42+00:00,aws:aqt:qpu:ibex-q1,UNAVAILABLE,
2026-08-08T03:57:42+00:00,aws:quera:qpu:aquila,ONLINE,
2026-08-08T03:57:42+00:00,azure:pasqal:qpu:fresnel,OFFLINE,
2026-08-08T03:57:42+00:00,aws:ionq:qpu:forte-1,ONLINE,
2026-08-08T03:57:42+00:00,aws:iqm:qpu:garnet,UNAVAILABLE,
2026-08-08T03:57:42+00:00,ibm:ibm:qpu:boston,ONLINE,
2026-08-08T03:57:42+00:00,aws:ionq:qpu:forte-enterprise-1,ONLINE,
2026-08-08T03:57:42+00:00,ibm:ibm:qpu:fez,ONLINE,
2026-08-08T03:57:42+00:00,azure:ionq:qpu:forte-enterprise-1,OFFLINE,
2026-08-08T03:57:42+00:00,rigetti:rigetti:qpu:cepheus-1-108q,ONLINE,
2026-08-08T03:57:42+00:00,aws:rigetti:qpu:cepheus-1-108q,ONLINE,
2026-08-08T03:57:42+00:00,openquantum:aqt:qpu:ibex-q1,ONLINE,
2026-08-08T03:57:42+00:00,openquantum:ionq:qpu:forte-1,ONLINE,
2026-08-08T03:57:42+00:00,openquantum:ionq:qpu:forte-enterprise,ONLINE,
2026-08-08T03:57:42+00:00,openquantum:iqm:qpu:emerald,ONLINE,
2026-08-08T03:57:42+00:00,openquantum:iqm:qpu:garnet,ONLINE,
2026-08-08T03:57:42+00:00,openquantum:rigetti:qpu:cepheus-1-108q,ONLINE,
2026-08-08T05:04:35+00:00,ibm:ibm:qpu:marrakesh,ONLINE,
2026-08-08T05:04:35+00:00,ibm:ibm:qpu:pittsburgh,ONLINE,
2026-08-08T05:04:35+00:00,aws:iqm:qpu:emerald,UNAVAILABLE,
2026-08-08T05:04:35+00:00,azure:ionq:qpu:forte-1,OFFLINE,
2026-08-08T05:04:35+00:00,ibm:ibm:qpu:kingston,ONLINE,
2026-08-08T05:04:35+00:00,ionq:ionq:qpu:forte-1,ONLINE,
2026-08-08T05:04:35+00:00,azure:rigetti:qpu:cepheus-1-36q,OFFLINE,
2026-08-08T05:04:35+00:00,ibm:ibm:qpu:miami,ONLINE,
2026-08-08T05:04:35+00:00,aws:aqt:qpu:ibex-q1,UNAVAILABLE,
2026-08-08T05:04:35+00:00,aws:quera:qpu:aquila,ONLINE,
2026-08-08T05:04:35+00:00,azure:pasqal:qpu:fresnel,OFFLINE,
2026-08-08T05:04:35+00:00,aws:ionq:qpu:forte-1,ONLINE,
2026-08-08T05:04:35+00:00,aws:iqm:qpu:garnet,UNAVAILABLE,
2026-08-08T05:04:35+00:00,ibm:ibm:qpu:boston,ONLINE,
2026-08-08T05:04:35+00:00,aws:ionq:qpu:forte-enterprise-1,ONLINE,
2026-08-08T05:04:35+00:00,ibm:ibm:qpu:fez,ONLINE,
2026-08-08T05:04:35+00:00,azure:ionq:qpu:forte-enterprise-1,OFFLINE,
2026-08-08T05:04:35+00:00,rigetti:rigetti:qpu:cepheus-1-108q,ONLINE,
2026-08-08T05:04:35+00:00,aws:rigetti:qpu:cepheus-1-108q,ONLINE,
2026-08-08T05:04:35+00:00,openquantum:aqt:qpu:ibex-q1,ONLINE,
2026-08-08T05:04:35+00:00,openquantum:ionq:qpu:forte-1,ONLINE,
2026-08-08T05:04:35+00:00,openquantum:ionq:qpu:forte-enterprise,ONLINE,
2026-08-08T05:04:35+00:00,openquantum:iqm:qpu:emerald,ONLINE,
2026-08-08T05:04:35+00:00,openquantum:iqm:qpu:garnet,ONLINE,
2026-08-08T05:04:35+00:00,openquantum:rigetti:qpu:cepheus-1-108q,ONLINE,
2026-08-08T06:25:24+00:00,ibm:ibm:qpu:marrakesh,ONLINE,
2026-08-08T06:25:24+00:00,ibm:ibm:qpu:pittsburgh,ONLINE,
2026-08-08T06:25:24+00:00,aws:iqm:qpu:emerald,UNAVAILABLE,
2026-08-08T06:25:24+00:00,azure:ionq:qpu:forte-1,OFFLINE,
2026-08-08T06:25:24+00:00,ibm:ibm:qpu:kingston,ONLINE,
2026-08-08T06:25:24+00:00,ionq:ionq:qpu:forte-1,ONLINE,
2026-08-08T06:25:24+00:00,azure:rigetti:qpu:cepheus-1-36q,OFFLINE,
2026-08-08T06:25:24+00:00,ibm:ibm:qpu:miami,ONLINE,
2026-08-08T06:25:24+00:00,aws:aqt:qpu:ibex-q1,UNAVAILABLE,
2026-08-08T06:25:24+00:00,aws:quera:qpu:aquila,ONLINE,
2026-08-08T06:25:24+00:00,azure:pasqal:qpu:fresnel,OFFLINE,
2026-08-08T06:25:24+00:00,aws:ionq:qpu:forte-1,ONLINE,
2026-08-08T06:25:24+00:00,aws:iqm:qpu:garnet,UNAVAILABLE,
2026-08-08T06:25:24+00:00,ibm:ibm:qpu:boston,ONLINE,
2026-08-08T06:25:24+00:00,aws:ionq:qpu:forte-enterprise-1,ONLINE,
2026-08-08T06:25:24+00:00,ibm:ibm:qpu:fez,ONLINE,
2026-08-08T06:25:24+00:00,azure:ionq:qpu:forte-enterprise-1,OFFLINE,
2026-08-08T06:25:24+00:00,rigetti:rigetti:qpu:cepheus-1-108q,ONLINE,
2026-08-08T06:25:24+00:00,aws:rigetti:qpu:cepheus-1-108q,ONLINE,
2026-08-08T06:25:24+00:00,openquantum:aqt:qpu:ibex-q1,ONLINE,
2026-08-08T06:25:24+00:00,openquantum:ionq:qpu:forte-1,ONLINE,
2026-08-08T06:25:24+00:00,openquantum:ionq:qpu:forte-enterprise,ONLINE,
2026-08-08T06:25:24+00:00,openquantum:iqm:qpu:emerald,ONLINE,
2026-08-08T06:25:24+00:00,openquantum:iqm:qpu:garnet,ONLINE,
2026-08-08T06:25:24+00:00,openquantum:rigetti:qpu:cepheus-1-108q,ONLINE,
2026-08-08T07:35:39+00:00,ibm:ibm:qpu:marrakesh,ONLINE,
2026-08-08T07:35:39+00:00,ibm:ibm:qpu:pittsburgh,ONLINE,
2026-08-08T07:35:39+00:00,aws:iqm:qpu:emerald,UNAVAILABLE,
2026-08-08T07:35:39+00:00,azure:ionq:qpu:forte-1,OFFLINE,
2026-08-08T07:35:39+00:00,ibm:ibm:qpu:kingston,ONLINE,
2026-08-08T07:35:39+00:00,ionq:ionq:qpu:forte-1,ONLINE,
2026-08-08T07:35:39+00:00,azure:rigetti:qpu:cepheus-1-36q,OFFLINE,
2026-08-08T07:35:39+00:00,ibm:ibm:qpu:miami,ONLINE,
2026-08-08T07:35:39+00:00,aws:aqt:qpu:ibex-q1,UNAVAILABLE,
2026-08-08T07:35:39+00:00,aws:quera:qpu:aquila,ONLINE,
2026-08-08T07:35:39+00:00,azure:pasqal:qpu:fresnel,OFFLINE,
2026-08-08T07:35:39+00:00,aws:ionq:qpu:forte-1,ONLINE,
2026-08-08T07:35:39+00:00,aws:iqm:qpu:garnet,UNAVAILABLE,
2026-08-08T07:35:39+00:00,ibm:ibm:qpu:boston,ONLINE,
2026-08-08T07:35:39+00:00,aws:ionq:qpu:forte-enterprise-1,ONLINE,
2026-08-08T07:35:39+00:00,ibm:ibm:qpu:fez,ONLINE,
2026-08-08T07:35:39+00:00,azure:ionq:qpu:forte-enterprise-1,OFFLINE,
2026-08-08T07:35:39+00:00,rigetti:rigetti:qpu:cepheus-1-108q,ONLINE,
2026-08-08T07:35:39+00:00,aws:rigetti:qpu:cepheus-1-108q,UNAVAILABLE,
2026-08-08T07:35:39+00:00,openquantum:aqt:qpu:ibex-q1,ONLINE,
2026-08-08T07:35:39+00:00,openquantum:ionq:qpu:forte-1,ONLINE,
2026-08-08T07:35:39+00:00,openquantum:ionq:qpu:forte-enterprise,ONLINE,
2026-08-08T07:35:39+00:00,openquantum:iqm:qpu:emerald,ONLINE,
2026-08-08T07:35:39+00:00,openquantum:iqm:qpu:garnet,ONLINE,
2026-08-08T07:35:39+00:00,openquantum:rigetti:qpu:cepheus-1-108q,ONLINE,
2026-08-08T08:21:42+00:00,ibm:ibm:qpu:marrakesh,ONLINE,
2026-08-08T08:21:42+00:00,ibm:ibm:qpu:pittsburgh,ONLINE,
2026-08-08T08:21:42+00:00,aws:iqm:qpu:emerald,UNAVAILABLE,
2026-08-08T08:21:42+00:00,azure:ionq:qpu:forte-1,OFFLINE,
2026-08-08T08:21:42+00:00,ibm:ibm:qpu:kingston,ONLINE,
2026-08-08T08:21:42+00:00,ionq:ionq:qpu:forte-1,ONLINE,
2026-08-08T08:21:42+00:00,azure:rigetti:qpu:cepheus-1-36q,OFFLINE,
2026-08-08T08:21:42+00:00,ibm:ibm:qpu:miami,ONLINE,
2026-08-08T08:21:42+00:00,aws:aqt:qpu:ibex-q1,UNAVAILABLE,
2026-08-08T08:21:42+00:00,aws:quera:qpu:aquila,ONLINE,
2026-08-08T08:21:42+00:00,azure:pasqal:qpu:fresnel,OFFLINE,
2026-08-08T08:21:42+00:00,aws:ionq:qpu:forte-1,ONLINE,
2026-08-08T08:21:42+00:00,aws:iqm:qpu:garnet,UNAVAILABLE,
2026-08-08T08:21:42+00:00,ibm:ibm:qpu:boston,ONLINE,
2026-08-08T08:21:42+00:00,aws:ionq:qpu:forte-enterprise-1,ONLINE,
2026-08-08T08:21:42+00:00,ibm:ibm:qpu:fez,ONLINE,
2026-08-08T08:21:42+00:00,azure:ionq:qpu:forte-enterprise-1,OFFLINE,
2026-08-08T08:21:42+00:00,rigetti:rigetti:qpu:cepheus-1-108q,ONLINE,
2026-08-08T08:21:42+00:00,aws:rigetti:qpu:cepheus-1-108q,UNAVAILABLE,
2026-08-08T08:21:42+00:00,openquantum:aqt:qpu:ibex-q1,ONLINE,
2026-08-08T08:21:42+00:00,openquantum:ionq:qpu:forte-1,ONLINE,
2026-08-08T08:21:42+00:00,openquantum:ionq:qpu:forte-enterprise,ONLINE,
2026-08-08T08:21:42+00:00,openquantum:iqm:qpu:emerald,ONLINE,
2026-08-08T08:21:42+00:00,openquantum:iqm:qpu:garnet,ONLINE,
2026-08-08T08:21:42+00:00,openquantum:rigetti:qpu:cepheus-1-108q,ONLINE,
2026-08-08T09:21:50+00:00,ibm:ibm:qpu:marrakesh,ONLINE,
2026-08-08T09:21:50+00:00,ibm:ibm:qpu:pittsburgh,ONLINE,
2026-08-08T09:21:50+00:00,aws:iqm:qpu:emerald,UNAVAILABLE,
2026-08-08T09:21:50+00:00,azure:ionq:qpu:forte-1,OFFLINE,
2026-08-08T09:21:50+00:00,ibm:ibm:qpu:kingston,ONLINE,
2026-08-08T09:21:50+00:00,ionq:ionq:qpu:forte-1,ONLINE,
2026-08-08T09:21:50+00:00,azure:rigetti:qpu:cepheus-1-36q,OFFLINE,
2026-08-08T09:21:50+00:00,ibm:ibm:qpu:miami,ONLINE,
2026-08-08T09:21:50+00:00,aws:aqt:qpu:ibex-q1,UNAVAILABLE,
2026-08-08T09:21:50+00:00,aws:quera:qpu:aquila,ONLINE,
2026-08-08T09:21:50+00:00,azure:pasqal:qpu:fresnel,OFFLINE,
2026-08-08T09:21:50+00:00,aws:ionq:qpu:forte-1,ONLINE,
2026-08-08T09:21:50+00:00,aws:iqm:qpu:garnet,UNAVAILABLE,
2026-08-08T09:21:50+00:00,ibm:ibm:qpu:boston,ONLINE,
2026-08-08T09:21:50+00:00,aws:ionq:qpu:forte-enterprise-1,ONLINE,
2026-08-08T09:21:50+00:00,ibm:ibm:qpu:fez,ONLINE,
2026-08-08T09:21:50+00:00,azure:ionq:qpu:forte-enterprise-1,OFFLINE,
2026-08-08T09:21:50+00:00,rigetti:rigetti:qpu:cepheus-1-108q,ONLINE,
2026-08-08T09:21:50+00:00,aws:rigetti:qpu:cepheus-1-108q,ONLINE,
2026-08-08T09:21:50+00:00,openquantum:aqt:qpu:ibex-q1,ONLINE,
2026-08-08T09:21:50+00:00,openquantum:ionq:qpu:forte-1,ONLINE,
2026-08-08T09:21:50+00:00,openquantum:ionq:qpu:forte-enterprise,ONLINE,
2026-08-08T09:21:50+00:00,openquantum:iqm:qpu:emerald,ONLINE,
2026-08-08T09:21:50+00:00,openquantum:iqm:qpu:garnet,ONLINE,
2026-08-08T09:21:50+00:00,openquantum:rigetti:qpu:cepheus-1-108q,ONLINE,
2026-08-08T10:13:21+00:00,ibm:ibm:qpu:marrakesh,ONLINE,
2026-08-08T10:13:21+00:00,ibm:ibm:qpu:pittsburgh,ONLINE,
2026-08-08T10:13:21+00:00,aws:iqm:qpu:emerald,UNAVAILABLE,
2026-08-08T10:13:21+00:00,azure:ionq:qpu:forte-1,OFFLINE,
2026-08-08T10:13:21+00:00,ibm:ibm:qpu:kingston,ONLINE,
2026-08-08T10:13:21+00:00,ionq:ionq:qpu:forte-1,ONLINE,
2026-08-08T10:13:21+00:00,azure:rigetti:qpu:cepheus-1-36q,OFFLINE,
2026-08-08T10:13:21+00:00,ibm:ibm:qpu:miami,ONLINE,
2026-08-08T10:13:21+00:00,aws:aqt:qpu:ibex-q1,UNAVAILABLE,
2026-08-08T10:13:21+00:00,aws:quera:qpu:aquila,ONLINE,
2026-08-08T10:13:21+00:00,azure:pasqal:qpu:fresnel,OFFLINE,
2026-08-08T10:13:21+00:00,aws:ionq:qpu:forte-1,ONLINE,
2026-08-08T10:13:21+00:00,aws:iqm:qpu:garnet,UNAVAILABLE,
2026-08-08T10:13:21+00:00,ibm:ibm:qpu:boston,ONLINE,
2026-08-08T10:13:21+00:00,aws:ionq:qpu:forte-enterprise-1,ONLINE,
2026-08-08T10:13:21+00:00,ibm:ibm:qpu:fez,ONLINE,
2026-08-08T10:13:21+00:00,azure:ionq:qpu:forte-enterprise-1,OFFLINE,
2026-08-08T10:13:21+00:00,rigetti:rigetti:qpu:cepheus-1-108q,ONLINE,
2026-08-08T10:13:21+00:00,aws:rigetti:qpu:cepheus-1-108q,ONLINE,
2026-08-08T10:13:21+00:00,openquantum:aqt:qpu:ibex-q1,ONLINE,
2026-08-08T10:13:21+00:00,openquantum:ionq:qpu:forte-1,ONLINE,
2026-08-08T10:13:21+00:00,openquantum:ionq:qpu:forte-enterprise,ONLINE,
2026-08-08T10:13:21+00:00,openquantum:iqm:qpu:emerald,ONLINE,
2026-08-08T10:13:21+00:00,openquantum:iqm:qpu:garnet,ONLINE,
2026-08-08T10:13:21+00:00,openquantum:rigetti:qpu:cepheus-1-108q,ONLINE,
2026-08-08T11:05:54+00:00,ibm:ibm:qpu:marrakesh,ONLINE,
2026-08-08T11:05:54+00:00,ibm:ibm:qpu:pittsburgh,ONLINE,
2026-08-08T11:05:54+00:00,aws:iqm:qpu:emerald,UNAVAILABLE,
2026-08-08T11:05:54+00:00,azure:ionq:qpu:forte-1,OFFLINE,
2026-08-08T11:05:54+00:00,ibm:ibm:qpu:kingston,ONLINE,
2026-08-08T11:05:54+00:00,ionq:ionq:qpu:forte-1,ONLINE,
2026-08-08T11:05:54+00:00,azure:rigetti:qpu:cepheus-1-36q,OFFLINE,
2026-08-08T11:05:54+00:00,ibm:ibm:qpu:miami,ONLINE,
2026-08-08T11:05:54+00:00,aws:aqt:qpu:ibex-q1,UNAVAILABLE,
2026-08-08T11:05:54+00:00,aws:quera:qpu:aquila,ONLINE,
2026-08-08T11:05:54+00:00,azure:pasqal:qpu:fresnel,OFFLINE,
2026-08-08T11:05:54+00:00,aws:ionq:qpu:forte-1,ONLINE,
2026-08-08T11:05:54+00:00,aws:iqm:qpu:garnet,UNAVAILABLE,
2026-08-08T11:05:54+00:00,ibm:ibm:qpu:boston,ONLINE,
2026-08-08T11:05:54+00:00,aws:ionq:qpu:forte-enterprise-1,ONLINE,
2026-08-08T11:05:54+00:00,ibm:ibm:qpu:fez,ONLINE,
2026-08-08T11:05:54+00:00,azure:ionq:qpu:forte-enterprise-1,OFFLINE,
2026-08-08T11:05:54+00:00,rigetti:rigetti:qpu:cepheus-1-108q,ONLINE,
2026-08-08T11:05:54+00:00,aws:rigetti:qpu:cepheus-1-108q,ONLINE,
2026-08-08T11:05:54+00:00,openquantum:aqt:qpu:ibex-q1,ONLINE,
2026-08-08T11:05:54+00:00,openquantum:ionq:qpu:forte-1,ONLINE,
2026-08-08T11:05:54+00:00,openquantum:ionq:qpu:forte-enterprise,ONLINE,
2026-08-08T11:05:54+00:00,openquantum:iqm:qpu:emerald,ONLINE,
2026-08-08T11:05:54+00:00,openquantum:iqm:qpu:garnet,ONLINE,
2026-08-08T11:05:54+00:00,openquantum:rigetti:qpu:cepheus-1-108q,ONLINE,
2026-08-08T12:01:50+00:00,ibm:ibm:qpu:marrakesh,ONLINE,
2026-08-08T12:01:50+00:00,ibm:ibm:qpu:pittsburgh,ONLINE,
2026-08-08T12:01:50+00:00,aws:iqm:qpu:emerald,UNAVAILABLE,
2026-08-08T12:01:50+00:00,azure:ionq:qpu:forte-1,OFFLINE,
2026-08-08T12:01:50+00:00,ibm:ibm:qpu:kingston,ONLINE,
2026-08-08T12:01:50+00:00,ionq:ionq:qpu:forte-1,ONLINE,
2026-08-08T12:01:50+00:00,azure:rigetti:qpu:cepheus-1-36q,OFFLINE,
2026-08-08T12:01:50+00:00,ibm:ibm:qpu:miami,ONLINE,
2026-08-08T12:01:50+00:00,aws:aqt:qpu:ibex-q1,UNAVAILABLE,
2026-08-08T12:01:50+00:00,aws:quera:qpu:aquila,UNAVAILABLE,
2026-08-08T12:01:50+00:00,azure:pasqal:qpu:fresnel,OFFLINE,
2026-08-08T12:01:50+00:00,aws:ionq:qpu:forte-1,ONLINE,
2026-08-08T12:01:50+00:00,aws:iqm:qpu:garnet,UNAVAILABLE,
2026-08-08T12:01:50+00:00,ibm:ibm:qpu:boston,ONLINE,
2026-08-08T12:01:50+00:00,aws:ionq:qpu:forte-enterprise-1,ONLINE,
2026-08-08T12:01:50+00:00,ibm:ibm:qpu:fez,ONLINE,
2026-08-08T12:01:50+00:00,azure:ionq:qpu:forte-enterprise-1,OFFLINE,
2026-08-08T12:01:50+00:00,rigetti:rigetti:qpu:cepheus-1-108q,ONLINE,
2026-08-08T12:01:50+00:00,aws:rigetti:qpu:cepheus-1-108q,ONLINE,
2026-08-08T12:01:50+00:00,openquantum:aqt:qpu:ibex-q1,ONLINE,
2026-08-08T12:01:50+00:00,openquantum:ionq:qpu:forte-1,ONLINE,
2026-08-08T12:01:50+00:00,openquantum:ionq:qpu:forte-enterprise,ONLINE,
2026-08-08T12:01:50+00:00,openquantum:iqm:qpu:emerald,ONLINE,
2026-08-08T12:01:50+00:00,openquantum:iqm:qpu:garnet,ONLINE,
2026-08-08T12:01:50+00:00,openquantum:rigetti:qpu:cepheus-1-108q,ONLINE,
2026-08-08T13:32:38+00:00,ibm:ibm:qpu:marrakesh,ONLINE,
2026-08-08T13:32:38+00:00,ibm:ibm:qpu:pittsburgh,ONLINE,
2026-08-08T13:32:38+00:00,aws:iqm:qpu:emerald,UNAVAILABLE,
2026-08-08T13:32:38+00:00,azure:ionq:qpu:forte-1,OFFLINE,
2026-08-08T13:32:38+00:00,ibm:ibm:qpu:kingston,ONLINE,
2026-08-08T13:32:38+00:00,ionq:ionq:qpu:forte-1,ONLINE,
2026-08-08T13:32:38+00:00,azure:rigetti:qpu:cepheus-1-36q,OFFLINE,
2026-08-08T13:32:38+00:00,ibm:ibm:qpu:miami,ONLINE,
2026-08-08T13:32:38+00:00,aws:aqt:qpu:ibex-q1,UNAVAILABLE,
2026-08-08T13:32:38+00:00,aws:quera:qpu:aquila,ONLINE,
2026-08-08T13:32:38+00:00,azure:pasqal:qpu:fresnel,OFFLINE,
2026-08-08T13:32:38+00:00,aws:ionq:qpu:forte-1,ONLINE,
2026-08-08T13:32:38+00:00,aws:iqm:qpu:garnet,UNAVAILABLE,
2026-08-08T13:32:38+00:00,ibm:ibm:qpu:boston,ONLINE,
2026-08-08T13:32:38+00:00,aws:ionq:qpu:forte-enterprise-1,ONLINE,
2026-08-08T13:32:38+00:00,ibm:ibm:qpu:fez,ONLINE,
2026-08-08T13:32:38+00:00,azure:ionq:qpu:forte-enterprise-1,OFFLINE,
2026-08-08T13:32:38+00:00,rigetti:rigetti:qpu:cepheus-1-108q,ONLINE,
2026-08-08T13:32:38+00:00,aws:rigetti:qpu:cepheus-1-108q,ONLINE,
2026-08-08T13:32:38+00:00,openquantum:aqt:qpu:ibex-q1,ONLINE,
2026-08-08T13:32:38+00:00,openquantum:ionq:qpu:forte-1,ONLINE,
2026-08-08T13:32:38+00:00,openquantum:ionq:qpu:forte-enterprise,ONLINE,
2026-08-08T13:32:38+00:00,openquantum:iqm:qpu:emerald,ONLINE,
2026-08-08T13:32:38+00:00,openquantum:iqm:qpu:garnet,ONLINE,
2026-08-08T13:32:38+00:00,openquantum:rigetti:qpu:cepheus-1-108q,ONLINE,
2026-08-08T14:17:53+00:00,ibm:ibm:qpu:marrakesh,ONLINE,
2026-08-08T14:17:53+00:00,ibm:ibm:qpu:pittsburgh,ONLINE,
2026-08-08T14:17:53+00:00,aws:iqm:qpu:emerald,UNAVAILABLE,
2026-08-08T14:17:53+00:00,azure:ionq:qpu:forte-1,OFFLINE,
2026-08-08T14:17:53+00:00,ibm:ibm:qpu:kingston,ONLINE,
2026-08-08T14:17:53+00:00,ionq:ionq:qpu:forte-1,ONLINE,
2026-08-08T14:17:53+00:00,azure:rigetti:qpu:cepheus-1-36q,OFFLINE,
2026-08-08T14:17:53+00:00,ibm:ibm:qpu:miami,ONLINE,
2026-08-08T14:17:53+00:00,aws:aqt:qpu:ibex-q1,UNAVAILABLE,
2026-08-08T14:17:53+00:00,aws:quera:qpu:aquila,ONLINE,
2026-08-08T14:17:53+00:00,azure:pasqal:qpu:fresnel,OFFLINE,
2026-08-08T14:17:53+00:00,aws:ionq:qpu:forte-1,ONLINE,
2026-08-08T14:17:53+00:00,aws:iqm:qpu:garnet,UNAVAILABLE,
2026-08-08T14:17:53+00:00,ibm:ibm:qpu:boston,ONLINE,
2026-08-08T14:17:53+00:00,aws:ionq:qpu:forte-enterprise-1,ONLINE,
2026-08-08T14:17:53+00:00,ibm:ibm:qpu:fez,ONLINE,
2026-08-08T14:17:53+00:00,azure:ionq:qpu:forte-enterprise-1,OFFLINE,
2026-08-08T14:17:53+00:00,rigetti:rigetti:qpu:cepheus-1-108q,ONLINE,
2026-08-08T14:17:53+00:00,aws:rigetti:qpu:cepheus-1-108q,ONLINE,
2026-08-08T14:17:53+00:00,openquantum:aqt:qpu:ibex-q1,ONLINE,
2026-08-08T14:17:53+00:00,openquantum:ionq:qpu:forte-1,ONLINE,
2026-08-08T14:17:53+00:00,openquantum:ionq:qpu:forte-enterprise,ONLINE,
2026-08-08T14:17:53+00:00,openquantum:iqm:qpu:emerald,ONLINE,
2026-08-08T14:17:53+00:00,openquantum:iqm:qpu:garnet,ONLINE,
2026-08-08T14:17:53+00:00,openquantum:rigetti:qpu:cepheus-1-108q,ONLINE,
2026-08-08T15:03:58+00:00,ibm:ibm:qpu:marrakesh,ONLINE,
2026-08-08T15:03:58+00:00,ibm:ibm:qpu:pittsburgh,ONLINE,
2026-08-08T15:03:58+00:00,aws:iqm:qpu:emerald,UNAVAILABLE,
2026-08-08T15:03:58+00:00,azure:ionq:qpu:forte-1,OFFLINE,
2026-08-08T15:03:58+00:00,ibm:ibm:qpu:kingston,ONLINE,
2026-08-08T15:03:58+00:00,ionq:ionq:qpu:forte-1,ONLINE,
2026-08-08T15:03:58+00:00,azure:rigetti:qpu:cepheus-1-36q,OFFLINE,
2026-08-08T15:03:58+00:00,ibm:ibm:qpu:miami,ONLINE,
2026-08-08T15:03:58+00:00,aws:aqt:qpu:ibex-q1,UNAVAILABLE,
2026-08-08T15:03:58+00:00,aws:quera:qpu:aquila,ONLINE,
2026-08-08T15:03:58+00:00,azure:pasqal:qpu:fresnel,OFFLINE,
2026-08-08T15:03:58+00:00,aws:ionq:qpu:forte-1,ONLINE,
2026-08-08T15:03:58+00:00,aws:iqm:qpu:garnet,UNAVAILABLE,
2026-08-08T15:03:58+00:00,ibm:ibm:qpu:boston,ONLINE,
2026-08-08T15:03:58+00:00,aws:ionq:qpu:forte-enterprise-1,ONLINE,
2026-08-08T15:03:58+00:00,ibm:ibm:qpu:fez,ONLINE,
2026-08-08T15:03:58+00:00,azure:ionq:qpu:forte-enterprise-1,OFFLINE,
2026-08-08T15:03:58+00:00,rigetti:rigetti:qpu:cepheus-1-108q,ONLINE,
2026-08-08T15:03:58+00:00,aws:rigetti:qpu:cepheus-1-108q,ONLINE,
2026-08-08T15:03:58+00:00,openquantum:aqt:qpu:ibex-q1,ONLINE,
2026-08-08T15:03:58+00:00,openquantum:ionq:qpu:forte-1,ONLINE,
2026-08-08T15:03:58+00:00,openquantum:ionq:qpu:forte-enterprise,ONLINE,
2026-08-08T15:03:58+00:00,openquantum:iqm:qpu:emerald,ONLINE,
2026-08-08T15:03:58+00:00,openquantum:iqm:qpu:garnet,ONLINE,
2026-08-08T15:03:58+00:00,openquantum:rigetti:qpu:cepheus-1-108q,ONLINE,
2026-08-08T16:03:04+00:00,ibm:ibm:qpu:marrakesh,ONLINE,
2026-08-08T16:03:04+00:00,ibm:ibm:qpu:pittsburgh,ONLINE,
2026-08-08T16:03:04+00:00,aws:iqm:qpu:emerald,UNAVAILABLE,
2026-08-08T16:03:04+00:00,azure:ionq:qpu:forte-1,OFFLINE,
2026-08-08T16:03:04+00:00,ibm:ibm:qpu:kingston,ONLINE,
2026-08-08T16:03:04+00:00,ionq:ionq:qpu:forte-1,ONLINE,
2026-08-08T16:03:04+00:00,azure:rigetti:qpu:cepheus-1-36q,OFFLINE,
2026-08-08T16:03:04+00:00,ibm:ibm:qpu:miami,ONLINE,
2026-08-08T16:03:04+00:00,aws:aqt:qpu:ibex-q1,UNAVAILABLE,
2026-08-08T16:03:04+00:00,aws:quera:qpu:aquila,ONLINE,
2026-08-08T16:03:04+00:00,azure:pasqal:qpu:fresnel,OFFLINE,
2026-08-08T16:03:04+00:00,aws:ionq:qpu:forte-1,ONLINE,
2026-08-08T16:03:04+00:00,aws:iqm:qpu:garnet,UNAVAILABLE,
2026-08-08T16:03:04+00:00,ibm:ibm:qpu:boston,ONLINE,
2026-08-08T16:03:04+00:00,aws:ionq:qpu:forte-enterprise-1,ONLINE,
2026-08-08T16:03:04+00:00,ibm:ibm:qpu:fez,ONLINE,
2026-08-08T16:03:04+00:00,azure:ionq:qpu:forte-enterprise-1,OFFLINE,
2026-08-08T16:03:04+00:00,rigetti:rigetti:qpu:cepheus-1-108q,ONLINE,
2026-08-08T16:03:04+00:00,aws:rigetti:qpu:cepheus-1-108q,ONLINE,
2026-08-08T16:03:04+00:00,openquantum:aqt:qpu:ibex-q1,ONLINE,
2026-08-08T16:03:04+00:00,openquantum:ionq:qpu:forte-1,ONLINE,
2026-08-08T16:03:04+00:00,openquantum:ionq:qpu:forte-enterprise,ONLINE,
2026-08-08T16:03:04+00:00,openquantum:iqm:qpu:emerald,ONLINE,
2026-08-08T16:03:04+00:00,openquantum:iqm:qpu:garnet,ONLINE,
2026-08-08T16:03:04+00:00,openquantum:rigetti:qpu:cepheus-1-108q,ONLINE,
2026-08-08T17:11:33+00:00,ibm:ibm:qpu:marrakesh,ONLINE,
2026-08-08T17:11:33+00:00,ibm:ibm:qpu:pittsburgh,ONLINE,
2026-08-08T17:11:33+00:00,aws:iqm:qpu:emerald,UNAVAILABLE,
2026-08-08T17:11:33+00:00,azure:ionq:qpu:forte-1,OFFLINE,
2026-08-08T17:11:33+00:00,ibm:ibm:qpu:kingston,ONLINE,
2026-08-08T17:11:33+00:00,ionq:ionq:qpu:forte-1,ONLINE,
2026-08-08T17:11:33+00:00,azure:rigetti:qpu:cepheus-1-36q,OFFLINE,
2026-08-08T17:11:33+00:00,ibm:ibm:qpu:miami,ONLINE,
2026-08-08T17:11:33+00:00,aws:aqt:qpu:ibex-q1,UNAVAILABLE,
2026-08-08T17:11:33+00:00,aws:quera:qpu:aquila,ONLINE,
2026-08-08T17:11:33+00:00,azure:pasqal:qpu:fresnel,OFFLINE,
2026-08-08T17:11:33+00:00,aws:ionq:qpu:forte-1,ONLINE,
2026-08-08T17:11:33+00:00,aws:iqm:qpu:garnet,UNAVAILABLE,
2026-08-08T17:11:33+00:00,ibm:ibm:qpu:boston,ONLINE,
2026-08-08T17:11:33+00:00,aws:ionq:qpu:forte-enterprise-1,ONLINE,
2026-08-08T17:11:33+00:00,ibm:ibm:qpu:fez,ONLINE,
2026-08-08T17:11:33+00:00,azure:ionq:qpu:forte-enterprise-1,OFFLINE,
2026-08-08T17:11:33+00:00,rigetti:rigetti:qpu:cepheus-1-108q,ONLINE,
2026-08-08T17:11:33+00:00,aws:rigetti:qpu:cepheus-1-108q,ONLINE,
2026-08-08T17:11:33+00:00,openquantum:aqt:qpu:ibex-q1,ONLINE,
2026-08-08T17:11:33+00:00,openquantum:ionq:qpu:forte-1,ONLINE,
2026-08-08T17:11:33+00:00,openquantum:ionq:qpu:forte-enterprise,ONLINE,
2026-08-08T17:11:33+00:00,openquantum:iqm:qpu:emerald,ONLINE,
2026-08-08T17:11:33+00:00,openquantum:iqm:qpu:garnet,ONLINE,
2026-08-08T17:11:33+00:00,openquantum:rigetti:qpu:cepheus-1-108q,ONLINE,
2026-08-08T18:03:19+00:00,ibm:ibm:qpu:marrakesh,ONLINE,
2026-08-08T18:03:19+00:00,ibm:ibm:qpu:pittsburgh,ONLINE,
2026-08-08T18:03:19+00:00,aws:iqm:qpu:emerald,UNAVAILABLE,
2026-08-08T18:03:19+00:00,azure:ionq:qpu:forte-1,OFFLINE,
2026-08-08T18:03:19+00:00,ibm:ibm:qpu:kingston,ONLINE,
2026-08-08T18:03:19+00:00,ionq:ionq:qpu:forte-1,ONLINE,
2026-08-08T18:03:19+00:00,azure:rigetti:qpu:cepheus-1-36q,OFFLINE,
2026-08-08T18:03:19+00:00,ibm:ibm:qpu:miami,ONLINE,
2026-08-08T18:03:19+00:00,aws:aqt:qpu:ibex-q1,UNAVAILABLE,
2026-08-08T18:03:19+00:00,aws:quera:qpu:aquila,ONLINE,
2026-08-08T18:03:19+00:00,azure:pasqal:qpu:fresnel,OFFLINE,
2026-08-08T18:03:19+00:00,aws:ionq:qpu:forte-1,UNAVAILABLE,
2026-08-08T18:03:19+00:00,aws:iqm:qpu:garnet,UNAVAILABLE,
2026-08-08T18:03:19+00:00,ibm:ibm:qpu:boston,ONLINE,
2026-08-08T18:03:19+00:00,aws:ionq:qpu:forte-enterprise-1,ONLINE,
2026-08-08T18:03:19+00:00,ibm:ibm:qpu:fez,ONLINE,
2026-08-08T18:03:19+00:00,azure:ionq:qpu:forte-enterprise-1,OFFLINE,
2026-08-08T18:03:19+00:00,rigetti:rigetti:qpu:cepheus-1-108q,ONLINE,
2026-08-08T18:03:19+00:00,aws:rigetti:qpu:cepheus-1-108q,ONLINE,
2026-08-08T18:03:19+00:00,openquantum:aqt:qpu:ibex-q1,ONLINE,
2026-08-08T18:03:19+00:00,openquantum:ionq:qpu:forte-1,ONLINE,
2026-08-08T18:03:19+00:00,openquantum:ionq:qpu:forte-enterprise,ONLINE,
2026-08-08T18:03:19+00:00,openquantum:iqm:qpu:emerald,ONLINE,
2026-08-08T18:03:19+00:00,openquantum:iqm:qpu:garnet,ONLINE,
2026-08-08T18:03:19+00:00,openquantum:rigetti:qpu:cepheus-1-108q,ONLINE,
2026-08-08T19:16:17+00:00,ibm:ibm:qpu:marrakesh,ONLINE,
2026-08-08T19:16:17+00:00,ibm:ibm:qpu:pittsburgh,ONLINE,
2026-08-08T19:16:17+00:00,aws:iqm:qpu:emerald,UNAVAILABLE,
2026-08-08T19:16:17+00:00,azure:ionq:qpu:forte-1,OFFLINE,
2026-08-08T19:16:17+00:00,ibm:ibm:qpu:kingston,ONLINE,
2026-08-08T19:16:17+00:00,ionq:ionq:qpu:forte-1,ONLINE,
2026-08-08T19:16:17+00:00,azure:rigetti:qpu:cepheus-1-36q,OFFLINE,
2026-08-08T19:16:17+00:00,ibm:ibm:qpu:miami,ONLINE,
2026-08-08T19:16:17+00:00,aws:aqt:qpu:ibex-q1,UNAVAILABLE,
2026-08-08T19:16:17+00:00,aws:quera:qpu:aquila,ONLINE,
2026-08-08T19:16:17+00:00,azure:pasqal:qpu:fresnel,OFFLINE,
2026-08-08T19:16:17+00:00,aws:ionq:qpu:forte-1,ONLINE,
2026-08-08T19:16:17+00:00,aws:iqm:qpu:garnet,UNAVAILABLE,
2026-08-08T19:16:17+00:00,ibm:ibm:qpu:boston,ONLINE,
2026-08-08T19:16:17+00:00,aws:ionq:qpu:forte-enterprise-1,ONLINE,
2026-08-08T19:16:17+00:00,ibm:ibm:qpu:fez,ONLINE,
2026-08-08T19:16:17+00:00,azure:ionq:qpu:forte-enterprise-1,OFFLINE,
2026-08-08T19:16:17+00:00,rigetti:rigetti:qpu:cepheus-1-108q,ONLINE,
2026-08-08T19:16:17+00:00,aws:rigetti:qpu:cepheus-1-108q,UNAVAILABLE,
2026-08-08T19:16:17+00:00,openquantum:aqt:qpu:ibex-q1,ONLINE,
2026-08-08T19:16:17+00:00,openquantum:ionq:qpu:forte-1,ONLINE,
2026-08-08T19:16:17+00:00,openquantum:ionq:qpu:forte-enterprise,ONLINE,
2026-08-08T19:16:17+00:00,openquantum:iqm:qpu:emerald,ONLINE,
2026-08-08T19:16:17+00:00,openquantum:iqm:qpu:garnet,ONLINE,
2026-08-08T19:16:17+00:00,openquantum:rigetti:qpu:cepheus-1-108q,ONLINE,
2026-08-08T20:02:50+00:00,ibm:ibm:qpu:marrakesh,ONLINE,
2026-08-08T20:02:50+00:00,ibm:ibm:qpu:pittsburgh,ONLINE,
2026-08-08T20:02:50+00:00,aws:iqm:qpu:emerald,UNAVAILABLE,
2026-08-08T20:02:50+00:00,azure:ionq:qpu:forte-1,OFFLINE,
2026-08-08T20:02:50+00:00,ibm:ibm:qpu:kingston,ONLINE,
2026-08-08T20:02:50+00:00,ionq:ionq:qpu:forte-1,ONLINE,
2026-08-08T20:02:50+00:00,azure:rigetti:qpu:cepheus-1-36q,OFFLINE,
2026-08-08T20:02:50+00:00,ibm:ibm:qpu:miami,ONLINE,
2026-08-08T20:02:50+00:00,aws:aqt:qpu:ibex-q1,UNAVAILABLE,
2026-08-08T20:02:50+00:00,aws:quera:qpu:aquila,ONLINE,
2026-08-08T20:02:50+00:00,azure:pasqal:qpu:fresnel,OFFLINE,
2026-08-08T20:02:50+00:00,aws:ionq:qpu:forte-1,ONLINE,
2026-08-08T20:02:50+00:00,aws:iqm:qpu:garnet,UNAVAILABLE,
2026-08-08T20:02:50+00:00,ibm:ibm:qpu:boston,ONLINE,
2026-08-08T20:02:50+00:00,aws:ionq:qpu:forte-enterprise-1,ONLINE,
2026-08-08T20:02:50+00:00,ibm:ibm:qpu:fez,ONLINE,
2026-08-08T20:02:50+00:00,azure:ionq:qpu:forte-enterprise-1,OFFLINE,
2026-08-08T20:02:50+00:00,rigetti:rigetti:qpu:cepheus-1-108q,ONLINE,
2026-08-08T20:02:50+00:00,aws:rigetti:qpu:cepheus-1-108q,UNAVAILABLE,
2026-08-08T20:02:50+00:00,openquantum:aqt:qpu:ibex-q1,ONLINE,
2026-08-08T20:02:50+00:00,openquantum:ionq:qpu:forte-1,ONLINE,
2026-08-08T20:02:50+00:00,openquantum:ionq:qpu:forte-enterprise,ONLINE,
2026-08-08T20:02:50+00:00,openquantum:iqm:qpu:emerald,ONLINE,
2026-08-08T20:02:50+00:00,openquantum:iqm:qpu:garnet,ONLINE,
2026-08-08T20:02:50+00:00,openquantum:rigetti:qpu:cepheus-1-108q,ONLINE,
2026-08-08T21:05:31+00:00,ibm:ibm:qpu:marrakesh,ONLINE,
2026-08-08T21:05:31+00:00,ibm:ibm:qpu:pittsburgh,ONLINE,
2026-08-08T21:05:31+00:00,aws:iqm:qpu:emerald,UNAVAILABLE,
2026-08-08T21:05:31+00:00,azure:ionq:qpu:forte-1,OFFLINE,
2026-08-08T21:05:31+00:00,ibm:ibm:qpu:kingston,ONLINE,
2026-08-08T21:05:31+00:00,ionq:ionq:qpu:forte-1,ONLINE,
2026-08-08T21:05:31+00:00,azure:rigetti:qpu:cepheus-1-36q,OFFLINE,
2026-08-08T21:05:31+00:00,ibm:ibm:qpu:miami,ONLINE,
2026-08-08T21:05:31+00:00,aws:aqt:qpu:ibex-q1,UNAVAILABLE,
2026-08-08T21:05:31+00:00,aws:quera:qpu:aquila,ONLINE,
2026-08-08T21:05:31+00:00,azure:pasqal:qpu:fresnel,OFFLINE,
2026-08-08T21:05:31+00:00,aws:ionq:qpu:forte-1,ONLINE,
2026-08-08T21:05:31+00:00,aws:iqm:qpu:garnet,UNAVAILABLE,
2026-08-08T21:05:31+00:00,ibm:ibm:qpu:boston,ONLINE,
2026-08-08T21:05:31+00:00,aws:ionq:qpu:forte-enterprise-1,ONLINE,
2026-08-08T21:05:31+00:00,ibm:ibm:qpu:fez,ONLINE,
2026-08-08T21:05:31+00:00,azure:ionq:qpu:forte-enterprise-1,OFFLINE,
2026-08-08T21:05:31+00:00,rigetti:rigetti:qpu:cepheus-1-108q,ONLINE,
2026-08-08T21:05:31+00:00,aws:rigetti:qpu:cepheus-1-108q,ONLINE,
2026-08-08T21:05:31+00:00,openquantum:aqt:qpu:ibex-q1,ONLINE,
2026-08-08T21:05:31+00:00,openquantum:ionq:qpu:forte-1,ONLINE,
2026-08-08T21:05:31+00:00,openquantum:ionq:qpu:forte-enterprise,ONLINE,
2026-08-08T21:05:31+00:00,openquantum:iqm:qpu:emerald,ONLINE,
2026-08-08T21:05:31+00:00,openquantum:iqm:qpu:garnet,ONLINE,
2026-08-08T21:05:31+00:00,openquantum:rigetti:qpu:cepheus-1-108q,ONLINE,
2026-08-08T22:02:43+00:00,ibm:ibm:qpu:marrakesh,ONLINE,
2026-08-08T22:02:43+00:00,ibm:ibm:qpu:pittsburgh,ONLINE,
2026-08-08T22:02:43+00:00,aws:iqm:qpu:emerald,UNAVAILABLE,
2026-08-08T22:02:43+00:00,azure:ionq:qpu:forte-1,OFFLINE,
2026-08-08T22:02:43+00:00,ibm:ibm:qpu:kingston,ONLINE,
2026-08-08T22:02:43+00:00,ionq:ionq:qpu:forte-1,ONLINE,
2026-08-08T22:02:43+00:00,azure:rigetti:qpu:cepheus-1-36q,OFFLINE,
2026-08-08T22:02:43+00:00,ibm:ibm:qpu:miami,ONLINE,
2026-08-08T22:02:43+00:00,aws:aqt:qpu:ibex-q1,UNAVAILABLE,
2026-08-08T22:02:43+00:00,aws:quera:qpu:aquila,ONLINE,
2026-08-08T22:02:43+00:00,azure:pasqal:qpu:fresnel,OFFLINE,
2026-08-08T22:02:43+00:00,aws:ionq:qpu:forte-1,ONLINE,
2026-08-08T22:02:43+00:00,aws:iqm:qpu:garnet,UNAVAILABLE,
2026-08-08T22:02:43+00:00,ibm:ibm:qpu:boston,ONLINE,
2026-08-08T22:02:43+00:00,aws:ionq:qpu:forte-enterprise-1,ONLINE,
2026-08-08T22:02:43+00:00,ibm:ibm:qpu:fez,ONLINE,
2026-08-08T22:02:43+00:00,azure:ionq:qpu:forte-enterprise-1,OFFLINE,
2026-08-08T22:02:43+00:00,rigetti:rigetti:qpu:cepheus-1-108q,ONLINE,
2026-08-08T22:02:43+00:00,aws:rigetti:qpu:cepheus-1-108q,ONLINE,
2026-08-08T22:02:43+00:00,openquantum:aqt:qpu:ibex-q1,ONLINE,
2026-08-08T22:02:43+00:00,openquantum:ionq:qpu:forte-1,ONLINE,
2026-08-08T22:02:43+00:00,openquantum:ionq:qpu:forte-enterprise,ONLINE,
2026-08-08T22:02:43+00:00,openquantum:iqm:qpu:emerald,ONLINE,
2026-08-08T22:02:43+00:00,openquantum:iqm:qpu:garnet,ONLINE,
2026-08-08T22:02:43+00:00,openquantum:rigetti:qpu:cepheus-1-108q,ONLINE,
2026-08-08T23:04:43+00:00,ibm:ibm:qpu:marrakesh,ONLINE,
2026-08-08T23:04:43+00:00,ibm:ibm:qpu:pittsburgh,ONLINE,
2026-08-08T23:04:43+00:00,aws:iqm:qpu:emerald,UNAVAILABLE,
2026-08-08T23:04:43+00:00,azure:ionq:qpu:forte-1,OFFLINE,
2026-08-08T23:04:43+00:00,ibm:ibm:qpu:kingston,ONLINE,
2026-08-08T23:04:43+00:00,ionq:ionq:qpu:forte-1,ONLINE,
2026-08-08T23:04:43+00:00,azure:rigetti:qpu:cepheus-1-36q,OFFLINE,
2026-08-08T23:04:43+00:00,ibm:ibm:qpu:miami,ONLINE,
2026-08-08T23:04:43+00:00,aws:aqt:qpu:ibex-q1,UNAVAILABLE,
2026-08-08T23:04:43+00:00,aws:quera:qpu:aquila,ONLINE,
2026-08-08T23:04:43+00:00,azure:pasqal:qpu:fresnel,OFFLINE,
2026-08-08T23:04:43+00:00,aws:ionq:qpu:forte-1,ONLINE,
2026-08-08T23:04:43+00:00,aws:iqm:qpu:garnet,UNAVAILABLE,
2026-08-08T23:04:43+00:00,ibm:ibm:qpu:boston,ONLINE,
2026-08-08T23:04:43+00:00,aws:ionq:qpu:forte-enterprise-1,ONLINE,
2026-08-08T23:04:43+00:00,ibm:ibm:qpu:fez,ONLINE,
2026-08-08T23:04:43+00:00,azure:ionq:qpu:forte-enterprise-1,OFFLINE,
2026-08-08T23:04:43+00:00,rigetti:rigetti:qpu:cepheus-1-108q,ONLINE,
2026-08-08T23:04:43+00:00,aws:rigetti:qpu:cepheus-1-108q,ONLINE,
2026-08-08T23:04:43+00:00,openquantum:aqt:qpu:ibex-q1,ONLINE,
2026-08-08T23:04:43+00:00,openquantum:ionq:qpu:forte-1,ONLINE,
2026-08-08T23:04:43+00:00,openquantum:ionq:qpu:forte-enterprise,ONLINE,
2026-08-08T23:04:43+00:00,openquantum:iqm:qpu:emerald,ONLINE,
2026-08-08T23:04:43+00:00,openquantum:iqm:qpu:garnet,ONLINE,
2026-08-08T23:04:43+00:00,openquantum:rigetti:qpu:cepheus-1-108q,ONLINE,
2026-08-09T00:02:37+00:00,ibm:ibm:qpu:marrakesh,ONLINE,
2026-08-09T00:02:37+00:00,ibm:ibm:qpu:pittsburgh,ONLINE,
2026-08-09T00:02:37+00:00,aws:iqm:qpu:emerald,UNAVAILABLE,
2026-08-09T00:02:37+00:00,azure:ionq:qpu:forte-1,OFFLINE,
2026-08-09T00:02:37+00:00,ibm:ibm:qpu:kingston,ONLINE,
2026-08-09T00:02:37+00:00,ionq:ionq:qpu:forte-1,ONLINE,
2026-08-09T00:02:37+00:00,azure:rigetti:qpu:cepheus-1-36q,OFFLINE,
2026-08-09T00:02:37+00:00,ibm:ibm:qpu:miami,ONLINE,
2026-08-09T00:02:37+00:00,aws:aqt:qpu:ibex-q1,UNAVAILABLE,
2026-08-09T00:02:37+00:00,aws:quera:qpu:aquila,UNAVAILABLE,
2026-08-09T00:02:37+00:00,azure:pasqal:qpu:fresnel,OFFLINE,
2026-08-09T00:02:37+00:00,aws:ionq:qpu:forte-1,ONLINE,
2026-08-09T00:02:37+00:00,aws:iqm:qpu:garnet,UNAVAILABLE,
2026-08-09T00:02:37+00:00,ibm:ibm:qpu:boston,ONLINE,
2026-08-09T00:02:37+00:00,aws:ionq:qpu:forte-enterprise-1,ONLINE,
2026-08-09T00:02:37+00:00,ibm:ibm:qpu:fez,ONLINE,
2026-08-09T00:02:37+00:00,azure:ionq:qpu:forte-enterprise-1,OFFLINE,
2026-08-09T00:02:37+00:00,rigetti:rigetti:qpu:cepheus-1-108q,ONLINE,
2026-08-09T00:02:37+00:00,aws:rigetti:qpu:cepheus-1-108q,ONLINE,
2026-08-09T00:02:37+00:00,openquantum:aqt:qpu:ibex-q1,ONLINE,
2026-08-09T00:02:37+00:00,openquantum:ionq:qpu:forte-1,ONLINE,
2026-08-09T00:02:37+00:00,openquantum:ionq:qpu:forte-enterprise,ONLINE,
2026-08-09T00:02:37+00:00,openquantum:iqm:qpu:emerald,ONLINE,
2026-08-09T00:02:37+00:00,openquantum:iqm:qpu:garnet,ONLINE,
2026-08-09T00:02:37+00:00,openquantum:rigetti:qpu:cepheus-1-108q,ONLINE,
2026-08-09T02:51:35+00:00,ibm:ibm:qpu:marrakesh,ONLINE,
2026-08-09T02:51:35+00:00,ibm:ibm:qpu:pittsburgh,ONLINE,
2026-08-09T02:51:35+00:00,aws:iqm:qpu:emerald,UNAVAILABLE,
2026-08-09T02:51:35+00:00,azure:ionq:qpu:forte-1,OFFLINE,
2026-08-09T02:51:35+00:00,ibm:ibm:qpu:kingston,ONLINE,
2026-08-09T02:51:35+00:00,ionq:ionq:qpu:forte-1,ONLINE,
2026-08-09T02:51:35+00:00,azure:rigetti:qpu:cepheus-1-36q,OFFLINE,
2026-08-09T02:51:35+00:00,ibm:ibm:qpu:miami,ONLINE,
2026-08-09T02:51:35+00:00,aws:aqt:qpu:ibex-q1,UNAVAILABLE,
2026-08-09T02:51:35+00:00,aws:quera:qpu:aquila,ONLINE,
2026-08-09T02:51:35+00:00,azure:pasqal:qpu:fresnel,OFFLINE,
2026-08-09T02:51:35+00:00,aws:ionq:qpu:forte-1,ONLINE,
2026-08-09T02:51:35+00:00,aws:iqm:qpu:garnet,UNAVAILABLE,
2026-08-09T02:51:35+00:00,ibm:ibm:qpu:boston,ONLINE,
2026-08-09T02:51:35+00:00,aws:ionq:qpu:forte-enterprise-1,ONLINE,
2026-08-09T02:51:35+00:00,ibm:ibm:qpu:fez,ONLINE,
2026-08-09T02:51:35+00:00,azure:ionq:qpu:forte-enterprise-1,OFFLINE,
2026-08-09T02:51:35+00:00,rigetti:rigetti:qpu:cepheus-1-108q,ONLINE,
2026-08-09T02:51:35+00:00,aws:rigetti:qpu:cepheus-1-108q,ONLINE,
2026-08-09T02:51:35+00:00,openquantum:aqt:qpu:ibex-q1,ONLINE,
2026-08-09T02:51:35+00:00,openquantum:ionq:qpu:forte-1,ONLINE,
2026-08-09T02:51:35+00:00,openquantum:ionq:qpu:forte-enterprise,ONLINE,
2026-08-09T02:51:35+00:00,openquantum:iqm:qpu:emerald,ONLINE,
2026-08-09T02:51:35+00:00,openquantum:iqm:qpu:garnet,ONLINE,
2026-08-09T02:51:35+00:00,openquantum:rigetti:qpu:cepheus-1-108q,ONLINE,
2026-08-09T04:17:38+00:00,ibm:ibm:qpu:marrakesh,UNAVAILABLE,
2026-08-09T04:17:38+00:00,ibm:ibm:qpu:pittsburgh,ONLINE,
2026-08-09T04:17:38+00:00,aws:iqm:qpu:emerald,UNAVAILABLE,
2026-08-09T04:17:38+00:00,azure:ionq:qpu:forte-1,OFFLINE,
2026-08-09T04:17:38+00:00,ibm:ibm:qpu:kingston,ONLINE,
2026-08-09T04:17:38+00:00,ionq:ionq:qpu:forte-1,ONLINE,
2026-08-09T04:17:38+00:00,azure:rigetti:qpu:cepheus-1-36q,OFFLINE,
2026-08-09T04:17:38+00:00,ibm:ibm:qpu:miami,ONLINE,
2026-08-09T04:17:38+00:00,aws:aqt:qpu:ibex-q1,UNAVAILABLE,
2026-08-09T04:17:38+00:00,aws:quera:qpu:aquila,ONLINE,
2026-08-09T04:17:38+00:00,azure:pasqal:qpu:fresnel,OFFLINE,
2026-08-09T04:17:38+00:00,aws:ionq:qpu:forte-1,ONLINE,
2026-08-09T04:17:38+00:00,aws:iqm:qpu:garnet,UNAVAILABLE,
2026-08-09T04:17:38+00:00,ibm:ibm:qpu:boston,ONLINE,
2026-08-09T04:17:38+00:00,aws:ionq:qpu:forte-enterprise-1,ONLINE,
2026-08-09T04:17:38+00:00,ibm:ibm:qpu:fez,ONLINE,
2026-08-09T04:17:38+00:00,azure:ionq:qpu:forte-enterprise-1,OFFLINE,
2026-08-09T04:17:38+00:00,rigetti:rigetti:qpu:cepheus-1-108q,ONLINE,
2026-08-09T04:17:38+00:00,aws:rigetti:qpu:cepheus-1-108q,ONLINE,
2026-08-09T04:17:38+00:00,openquantum:aqt:qpu:ibex-q1,ONLINE,
2026-08-09T04:17:38+00:00,openquantum:ionq:qpu:forte-1,ONLINE,
2026-08-09T04:17:38+00:00,openquantum:ionq:qpu:forte-enterprise,ONLINE,
2026-08-09T04:17:38+00:00,openquantum:iqm:qpu:emerald,ONLINE,
2026-08-09T04:17:38+00:00,openquantum:iqm:qpu:garnet,ONLINE,
2026-08-09T04:17:38+00:00,openquantum:rigetti:qpu:cepheus-1-108q,ONLINE,
2026-08-09T05:35:05+00:00,ibm:ibm:qpu:marrakesh,UNAVAILABLE,
2026-08-09T05:35:05+00:00,ibm:ibm:qpu:pittsburgh,ONLINE,
2026-08-09T05:35:05+00:00,aws:iqm:qpu:emerald,UNAVAILABLE,
2026-08-09T05:35:05+00:00,azure:ionq:qpu:forte-1,OFFLINE,
2026-08-09T05:35:05+00:00,ibm:ibm:qpu:kingston,ONLINE,
2026-08-09T05:35:05+00:00,ionq:ionq:qpu:forte-1,ONLINE,
2026-08-09T05:35:05+00:00,azure:rigetti:qpu:cepheus-1-36q,OFFLINE,
2026-08-09T05:35:05+00:00,ibm:ibm:qpu:miami,ONLINE,
2026-08-09T05:35:05+00:00,aws:aqt:qpu:ibex-q1,UNAVAILABLE,
2026-08-09T05:35:05+00:00,aws:quera:qpu:aquila,ONLINE,
2026-08-09T05:35:05+00:00,azure:pasqal:qpu:fresnel,OFFLINE,
2026-08-09T05:35:05+00:00,aws:ionq:qpu:forte-1,ONLINE,
2026-08-09T05:35:05+00:00,aws:iqm:qpu:garnet,UNAVAILABLE,
2026-08-09T05:35:05+00:00,ibm:ibm:qpu:boston,ONLINE,
2026-08-09T05:35:05+00:00,aws:ionq:qpu:forte-enterprise-1,ONLINE,
2026-08-09T05:35:05+00:00,ibm:ibm:qpu:fez,ONLINE,
2026-08-09T05:35:05+00:00,azure:ionq:qpu:forte-enterprise-1,OFFLINE,
2026-08-09T05:35:05+00:00,rigetti:rigetti:qpu:cepheus-1-108q,ONLINE,
2026-08-09T05:35:05+00:00,aws:rigetti:qpu:cepheus-1-108q,ONLINE,
2026-08-09T05:35:05+00:00,openquantum:aqt:qpu:ibex-q1,ONLINE,
2026-08-09T05:35:05+00:00,openquantum:ionq:qpu:forte-1,ONLINE,
2026-08-09T05:35:05+00:00,openquantum:ionq:qpu:forte-enterprise,ONLINE,
2026-08-09T05:35:05+00:00,openquantum:iqm:qpu:emerald,ONLINE,
2026-08-09T05:35:05+00:00,openquantum:iqm:qpu:garnet,ONLINE,
2026-08-09T05:35:05+00:00,openquantum:rigetti:qpu:cepheus-1-108q,ONLINE,
2026-08-09T06:29:18+00:00,ibm:ibm:qpu:marrakesh,UNAVAILABLE,
2026-08-09T06:29:18+00:00,ibm:ibm:qpu:pittsburgh,ONLINE,
2026-08-09T06:29:18+00:00,aws:iqm:qpu:emerald,UNAVAILABLE,
2026-08-09T06:29:18+00:00,azure:ionq:qpu:forte-1,OFFLINE,
2026-08-09T06:29:18+00:00,ibm:ibm:qpu:kingston,ONLINE,
2026-08-09T06:29:18+00:00,ionq:ionq:qpu:forte-1,ONLINE,
2026-08-09T06:29:18+00:00,azure:rigetti:qpu:cepheus-1-36q,OFFLINE,
2026-08-09T06:29:18+00:00,ibm:ibm:qpu:miami,ONLINE,
2026-08-09T06:29:18+00:00,aws:aqt:qpu:ibex-q1,UNAVAILABLE,
2026-08-09T06:29:18+00:00,aws:quera:qpu:aquila,ONLINE,
2026-08-09T06:29:18+00:00,azure:pasqal:qpu:fresnel,OFFLINE,
2026-08-09T06:29:18+00:00,aws:ionq:qpu:forte-1,ONLINE,
2026-08-09T06:29:18+00:00,aws:iqm:qpu:garnet,UNAVAILABLE,
2026-08-09T06:29:18+00:00,ibm:ibm:qpu:boston,ONLINE,
2026-08-09T06:29:18+00:00,aws:ionq:qpu:forte-enterprise-1,ONLINE,
2026-08-09T06:29:18+00:00,ibm:ibm:qpu:fez,ONLINE,
2026-08-09T06:29:18+00:00,azure:ionq:qpu:forte-enterprise-1,OFFLINE,
2026-08-09T06:29:18+00:00,rigetti:rigetti:qpu:cepheus-1-108q,ONLINE,
2026-08-09T06:29:18+00:00,aws:rigetti:qpu:cepheus-1-108q,ONLINE,
2026-08-09T06:29:18+00:00,openquantum:aqt:qpu:ibex-q1,ONLINE,
2026-08-09T06:29:18+00:00,openquantum:ionq:qpu:forte-1,ONLINE,
2026-08-09T06:29:18+00:00,openquantum:ionq:qpu:forte-enterprise,ONLINE,
2026-08-09T06:29:18+00:00,openquantum:iqm:qpu:emerald,ONLINE,
2026-08-09T06:29:18+00:00,openquantum:iqm:qpu:garnet,ONLINE,
2026-08-09T06:29:18+00:00,openquantum:rigetti:qpu:cepheus-1-108q,ONLINE,
2026-08-09T07:40:17+00:00,ibm:ibm:qpu:marrakesh,UNAVAILABLE,
2026-08-09T07:40:17+00:00,ibm:ibm:qpu:pittsburgh,ONLINE,
2026-08-09T07:40:17+00:00,aws:iqm:qpu:emerald,UNAVAILABLE,
2026-08-09T07:40:17+00:00,azure:ionq:qpu:forte-1,OFFLINE,
2026-08-09T07:40:17+00:00,ibm:ibm:qpu:kingston,ONLINE,
2026-08-09T07:40:17+00:00,ionq:ionq:qpu:forte-1,ONLINE,
2026-08-09T07:40:17+00:00,azure:rigetti:qpu:cepheus-1-36q,OFFLINE,
2026-08-09T07:40:17+00:00,ibm:ibm:qpu:miami,ONLINE,
2026-08-09T07:40:17+00:00,aws:aqt:qpu:ibex-q1,UNAVAILABLE,
2026-08-09T07:40:17+00:00,aws:quera:qpu:aquila,ONLINE,
2026-08-09T07:40:17+00:00,azure:pasqal:qpu:fresnel,OFFLINE,
2026-08-09T07:40:17+00:00,aws:ionq:qpu:forte-1,ONLINE,
2026-08-09T07:40:17+00:00,aws:iqm:qpu:garnet,UNAVAILABLE,
2026-08-09T07:40:17+00:00,ibm:ibm:qpu:boston,ONLINE,
2026-08-09T07:40:17+00:00,aws:ionq:qpu:forte-enterprise-1,ONLINE,
2026-08-09T07:40:17+00:00,ibm:ibm:qpu:fez,ONLINE,
2026-08-09T07:40:17+00:00,azure:ionq:qpu:forte-enterprise-1,OFFLINE,
2026-08-09T07:40:17+00:00,rigetti:rigetti:qpu:cepheus-1-108q,ONLINE,
2026-08-09T07:40:17+00:00,aws:rigetti:qpu:cepheus-1-108q,UNAVAILABLE,
2026-08-09T07:40:17+00:00,openquantum:aqt:qpu:ibex-q1,ONLINE,
2026-08-09T07:40:17+00:00,openquantum:ionq:qpu:forte-1,ONLINE,
2026-08-09T07:40:17+00:00,openquantum:ionq:qpu:forte-enterprise,ONLINE,
2026-08-09T07:40:17+00:00,openquantum:iqm:qpu:emerald,ONLINE,
2026-08-09T07:40:17+00:00,openquantum:iqm:qpu:garnet,ONLINE,
2026-08-09T07:40:17+00:00,openquantum:rigetti:qpu:cepheus-1-108q,ONLINE,
2026-08-09T08:23:49+00:00,ibm:ibm:qpu:marrakesh,UNAVAILABLE,
2026-08-09T08:23:49+00:00,ibm:ibm:qpu:pittsburgh,ONLINE,
2026-08-09T08:23:49+00:00,aws:iqm:qpu:emerald,UNAVAILABLE,
2026-08-09T08:23:49+00:00,azure:ionq:qpu:forte-1,OFFLINE,
2026-08-09T08:23:49+00:00,ibm:ibm:qpu:kingston,ONLINE,
2026-08-09T08:23:49+00:00,ionq:ionq:qpu:forte-1,ONLINE,
2026-08-09T08:23:49+00:00,azure:rigetti:qpu:cepheus-1-36q,OFFLINE,
2026-08-09T08:23:49+00:00,ibm:ibm:qpu:miami,ONLINE,
2026-08-09T08:23:49+00:00,aws:aqt:qpu:ibex-q1,UNAVAILABLE,
2026-08-09T08:23:49+00:00,aws:quera:qpu:aquila,ONLINE,
2026-08-09T08:23:49+00:00,azure:pasqal:qpu:fresnel,OFFLINE,
2026-08-09T08:23:49+00:00,aws:ionq:qpu:forte-1,ONLINE,
2026-08-09T08:23:49+00:00,aws:iqm:qpu:garnet,UNAVAILABLE,
2026-08-09T08:23:49+00:00,ibm:ibm:qpu:boston,ONLINE,
2026-08-09T08:23:49+00:00,aws:ionq:qpu:forte-enterprise-1,ONLINE,
2026-08-09T08:23:49+00:00,ibm:ibm:qpu:fez,ONLINE,
2026-08-09T08:23:49+00:00,azure:ionq:qpu:forte-enterprise-1,OFFLINE,
2026-08-09T08:23:49+00:00,rigetti:rigetti:qpu:cepheus-1-108q,ONLINE,
2026-08-09T08:23:49+00:00,aws:rigetti:qpu:cepheus-1-108q,UNAVAILABLE,
2026-08-09T08:23:49+00:00,openquantum:aqt:qpu:ibex-q1,ONLINE,
2026-08-09T08:23:49+00:00,openquantum:ionq:qpu:forte-1,ONLINE,
2026-08-09T08:23:49+00:00,openquantum:ionq:qpu:forte-enterprise,ONLINE,
2026-08-09T08:23:49+00:00,openquantum:iqm:qpu:emerald,ONLINE,
2026-08-09T08:23:49+00:00,openquantum:iqm:qpu:garnet,ONLINE,
2026-08-09T08:23:49+00:00,openquantum:rigetti:qpu:cepheus-1-108q,ONLINE,
2026-08-09T09:23:11+00:00,ibm:ibm:qpu:marrakesh,UNAVAILABLE,
2026-08-09T09:23:11+00:00,ibm:ibm:qpu:pittsburgh,ONLINE,
2026-08-09T09:23:11+00:00,aws:iqm:qpu:emerald,UNAVAILABLE,
2026-08-09T09:23:11+00:00,azure:ionq:qpu:forte-1,OFFLINE,
2026-08-09T09:23:11+00:00,ibm:ibm:qpu:kingston,ONLINE,
2026-08-09T09:23:11+00:00,ionq:ionq:qpu:forte-1,ONLINE,
2026-08-09T09:23:11+00:00,azure:rigetti:qpu:cepheus-1-36q,OFFLINE,
2026-08-09T09:23:11+00:00,ibm:ibm:qpu:miami,ONLINE,
2026-08-09T09:23:11+00:00,aws:aqt:qpu:ibex-q1,UNAVAILABLE,
2026-08-09T09:23:11+00:00,aws:quera:qpu:aquila,ONLINE,
2026-08-09T09:23:11+00:00,azure:pasqal:qpu:fresnel,OFFLINE,
2026-08-09T09:23:11+00:00,aws:ionq:qpu:forte-1,ONLINE,
2026-08-09T09:23:11+00:00,aws:iqm:qpu:garnet,UNAVAILABLE,
2026-08-09T09:23:11+00:00,ibm:ibm:qpu:boston,ONLINE,
2026-08-09T09:23:11+00:00,aws:ionq:qpu:forte-enterprise-1,ONLINE,
2026-08-09T09:23:11+00:00,ibm:ibm:qpu:fez,ONLINE,
2026-08-09T09:23:11+00:00,azure:ionq:qpu:forte-enterprise-1,OFFLINE,
2026-08-09T09:23:11+00:00,rigetti:rigetti:qpu:cepheus-1-108q,ONLINE,
2026-08-09T09:23:11+00:00,aws:rigetti:qpu:cepheus-1-108q,ONLINE,
2026-08-09T09:23:11+00:00,openquantum:aqt:qpu:ibex-q1,ONLINE,
2026-08-09T09:23:11+00:00,openquantum:ionq:qpu:forte-1,ONLINE,
2026-08-09T09:23:11+00:00,openquantum:ionq:qpu:forte-enterprise,ONLINE,
2026-08-09T09:23:11+00:00,openquantum:iqm:qpu:emerald,ONLINE,
2026-08-09T09:23:11+00:00,openquantum:iqm:qpu:garnet,ONLINE,
2026-08-09T09:23:11+00:00,openquantum:rigetti:qpu:cepheus-1-108q,ONLINE,
2026-08-09T10:15:51+00:00,ibm:ibm:qpu:marrakesh,UNAVAILABLE,
2026-08-09T10:15:51+00:00,ibm:ibm:qpu:pittsburgh,ONLINE,
2026-08-09T10:15:51+00:00,aws:iqm:qpu:emerald,UNAVAILABLE,
2026-08-09T10:15:51+00:00,azure:ionq:qpu:forte-1,OFFLINE,
2026-08-09T10:15:51+00:00,ibm:ibm:qpu:kingston,ONLINE,
2026-08-09T10:15:51+00:00,ionq:ionq:qpu:forte-1,ONLINE,
2026-08-09T10:15:51+00:00,azure:rigetti:qpu:cepheus-1-36q,OFFLINE,
2026-08-09T10:15:51+00:00,ibm:ibm:qpu:miami,ONLINE,
2026-08-09T10:15:51+00:00,aws:aqt:qpu:ibex-q1,UNAVAILABLE,
2026-08-09T10:15:51+00:00,aws:quera:qpu:aquila,ONLINE,
2026-08-09T10:15:51+00:00,azure:pasqal:qpu:fresnel,OFFLINE,
2026-08-09T10:15:51+00:00,aws:ionq:qpu:forte-1,ONLINE,
2026-08-09T10:15:51+00:00,aws:iqm:qpu:garnet,UNAVAILABLE,
2026-08-09T10:15:51+00:00,ibm:ibm:qpu:boston,ONLINE,
2026-08-09T10:15:51+00:00,aws:ionq:qpu:forte-enterprise-1,ONLINE,
2026-08-09T10:15:51+00:00,ibm:ibm:qpu:fez,ONLINE,
2026-08-09T10:15:51+00:00,azure:ionq:qpu:forte-enterprise-1,OFFLINE,
2026-08-09T10:15:51+00:00,rigetti:rigetti:qpu:cepheus-1-108q,ONLINE,
2026-08-09T10:15:51+00:00,aws:rigetti:qpu:cepheus-1-108q,ONLINE,
2026-08-09T10:15:51+00:00,openquantum:aqt:qpu:ibex-q1,ONLINE,
2026-08-09T10:15:51+00:00,openquantum:ionq:qpu:forte-1,ONLINE,
2026-08-09T10:15:51+00:00,openquantum:ionq:qpu:forte-enterprise,ONLINE,
2026-08-09T10:15:51+00:00,openquantum:iqm:qpu:emerald,ONLINE,
2026-08-09T10:15:51+00:00,openquantum:iqm:qpu:garnet,ONLINE,
2026-08-09T10:15:51+00:00,openquantum:rigetti:qpu:cepheus-1-108q,ONLINE,
2026-08-09T11:11:44+00:00,ibm:ibm:qpu:marrakesh,UNAVAILABLE,
2026-08-09T11:11:44+00:00,ibm:ibm:qpu:pittsburgh,ONLINE,
2026-08-09T11:11:44+00:00,aws:iqm:qpu:emerald,UNAVAILABLE,
2026-08-09T11:11:44+00:00,azure:ionq:qpu:forte-1,OFFLINE,
2026-08-09T11:11:44+00:00,ibm:ibm:qpu:kingston,ONLINE,
2026-08-09T11:11:44+00:00,ionq:ionq:qpu:forte-1,ONLINE,
2026-08-09T11:11:44+00:00,azure:rigetti:qpu:cepheus-1-36q,OFFLINE,
2026-08-09T11:11:44+00:00,ibm:ibm:qpu:miami,ONLINE,
2026-08-09T11:11:44+00:00,aws:aqt:qpu:ibex-q1,UNAVAILABLE,
2026-08-09T11:11:44+00:00,aws:quera:qpu:aquila,ONLINE,
2026-08-09T11:11:44+00:00,azure:pasqal:qpu:fresnel,OFFLINE,
2026-08-09T11:11:44+00:00,aws:ionq:qpu:forte-1,ONLINE,
2026-08-09T11:11:44+00:00,aws:iqm:qpu:garnet,UNAVAILABLE,
2026-08-09T11:11:44+00:00,ibm:ibm:qpu:boston,ONLINE,
2026-08-09T11:11:44+00:00,aws:ionq:qpu:forte-enterprise-1,ONLINE,
2026-08-09T11:11:44+00:00,ibm:ibm:qpu:fez,ONLINE,
2026-08-09T11:11:44+00:00,azure:ionq:qpu:forte-enterprise-1,OFFLINE,
2026-08-09T11:11:44+00:00,rigetti:rigetti:qpu:cepheus-1-108q,ONLINE,
2026-08-09T11:11:44+00:00,aws:rigetti:qpu:cepheus-1-108q,ONLINE,
2026-08-09T11:11:44+00:00,openquantum:aqt:qpu:ibex-q1,ONLINE,
2026-08-09T11:11:44+00:00,openquantum:ionq:qpu:forte-1,ONLINE,
2026-08-09T11:11:44+00:00,openquantum:ionq:qpu:forte-enterprise,ONLINE,
2026-08-09T11:11:44+00:00,openquantum:iqm:qpu:emerald,ONLINE,
2026-08-09T11:11:44+00:00,openquantum:iqm:qpu:garnet,ONLINE,
2026-08-09T11:11:44+00:00,openquantum:rigetti:qpu:cepheus-1-108q,ONLINE,
2026-08-09T12:02:33+00:00,ibm:ibm:qpu:marrakesh,UNAVAILABLE,
2026-08-09T12:02:33+00:00,ibm:ibm:qpu:pittsburgh,ONLINE,
2026-08-09T12:02:33+00:00,aws:iqm:qpu:emerald,UNAVAILABLE,
2026-08-09T12:02:33+00:00,azure:ionq:qpu:forte-1,OFFLINE,
2026-08-09T12:02:33+00:00,ibm:ibm:qpu:kingston,ONLINE,
2026-08-09T12:02:33+00:00,ionq:ionq:qpu:forte-1,ONLINE,
2026-08-09T12:02:33+00:00,azure:rigetti:qpu:cepheus-1-36q,OFFLINE,
2026-08-09T12:02:33+00:00,ibm:ibm:qpu:miami,ONLINE,
2026-08-09T12:02:33+00:00,aws:aqt:qpu:ibex-q1,UNAVAILABLE,
2026-08-09T12:02:33+00:00,aws:quera:qpu:aquila,UNAVAILABLE,
2026-08-09T12:02:33+00:00,azure:pasqal:qpu:fresnel,OFFLINE,
2026-08-09T12:02:33+00:00,aws:ionq:qpu:forte-1,ONLINE,
2026-08-09T12:02:33+00:00,aws:iqm:qpu:garnet,UNAVAILABLE,
2026-08-09T12:02:33+00:00,ibm:ibm:qpu:boston,ONLINE,
2026-08-09T12:02:33+00:00,aws:ionq:qpu:forte-enterprise-1,ONLINE,
2026-08-09T12:02:33+00:00,ibm:ibm:qpu:fez,ONLINE,
2026-08-09T12:02:33+00:00,azure:ionq:qpu:forte-enterprise-1,OFFLINE,
2026-08-09T12:02:33+00:00,rigetti:rigetti:qpu:cepheus-1-108q,ONLINE,
2026-08-09T12:02:33+00:00,aws:rigetti:qpu:cepheus-1-108q,ONLINE,
2026-08-09T12:02:33+00:00,openquantum:aqt:qpu:ibex-q1,ONLINE,
2026-08-09T12:02:33+00:00,openquantum:ionq:qpu:forte-1,ONLINE,
2026-08-09T12:02:33+00:00,openquantum:ionq:qpu:forte-enterprise,ONLINE,
2026-08-09T12:02:33+00:00,openquantum:iqm:qpu:emerald,ONLINE,
2026-08-09T12:02:33+00:00,openquantum:iqm:qpu:garnet,ONLINE,
2026-08-09T12:02:33+00:00,openquantum:rigetti:qpu:cepheus-1-108q,ONLINE,
2026-08-09T13:36:18+00:00,ibm:ibm:qpu:marrakesh,UNAVAILABLE,
2026-08-09T13:36:18+00:00,ibm:ibm:qpu:pittsburgh,ONLINE,
2026-08-09T13:36:18+00:00,aws:iqm:qpu:emerald,UNAVAILABLE,
2026-08-09T13:36:18+00:00,azure:ionq:qpu:forte-1,OFFLINE,
2026-08-09T13:36:18+00:00,ibm:ibm:qpu:kingston,ONLINE,
2026-08-09T13:36:18+00:00,ionq:ionq:qpu:forte-1,ONLINE,
2026-08-09T13:36:18+00:00,azure:rigetti:qpu:cepheus-1-36q,OFFLINE,
2026-08-09T13:36:18+00:00,ibm:ibm:qpu:miami,ONLINE,
2026-08-09T13:36:18+00:00,aws:aqt:qpu:ibex-q1,UNAVAILABLE,
2026-08-09T13:36:18+00:00,aws:quera:qpu:aquila,ONLINE,
2026-08-09T13:36:18+00:00,azure:pasqal:qpu:fresnel,OFFLINE,
2026-08-09T13:36:18+00:00,aws:ionq:qpu:forte-1,ONLINE,
2026-08-09T13:36:18+00:00,aws:iqm:qpu:garnet,UNAVAILABLE,
2026-08-09T13:36:18+00:00,ibm:ibm:qpu:boston,ONLINE,
2026-08-09T13:36:18+00:00,aws:ionq:qpu:forte-enterprise-1,ONLINE,
2026-08-09T13:36:18+00:00,ibm:ibm:qpu:fez,ONLINE,
2026-08-09T13:36:18+00:00,azure:ionq:qpu:forte-enterprise-1,OFFLINE,
2026-08-09T13:36:18+00:00,rigetti:rigetti:qpu:cepheus-1-108q,ONLINE,
2026-08-09T13:36:18+00:00,aws:rigetti:qpu:cepheus-1-108q,ONLINE,
2026-08-09T13:36:18+00:00,openquantum:aqt:qpu:ibex-q1,ONLINE,
2026-08-09T13:36:18+00:00,openquantum:ionq:qpu:forte-1,ONLINE,
2026-08-09T13:36:18+00:00,openquantum:ionq:qpu:forte-enterprise,ONLINE,
2026-08-09T13:36:18+00:00,openquantum:iqm:qpu:emerald,ONLINE,
2026-08-09T13:36:18+00:00,openquantum:iqm:qpu:garnet,ONLINE,
2026-08-09T13:36:18+00:00,openquantum:rigetti:qpu:cepheus-1-108q,ONLINE,
2026-08-09T14:19:46+00:00,ibm:ibm:qpu:marrakesh,UNAVAILABLE,
2026-08-09T14:19:46+00:00,ibm:ibm:qpu:pittsburgh,ONLINE,
2026-08-09T14:19:46+00:00,aws:iqm:qpu:emerald,UNAVAILABLE,
2026-08-09T14:19:46+00:00,azure:ionq:qpu:forte-1,OFFLINE,
2026-08-09T14:19:46+00:00,ibm:ibm:qpu:kingston,ONLINE,
2026-08-09T14:19:46+00:00,ionq:ionq:qpu:forte-1,ONLINE,
2026-08-09T14:19:46+00:00,azure:rigetti:qpu:cepheus-1-36q,OFFLINE,
2026-08-09T14:19:46+00:00,ibm:ibm:qpu:miami,ONLINE,
2026-08-09T14:19:46+00:00,aws:aqt:qpu:ibex-q1,UNAVAILABLE,
2026-08-09T14:19:46+00:00,aws:quera:qpu:aquila,ONLINE,
2026-08-09T14:19:46+00:00,azure:pasqal:qpu:fresnel,OFFLINE,
2026-08-09T14:19:46+00:00,aws:ionq:qpu:forte-1,ONLINE,
2026-08-09T14:19:46+00:00,aws:iqm:qpu:garnet,UNAVAILABLE,
2026-08-09T14:19:46+00:00,ibm:ibm:qpu:boston,ONLINE,
2026-08-09T14:19:46+00:00,aws:ionq:qpu:forte-enterprise-1,ONLINE,
2026-08-09T14:19:46+00:00,ibm:ibm:qpu:fez,ONLINE,
2026-08-09T14:19:46+00:00,azure:ionq:qpu:forte-enterprise-1,OFFLINE,
2026-08-09T14:19:46+00:00,rigetti:rigetti:qpu:cepheus-1-108q,ONLINE,
2026-08-09T14:19:46+00:00,aws:rigetti:qpu:cepheus-1-108q,ONLINE,
2026-08-09T14:19:46+00:00,openquantum:aqt:qpu:ibex-q1,ONLINE,
2026-08-09T14:19:46+00:00,openquantum:ionq:qpu:forte-1,ONLINE,
2026-08-09T14:19:46+00:00,openquantum:ionq:qpu:forte-enterprise,ONLINE,
2026-08-09T14:19:46+00:00,openquantum:iqm:qpu:emerald,ONLINE,
2026-08-09T14:19:46+00:00,openquantum:iqm:qpu:garnet,ONLINE,
2026-08-09T14:19:46+00:00,openquantum:rigetti:qpu:cepheus-1-108q,ONLINE,
2026-08-09T15:07:28+00:00,ibm:ibm:qpu:marrakesh,UNAVAILABLE,
2026-08-09T15:07:28+00:00,ibm:ibm:qpu:pittsburgh,ONLINE,
2026-08-09T15:07:28+00:00,aws:iqm:qpu:emerald,UNAVAILABLE,
2026-08-09T15:07:28+00:00,azure:ionq:qpu:forte-1,OFFLINE,
2026-08-09T15:07:28+00:00,ibm:ibm:qpu:kingston,ONLINE,
2026-08-09T15:07:28+00:00,ionq:ionq:qpu:forte-1,ONLINE,
2026-08-09T15:07:28+00:00,azure:rigetti:qpu:cepheus-1-36q,OFFLINE,
2026-08-09T15:07:28+00:00,ibm:ibm:qpu:miami,ONLINE,
2026-08-09T15:07:28+00:00,aws:aqt:qpu:ibex-q1,UNAVAILABLE,
2026-08-09T15:07:28+00:00,aws:quera:qpu:aquila,ONLINE,
2026-08-09T15:07:28+00:00,azure:pasqal:qpu:fresnel,OFFLINE,
2026-08-09T15:07:28+00:00,aws:ionq:qpu:forte-1,ONLINE,
2026-08-09T15:07:28+00:00,aws:iqm:qpu:garnet,UNAVAILABLE,
2026-08-09T15:07:28+00:00,ibm:ibm:qpu:boston,ONLINE,
2026-08-09T15:07:28+00:00,aws:ionq:qpu:forte-enterprise-1,ONLINE,
2026-08-09T15:07:28+00:00,ibm:ibm:qpu:fez,ONLINE,
2026-08-09T15:07:28+00:00,azure:ionq:qpu:forte-enterprise-1,OFFLINE,
2026-08-09T15:07:28+00:00,rigetti:rigetti:qpu:cepheus-1-108q,ONLINE,
2026-08-09T15:07:28+00:00,aws:rigetti:qpu:cepheus-1-108q,ONLINE,
2026-08-09T15:07:28+00:00,openquantum:aqt:qpu:ibex-q1,ONLINE,
2026-08-09T15:07:28+00:00,openquantum:ionq:qpu:forte-1,ONLINE,
2026-08-09T15:07:28+00:00,openquantum:ionq:qpu:forte-enterprise,ONLINE,
2026-08-09T15:07:28+00:00,openquantum:iqm:qpu:emerald,ONLINE,
2026-08-09T15:07:28+00:00,openquantum:iqm:qpu:garnet,ONLINE,
2026-08-09T15:07:28+00:00,openquantum:rigetti:qpu:cepheus-1-108q,ONLINE,
2026-08-09T16:04:14+00:00,ibm:ibm:qpu:marrakesh,UNAVAILABLE,
2026-08-09T16:04:14+00:00,ibm:ibm:qpu:pittsburgh,ONLINE,
2026-08-09T16:04:14+00:00,aws:iqm:qpu:emerald,UNAVAILABLE,
2026-08-09T16:04:14+00:00,azure:ionq:qpu:forte-1,OFFLINE,
2026-08-09T16:04:14+00:00,ibm:ibm:qpu:kingston,ONLINE,
2026-08-09T16:04:14+00:00,ionq:ionq:qpu:forte-1,ONLINE,
2026-08-09T16:04:14+00:00,azure:rigetti:qpu:cepheus-1-36q,OFFLINE,
2026-08-09T16:04:14+00:00,ibm:ibm:qpu:miami,ONLINE,
2026-08-09T16:04:14+00:00,aws:aqt:qpu:ibex-q1,UNAVAILABLE,
2026-08-09T16:04:14+00:00,aws:quera:qpu:aquila,ONLINE,
2026-08-09T16:04:14+00:00,azure:pasqal:qpu:fresnel,OFFLINE,
2026-08-09T16:04:14+00:00,aws:ionq:qpu:forte-1,ONLINE,
2026-08-09T16:04:14+00:00,aws:iqm:qpu:garnet,UNAVAILABLE,
2026-08-09T16:04:14+00:00,ibm:ibm:qpu:boston,ONLINE,
2026-08-09T16:04:14+00:00,aws:ionq:qpu:forte-enterprise-1,ONLINE,
2026-08-09T16:04:14+00:00,ibm:ibm:qpu:fez,ONLINE,
2026-08-09T16:04:14+00:00,azure:ionq:qpu:forte-enterprise-1,OFFLINE,
2026-08-09T16:04:14+00:00,rigetti:rigetti:qpu:cepheus-1-108q,ONLINE,
2026-08-09T16:04:14+00:00,aws:rigetti:qpu:cepheus-1-108q,ONLINE,
2026-08-09T16:04:14+00:00,openquantum:aqt:qpu:ibex-q1,ONLINE,
2026-08-09T16:04:14+00:00,openquantum:ionq:qpu:forte-1,ONLINE,
2026-08-09T16:04:14+00:00,openquantum:ionq:qpu:forte-enterprise,ONLINE,
2026-08-09T16:04:14+00:00,openquantum:iqm:qpu:emerald,ONLINE,
2026-08-09T16:04:14+00:00,openquantum:iqm:qpu:garnet,ONLINE,
2026-08-09T16:04:14+00:00,openquantum:rigetti:qpu:cepheus-1-108q,ONLINE,
2026-08-09T17:14:10+00:00,ibm:ibm:qpu:marrakesh,UNAVAILABLE,
2026-08-09T17:14:10+00:00,ibm:ibm:qpu:pittsburgh,ONLINE,
2026-08-09T17:14:10+00:00,aws:iqm:qpu:emerald,UNAVAILABLE,
2026-08-09T17:14:10+00:00,azure:ionq:qpu:forte-1,OFFLINE,
2026-08-09T17:14:10+00:00,ibm:ibm:qpu:kingston,ONLINE,
2026-08-09T17:14:10+00:00,ionq:ionq:qpu:forte-1,ONLINE,
2026-08-09T17:14:10+00:00,azure:rigetti:qpu:cepheus-1-36q,OFFLINE,
2026-08-09T17:14:10+00:00,ibm:ibm:qpu:miami,ONLINE,
2026-08-09T17:14:10+00:00,aws:aqt:qpu:ibex-q1,UNAVAILABLE,
2026-08-09T17:14:10+00:00,aws:quera:qpu:aquila,ONLINE,
2026-08-09T17:14:10+00:00,azure:pasqal:qpu:fresnel,OFFLINE,
2026-08-09T17:14:10+00:00,aws:ionq:qpu:forte-1,ONLINE,
2026-08-09T17:14:10+00:00,aws:iqm:qpu:garnet,UNAVAILABLE,
2026-08-09T17:14:10+00:00,ibm:ibm:qpu:boston,ONLINE,
2026-08-09T17:14:10+00:00,aws:ionq:qpu:forte-enterprise-1,ONLINE,
2026-08-09T17:14:10+00:00,ibm:ibm:qpu:fez,ONLINE,
2026-08-09T17:14:10+00:00,azure:ionq:qpu:forte-enterprise-1,OFFLINE,
2026-08-09T17:14:10+00:00,rigetti:rigetti:qpu:cepheus-1-108q,ONLINE,
2026-08-09T17:14:10+00:00,aws:rigetti:qpu:cepheus-1-108q,ONLINE,
2026-08-09T17:14:10+00:00,openquantum:aqt:qpu:ibex-q1,ONLINE,
2026-08-09T17:14:10+00:00,openquantum:ionq:qpu:forte-1,ONLINE,
2026-08-09T17:14:10+00:00,openquantum:ionq:qpu:forte-enterprise,ONLINE,
2026-08-09T17:14:10+00:00,openquantum:iqm:qpu:emerald,ONLINE,
2026-08-09T17:14:10+00:00,openquantum:iqm:qpu:garnet,ONLINE,
2026-08-09T17:14:10+00:00,openquantum:rigetti:qpu:cepheus-1-108q,ONLINE,
2026-08-09T18:04:51+00:00,ibm:ibm:qpu:marrakesh,UNAVAILABLE,
2026-08-09T18:04:51+00:00,ibm:ibm:qpu:pittsburgh,ONLINE,
2026-08-09T18:04:51+00:00,aws:iqm:qpu:emerald,UNAVAILABLE,
2026-08-09T18:04:51+00:00,azure:ionq:qpu:forte-1,OFFLINE,
2026-08-09T18:04:51+00:00,ibm:ibm:qpu:kingston,ONLINE,
2026-08-09T18:04:51+00:00,ionq:ionq:qpu:forte-1,ONLINE,
2026-08-09T18:04:51+00:00,azure:rigetti:qpu:cepheus-1-36q,OFFLINE,
2026-08-09T18:04:51+00:00,ibm:ibm:qpu:miami,ONLINE,
2026-08-09T18:04:51+00:00,aws:aqt:qpu:ibex-q1,UNAVAILABLE,
2026-08-09T18:04:51+00:00,aws:quera:qpu:aquila,ONLINE,
2026-08-09T18:04:51+00:00,azure:pasqal:qpu:fresnel,OFFLINE,
2026-08-09T18:04:51+00:00,aws:ionq:qpu:forte-1,UNAVAILABLE,
2026-08-09T18:04:51+00:00,aws:iqm:qpu:garnet,UNAVAILABLE,
2026-08-09T18:04:51+00:00,ibm:ibm:qpu:boston,ONLINE,
2026-08-09T18:04:51+00:00,aws:ionq:qpu:forte-enterprise-1,ONLINE,
2026-08-09T18:04:51+00:00,ibm:ibm:qpu:fez,ONLINE,
2026-08-09T18:04:51+00:00,azure:ionq:qpu:forte-enterprise-1,OFFLINE,
2026-08-09T18:04:51+00:00,rigetti:rigetti:qpu:cepheus-1-108q,ONLINE,
2026-08-09T18:04:51+00:00,aws:rigetti:qpu:cepheus-1-108q,ONLINE,
2026-08-09T18:04:51+00:00,openquantum:aqt:qpu:ibex-q1,ONLINE,
2026-08-09T18:04:51+00:00,openquantum:ionq:qpu:forte-1,ONLINE,
2026-08-09T18:04:51+00:00,openquantum:ionq:qpu:forte-enterprise,ONLINE,
2026-08-09T18:04:51+00:00,openquantum:iqm:qpu:emerald,ONLINE,
2026-08-09T18:04:51+00:00,openquantum:iqm:qpu:garnet,ONLINE,
2026-08-09T18:04:51+00:00,openquantum:rigetti:qpu:cepheus-1-108q,ONLINE,
2026-08-09T19:20:09+00:00,ibm:ibm:qpu:marrakesh,UNAVAILABLE,
2026-08-09T19:20:09+00:00,ibm:ibm:qpu:pittsburgh,ONLINE,
2026-08-09T19:20:09+00:00,aws:iqm:qpu:emerald,UNAVAILABLE,
2026-08-09T19:20:09+00:00,azure:ionq:qpu:forte-1,OFFLINE,
2026-08-09T19:20:09+00:00,ibm:ibm:qpu:kingston,ONLINE,
2026-08-09T19:20:09+00:00,ionq:ionq:qpu:forte-1,ONLINE,
2026-08-09T19:20:09+00:00,azure:rigetti:qpu:cepheus-1-36q,OFFLINE,
2026-08-09T19:20:09+00:00,ibm:ibm:qpu:miami,ONLINE,
2026-08-09T19:20:09+00:00,aws:aqt:qpu:ibex-q1,UNAVAILABLE,
2026-08-09T19:20:09+00:00,aws:quera:qpu:aquila,ONLINE,
2026-08-09T19:20:09+00:00,azure:pasqal:qpu:fresnel,OFFLINE,
2026-08-09T19:20:09+00:00,aws:ionq:qpu:forte-1,ONLINE,
2026-08-09T19:20:09+00:00,aws:iqm:qpu:garnet,UNAVAILABLE,
2026-08-09T19:20:09+00:00,ibm:ibm:qpu:boston,ONLINE,
2026-08-09T19:20:09+00:00,aws:ionq:qpu:forte-enterprise-1,ONLINE,
2026-08-09T19:20:09+00:00,ibm:ibm:qpu:fez,ONLINE,
2026-08-09T19:20:09+00:00,azure:ionq:qpu:forte-enterprise-1,OFFLINE,
2026-08-09T19:20:09+00:00,rigetti:rigetti:qpu:cepheus-1-108q,ONLINE,
2026-08-09T19:20:09+00:00,aws:rigetti:qpu:cepheus-1-108q,UNAVAILABLE,
2026-08-09T19:20:09+00:00,openquantum:aqt:qpu:ibex-q1,ONLINE,
2026-08-09T19:20:09+00:00,openquantum:ionq:qpu:forte-1,ONLINE,
2026-08-09T19:20:09+00:00,openquantum:ionq:qpu:forte-enterprise,ONLINE,
2026-08-09T19:20:09+00:00,openquantum:iqm:qpu:emerald,ONLINE,
2026-08-09T19:20:09+00:00,openquantum:iqm:qpu:garnet,ONLINE,
2026-08-09T19:20:09+00:00,openquantum:rigetti:qpu:cepheus-1-108q,ONLINE,
2026-08-09T20:03:56+00:00,ibm:ibm:qpu:marrakesh,UNAVAILABLE,
2026-08-09T20:03:56+00:00,ibm:ibm:qpu:pittsburgh,ONLINE,
2026-08-09T20:03:56+00:00,aws:iqm:qpu:emerald,UNAVAILABLE,
2026-08-09T20:03:56+00:00,azure:ionq:qpu:forte-1,OFFLINE,
2026-08-09T20:03:56+00:00,ibm:ibm:qpu:kingston,ONLINE,
2026-08-09T20:03:56+00:00,ionq:ionq:qpu:forte-1,ONLINE,
2026-08-09T20:03:56+00:00,azure:rigetti:qpu:cepheus-1-36q,OFFLINE,
2026-08-09T20:03:56+00:00,ibm:ibm:qpu:miami,ONLINE,
2026-08-09T20:03:56+00:00,aws:aqt:qpu:ibex-q1,UNAVAILABLE,
2026-08-09T20:03:56+00:00,aws:quera:qpu:aquila,ONLINE,
2026-08-09T20:03:56+00:00,azure:pasqal:qpu:fresnel,OFFLINE,
2026-08-09T20:03:56+00:00,aws:ionq:qpu:forte-1,ONLINE,
2026-08-09T20:03:56+00:00,aws:iqm:qpu:garnet,UNAVAILABLE,
2026-08-09T20:03:56+00:00,ibm:ibm:qpu:boston,ONLINE,
2026-08-09T20:03:56+00:00,aws:ionq:qpu:forte-enterprise-1,ONLINE,
2026-08-09T20:03:56+00:00,ibm:ibm:qpu:fez,ONLINE,
2026-08-09T20:03:56+00:00,azure:ionq:qpu:forte-enterprise-1,OFFLINE,
2026-08-09T20:03:56+00:00,rigetti:rigetti:qpu:cepheus-1-108q,ONLINE,
2026-08-09T20:03:56+00:00,aws:rigetti:qpu:cepheus-1-108q,UNAVAILABLE,
2026-08-09T20:03:56+00:00,openquantum:aqt:qpu:ibex-q1,ONLINE,
2026-08-09T20:03:56+00:00,openquantum:ionq:qpu:forte-1,ONLINE,
2026-08-09T20:03:56+00:00,openquantum:ionq:qpu:forte-enterprise,ONLINE,
2026-08-09T20:03:56+00:00,openquantum:iqm:qpu:emerald,ONLINE,
2026-08-09T20:03:56+00:00,openquantum:iqm:qpu:garnet,ONLINE,
2026-08-09T20:03:56+00:00,openquantum:rigetti:qpu:cepheus-1-108q,ONLINE,
2026-08-09T21:13:06+00:00,ibm:ibm:qpu:marrakesh,UNAVAILABLE,
2026-08-09T21:13:06+00:00,ibm:ibm:qpu:pittsburgh,ONLINE,
2026-08-09T21:13:06+00:00,aws:iqm:qpu:emerald,UNAVAILABLE,
2026-08-09T21:13:06+00:00,azure:ionq:qpu:forte-1,OFFLINE,
2026-08-09T21:13:06+00:00,ibm:ibm:qpu:kingston,ONLINE,
2026-08-09T21:13:06+00:00,ionq:ionq:qpu:forte-1,ONLINE,
2026-08-09T21:13:06+00:00,azure:rigetti:qpu:cepheus-1-36q,OFFLINE,
2026-08-09T21:13:06+00:00,ibm:ibm:qpu:miami,ONLINE,
2026-08-09T21:13:06+00:00,aws:aqt:qpu:ibex-q1,UNAVAILABLE,
2026-08-09T21:13:06+00:00,aws:quera:qpu:aquila,ONLINE,
2026-08-09T21:13:06+00:00,azure:pasqal:qpu:fresnel,OFFLINE,
2026-08-09T21:13:06+00:00,aws:ionq:qpu:forte-1,ONLINE,
2026-08-09T21:13:06+00:00,aws:iqm:qpu:garnet,UNAVAILABLE,
2026-08-09T21:13:06+00:00,ibm:ibm:qpu:boston,ONLINE,
2026-08-09T21:13:06+00:00,aws:ionq:qpu:forte-enterprise-1,ONLINE,
2026-08-09T21:13:06+00:00,ibm:ibm:qpu:fez,ONLINE,
2026-08-09T21:13:06+00:00,azure:ionq:qpu:forte-enterprise-1,OFFLINE,
2026-08-09T21:13:06+00:00,rigetti:rigetti:qpu:cepheus-1-108q,ONLINE,
2026-08-09T21:13:06+00:00,aws:rigetti:qpu:cepheus-1-108q,ONLINE,
2026-08-09T21:13:06+00:00,openquantum:aqt:qpu:ibex-q1,ONLINE,
2026-08-09T21:13:06+00:00,openquantum:ionq:qpu:forte-1,ONLINE,
2026-08-09T21:13:06+00:00,openquantum:ionq:qpu:forte-enterprise,ONLINE,
2026-08-09T21:13:06+00:00,openquantum:iqm:qpu:emerald,ONLINE,
2026-08-09T21:13:06+00:00,openquantum:iqm:qpu:garnet,ONLINE,
2026-08-09T21:13:06+00:00,openquantum:rigetti:qpu:cepheus-1-108q,ONLINE,
2026-08-09T22:04:00+00:00,ibm:ibm:qpu:marrakesh,UNAVAILABLE,
2026-08-09T22:04:00+00:00,ibm:ibm:qpu:pittsburgh,ONLINE,
2026-08-09T22:04:00+00:00,aws:iqm:qpu:emerald,UNAVAILABLE,
2026-08-09T22:04:00+00:00,azure:ionq:qpu:forte-1,OFFLINE,
2026-08-09T22:04:00+00:00,ibm:ibm:qpu:kingston,ONLINE,
2026-08-09T22:04:00+00:00,ionq:ionq:qpu:forte-1,ONLINE,
2026-08-09T22:04:00+00:00,azure:rigetti:qpu:cepheus-1-36q,OFFLINE,
2026-08-09T22:04:00+00:00,ibm:ibm:qpu:miami,ONLINE,
2026-08-09T22:04:00+00:00,aws:aqt:qpu:ibex-q1,UNAVAILABLE,
2026-08-09T22:04:00+00:00,aws:quera:qpu:aquila,ONLINE,
2026-08-09T22:04:00+00:00,azure:pasqal:qpu:fresnel,OFFLINE,
2026-08-09T22:04:00+00:00,aws:ionq:qpu:forte-1,ONLINE,
2026-08-09T22:04:00+00:00,aws:iqm:qpu:garnet,UNAVAILABLE,
2026-08-09T22:04:00+00:00,ibm:ibm:qpu:boston,ONLINE,
2026-08-09T22:04:00+00:00,aws:ionq:qpu:forte-enterprise-1,ONLINE,
2026-08-09T22:04:00+00:00,ibm:ibm:qpu:fez,ONLINE,
2026-08-09T22:04:00+00:00,azure:ionq:qpu:forte-enterprise-1,OFFLINE,
2026-08-09T22:04:00+00:00,rigetti:rigetti:qpu:cepheus-1-108q,ONLINE,
2026-08-09T22:04:00+00:00,aws:rigetti:qpu:cepheus-1-108q,ONLINE,
2026-08-09T22:04:00+00:00,openquantum:aqt:qpu:ibex-q1,ONLINE,
2026-08-09T22:04:00+00:00,openquantum:ionq:qpu:forte-1,ONLINE,
2026-08-09T22:04:00+00:00,openquantum:ionq:qpu:forte-enterprise,ONLINE,
2026-08-09T22:04:00+00:00,openquantum:iqm:qpu:emerald,ONLINE,
2026-08-09T22:04:00+00:00,openquantum:iqm:qpu:garnet,ONLINE,
2026-08-09T22:04:00+00:00,openquantum:rigetti:qpu:cepheus-1-108q,ONLINE,
2026-08-09T23:05:21+00:00,ibm:ibm:qpu:marrakesh,UNAVAILABLE,
2026-08-09T23:05:21+00:00,ibm:ibm:qpu:pittsburgh,ONLINE,
2026-08-09T23:05:21+00:00,aws:iqm:qpu:emerald,UNAVAILABLE,
2026-08-09T23:05:21+00:00,azure:ionq:qpu:forte-1,OFFLINE,
2026-08-09T23:05:21+00:00,ibm:ibm:qpu:kingston,ONLINE,
2026-08-09T23:05:21+00:00,ionq:ionq:qpu:forte-1,ONLINE,
2026-08-09T23:05:21+00:00,azure:rigetti:qpu:cepheus-1-36q,OFFLINE,
2026-08-09T23:05:21+00:00,ibm:ibm:qpu:miami,ONLINE,
2026-08-09T23:05:21+00:00,aws:aqt:qpu:ibex-q1,UNAVAILABLE,
2026-08-09T23:05:21+00:00,aws:quera:qpu:aquila,ONLINE,
2026-08-09T23:05:21+00:00,azure:pasqal:qpu:fresnel,OFFLINE,
2026-08-09T23:05:21+00:00,aws:ionq:qpu:forte-1,ONLINE,
2026-08-09T23:05:21+00:00,aws:iqm:qpu:garnet,UNAVAILABLE,
2026-08-09T23:05:21+00:00,ibm:ibm:qpu:boston,ONLINE,
2026-08-09T23:05:21+00:00,aws:ionq:qpu:forte-enterprise-1,ONLINE,
2026-08-09T23:05:21+00:00,ibm:ibm:qpu:fez,ONLINE,
2026-08-09T23:05:21+00:00,azure:ionq:qpu:forte-enterprise-1,OFFLINE,
2026-08-09T23:05:21+00:00,rigetti:rigetti:qpu:cepheus-1-108q,ONLINE,
2026-08-09T23:05:21+00:00,aws:rigetti:qpu:cepheus-1-108q,ONLINE,
2026-08-09T23:05:21+00:00,openquantum:aqt:qpu:ibex-q1,ONLINE,
2026-08-09T23:05:21+00:00,openquantum:ionq:qpu:forte-1,ONLINE,
2026-08-09T23:05:21+00:00,openquantum:ionq:qpu:forte-enterprise,ONLINE,
2026-08-09T23:05:21+00:00,openquantum:iqm:qpu:emerald,ONLINE,
2026-08-09T23:05:21+00:00,openquantum:iqm:qpu:garnet,ONLINE,
2026-08-09T23:05:21+00:00,openquantum:rigetti:qpu:cepheus-1-108q,ONLINE,
2026-08-10T00:05:05+00:00,ibm:ibm:qpu:marrakesh,UNAVAILABLE,
2026-08-10T00:05:05+00:00,ibm:ibm:qpu:pittsburgh,ONLINE,
2026-08-10T00:05:05+00:00,aws:iqm:qpu:emerald,ONLINE,
2026-08-10T00:05:05+00:00,azure:ionq:qpu:forte-1,OFFLINE,
2026-08-10T00:05:05+00:00,ibm:ibm:qpu:kingston,ONLINE,
2026-08-10T00:05:05+00:00,ionq:ionq:qpu:forte-1,ONLINE,
2026-08-10T00:05:05+00:00,azure:rigetti:qpu:cepheus-1-36q,OFFLINE,
2026-08-10T00:05:05+00:00,ibm:ibm:qpu:miami,ONLINE,
2026-08-10T00:05:05+00:00,aws:aqt:qpu:ibex-q1,UNAVAILABLE,
2026-08-10T00:05:05+00:00,aws:quera:qpu:aquila,UNAVAILABLE,
2026-08-10T00:05:05+00:00,azure:pasqal:qpu:fresnel,OFFLINE,
2026-08-10T00:05:05+00:00,aws:ionq:qpu:forte-1,ONLINE,
2026-08-10T00:05:05+00:00,aws:iqm:qpu:garnet,ONLINE,
2026-08-10T00:05:05+00:00,ibm:ibm:qpu:boston,ONLINE,
2026-08-10T00:05:05+00:00,aws:ionq:qpu:forte-enterprise-1,ONLINE,
2026-08-10T00:05:05+00:00,ibm:ibm:qpu:fez,ONLINE,
2026-08-10T00:05:05+00:00,azure:ionq:qpu:forte-enterprise-1,OFFLINE,
2026-08-10T00:05:05+00:00,rigetti:rigetti:qpu:cepheus-1-108q,ONLINE,
2026-08-10T00:05:05+00:00,aws:rigetti:qpu:cepheus-1-108q,ONLINE,
2026-08-10T00:05:05+00:00,openquantum:aqt:qpu:ibex-q1,ONLINE,
2026-08-10T00:05:05+00:00,openquantum:ionq:qpu:forte-1,ONLINE,
2026-08-10T00:05:05+00:00,openquantum:ionq:qpu:forte-enterprise,ONLINE,
2026-08-10T00:05:05+00:00,openquantum:iqm:qpu:emerald,ONLINE,
2026-08-10T00:05:05+00:00,openquantum:iqm:qpu:garnet,ONLINE,
2026-08-10T00:05:05+00:00,openquantum:rigetti:qpu:cepheus-1-108q,ONLINE,
2026-08-10T02:59:28+00:00,ibm:ibm:qpu:marrakesh,UNAVAILABLE,
2026-08-10T02:59:28+00:00,ibm:ibm:qpu:pittsburgh,ONLINE,
2026-08-10T02:59:28+00:00,aws:iqm:qpu:emerald,ONLINE,
2026-08-10T02:59:28+00:00,azure:ionq:qpu:forte-1,OFFLINE,
2026-08-10T02:59:28+00:00,ibm:ibm:qpu:kingston,ONLINE,
2026-08-10T02:59:28+00:00,ionq:ionq:qpu:forte-1,ONLINE,
2026-08-10T02:59:28+00:00,azure:rigetti:qpu:cepheus-1-36q,OFFLINE,
2026-08-10T02:59:28+00:00,ibm:ibm:qpu:miami,ONLINE,
2026-08-10T02:59:28+00:00,aws:aqt:qpu:ibex-q1,UNAVAILABLE,
2026-08-10T02:59:28+00:00,aws:quera:qpu:aquila,ONLINE,
2026-08-10T02:59:28+00:00,azure:pasqal:qpu:fresnel,OFFLINE,
2026-08-10T02:59:28+00:00,aws:ionq:qpu:forte-1,ONLINE,
2026-08-10T02:59:28+00:00,aws:iqm:qpu:garnet,UNAVAILABLE,
2026-08-10T02:59:28+00:00,ibm:ibm:qpu:boston,ONLINE,
2026-08-10T02:59:28+00:00,aws:ionq:qpu:forte-enterprise-1,ONLINE,
2026-08-10T02:59:28+00:00,ibm:ibm:qpu:fez,ONLINE,
2026-08-10T02:59:28+00:00,azure:ionq:qpu:forte-enterprise-1,OFFLINE,
2026-08-10T02:59:28+00:00,rigetti:rigetti:qpu:cepheus-1-108q,ONLINE,
2026-08-10T02:59:28+00:00,aws:rigetti:qpu:cepheus-1-108q,ONLINE,
2026-08-10T02:59:28+00:00,openquantum:aqt:qpu:ibex-q1,ONLINE,
2026-08-10T02:59:28+00:00,openquantum:ionq:qpu:forte-1,ONLINE,
2026-08-10T02:59:28+00:00,openquantum:ionq:qpu:forte-enterprise,ONLINE,
2026-08-10T02:59:28+00:00,openquantum:iqm:qpu:emerald,ONLINE,
2026-08-10T02:59:28+00:00,openquantum:iqm:qpu:garnet,ONLINE,
2026-08-10T02:59:28+00:00,openquantum:rigetti:qpu:cepheus-1-108q,ONLINE,
2026-08-10T04:46:45+00:00,ibm:ibm:qpu:marrakesh,ONLINE,
2026-08-10T04:46:45+00:00,ibm:ibm:qpu:pittsburgh,ONLINE,
2026-08-10T04:46:45+00:00,aws:iqm:qpu:emerald,UNAVAILABLE,
2026-08-10T04:46:45+00:00,azure:ionq:qpu:forte-1,OFFLINE,
2026-08-10T04:46:45+00:00,ibm:ibm:qpu:kingston,ONLINE,
2026-08-10T04:46:45+00:00,ionq:ionq:qpu:forte-1,ONLINE,
2026-08-10T04:46:45+00:00,azure:rigetti:qpu:cepheus-1-36q,OFFLINE,
2026-08-10T04:46:45+00:00,ibm:ibm:qpu:miami,ONLINE,
2026-08-10T04:46:45+00:00,aws:aqt:qpu:ibex-q1,UNAVAILABLE,
2026-08-10T04:46:45+00:00,aws:quera:qpu:aquila,ONLINE,
2026-08-10T04:46:45+00:00,azure:pasqal:qpu:fresnel,OFFLINE,
2026-08-10T04:46:45+00:00,aws:ionq:qpu:forte-1,ONLINE,
2026-08-10T04:46:45+00:00,aws:iqm:qpu:garnet,ONLINE,
2026-08-10T04:46:45+00:00,ibm:ibm:qpu:boston,ONLINE,
2026-08-10T04:46:45+00:00,aws:ionq:qpu:forte-enterprise-1,ONLINE,
2026-08-10T04:46:45+00:00,ibm:ibm:qpu:fez,ONLINE,
2026-08-10T04:46:45+00:00,azure:ionq:qpu:forte-enterprise-1,OFFLINE,
2026-08-10T04:46:45+00:00,rigetti:rigetti:qpu:cepheus-1-108q,ONLINE,
2026-08-10T04:46:45+00:00,aws:rigetti:qpu:cepheus-1-108q,ONLINE,
2026-08-10T04:46:45+00:00,openquantum:aqt:qpu:ibex-q1,ONLINE,
2026-08-10T04:46:45+00:00,openquantum:ionq:qpu:forte-1,ONLINE,
2026-08-10T04:46:45+00:00,openquantum:ionq:qpu:forte-enterprise,ONLINE,
2026-08-10T04:46:45+00:00,openquantum:iqm:qpu:emerald,ONLINE,
2026-08-10T04:46:45+00:00,openquantum:iqm:qpu:garnet,ONLINE,
2026-08-10T04:46:45+00:00,openquantum:rigetti:qpu:cepheus-1-108q,ONLINE,
2026-08-10T06:09:44+00:00,ibm:ibm:qpu:marrakesh,ONLINE,
2026-08-10T06:09:44+00:00,ibm:ibm:qpu:pittsburgh,ONLINE,
2026-08-10T06:09:44+00:00,aws:iqm:qpu:emerald,UNAVAILABLE,
2026-08-10T06:09:44+00:00,azure:ionq:qpu:forte-1,OFFLINE,
2026-08-10T06:09:44+00:00,ibm:ibm:qpu:kingston,ONLINE,
2026-08-10T06:09:44+00:00,ionq:ionq:qpu:forte-1,ONLINE,
2026-08-10T06:09:44+00:00,azure:rigetti:qpu:cepheus-1-36q,OFFLINE,
2026-08-10T06:09:44+00:00,ibm:ibm:qpu:miami,ONLINE,
2026-08-10T06:09:44+00:00,aws:aqt:qpu:ibex-q1,UNAVAILABLE,
2026-08-10T06:09:44+00:00,aws:quera:qpu:aquila,ONLINE,
2026-08-10T06:09:44+00:00,azure:pasqal:qpu:fresnel,OFFLINE,
2026-08-10T06:09:44+00:00,aws:ionq:qpu:forte-1,ONLINE,
2026-08-10T06:09:44+00:00,aws:iqm:qpu:garnet,ONLINE,
2026-08-10T06:09:44+00:00,ibm:ibm:qpu:boston,ONLINE,
2026-08-10T06:09:44+00:00,aws:ionq:qpu:forte-enterprise-1,ONLINE,
2026-08-10T06:09:44+00:00,ibm:ibm:qpu:fez,ONLINE,
2026-08-10T06:09:44+00:00,azure:ionq:qpu:forte-enterprise-1,OFFLINE,
2026-08-10T06:09:44+00:00,rigetti:rigetti:qpu:cepheus-1-108q,ONLINE,
2026-08-10T06:09:44+00:00,aws:rigetti:qpu:cepheus-1-108q,ONLINE,
2026-08-10T06:09:44+00:00,openquantum:aqt:qpu:ibex-q1,ONLINE,
2026-08-10T06:09:44+00:00,openquantum:ionq:qpu:forte-1,ONLINE,
2026-08-10T06:09:44+00:00,openquantum:ionq:qpu:forte-enterprise,ONLINE,
2026-08-10T06:09:44+00:00,openquantum:iqm:qpu:emerald,ONLINE,
2026-08-10T06:09:44+00:00,openquantum:iqm:qpu:garnet,ONLINE,
2026-08-10T06:09:44+00:00,openquantum:rigetti:qpu:cepheus-1-108q,ONLINE,
2026-08-10T08:16:33+00:00,ibm:ibm:qpu:marrakesh,ONLINE,
2026-08-10T08:16:33+00:00,ibm:ibm:qpu:pittsburgh,ONLINE,
2026-08-10T08:16:33+00:00,aws:iqm:qpu:emerald,ONLINE,
2026-08-10T08:16:33+00:00,azure:ionq:qpu:forte-1,OFFLINE,
2026-08-10T08:16:33+00:00,ibm:ibm:qpu:kingston,ONLINE,
2026-08-10T08:16:33+00:00,ionq:ionq:qpu:forte-1,ONLINE,
2026-08-10T08:16:33+00:00,azure:rigetti:qpu:cepheus-1-36q,OFFLINE,
2026-08-10T08:16:33+00:00,ibm:ibm:qpu:miami,ONLINE,
2026-08-10T08:16:33+00:00,aws:aqt:qpu:ibex-q1,UNAVAILABLE,
2026-08-10T08:16:33+00:00,aws:quera:qpu:aquila,ONLINE,
2026-08-10T08:16:33+00:00,azure:pasqal:qpu:fresnel,OFFLINE,
2026-08-10T08:16:33+00:00,aws:ionq:qpu:forte-1,ONLINE,
2026-08-10T08:16:33+00:00,aws:iqm:qpu:garnet,ONLINE,
2026-08-10T08:16:33+00:00,ibm:ibm:qpu:boston,ONLINE,
2026-08-10T08:16:33+00:00,aws:ionq:qpu:forte-enterprise-1,ONLINE,
2026-08-10T08:16:33+00:00,ibm:ibm:qpu:fez,ONLINE,
2026-08-10T08:16:33+00:00,azure:ionq:qpu:forte-enterprise-1,OFFLINE,
2026-08-10T08:16:33+00:00,rigetti:rigetti:qpu:cepheus-1-108q,ONLINE,
2026-08-10T08:16:33+00:00,aws:rigetti:qpu:cepheus-1-108q,UNAVAILABLE,
2026-08-10T08:16:33+00:00,openquantum:aqt:qpu:ibex-q1,ONLINE,
2026-08-10T08:16:33+00:00,openquantum:ionq:qpu:forte-1,ONLINE,
2026-08-10T08:16:33+00:00,openquantum:ionq:qpu:forte-enterprise,ONLINE,
2026-08-10T08:16:33+00:00,openquantum:iqm:qpu:emerald,ONLINE,
2026-08-10T08:16:33+00:00,openquantum:iqm:qpu:garnet,ONLINE,
2026-08-10T08:16:33+00:00,openquantum:rigetti:qpu:cepheus-1-108q,ONLINE,
2026-08-10T10:01:50+00:00,ibm:ibm:qpu:marrakesh,ONLINE,
2026-08-10T10:01:50+00:00,ibm:ibm:qpu:pittsburgh,ONLINE,
2026-08-10T10:01:50+00:00,aws:iqm:qpu:emerald,ONLINE,
2026-08-10T10:01:50+00:00,azure:ionq:qpu:forte-1,OFFLINE,
2026-08-10T10:01:50+00:00,ibm:ibm:qpu:kingston,ONLINE,
2026-08-10T10:01:50+00:00,ionq:ionq:qpu:forte-1,ONLINE,
2026-08-10T10:01:50+00:00,azure:rigetti:qpu:cepheus-1-36q,OFFLINE,
2026-08-10T10:01:50+00:00,ibm:ibm:qpu:miami,ONLINE,
2026-08-10T10:01:50+00:00,aws:aqt:qpu:ibex-q1,UNAVAILABLE,
2026-08-10T10:01:50+00:00,aws:quera:qpu:aquila,ONLINE,
2026-08-10T10:01:50+00:00,azure:pasqal:qpu:fresnel,OFFLINE,
2026-08-10T10:01:50+00:00,aws:ionq:qpu:forte-1,ONLINE,
2026-08-10T10:01:50+00:00,aws:iqm:qpu:garnet,ONLINE,
2026-08-10T10:01:50+00:00,ibm:ibm:qpu:boston,ONLINE,
2026-08-10T10:01:50+00:00,aws:ionq:qpu:forte-enterprise-1,ONLINE,
2026-08-10T10:01:50+00:00,ibm:ibm:qpu:fez,ONLINE,
2026-08-10T10:01:50+00:00,azure:ionq:qpu:forte-enterprise-1,OFFLINE,
2026-08-10T10:01:50+00:00,rigetti:rigetti:qpu:cepheus-1-108q,ONLINE,
2026-08-10T10:01:50+00:00,aws:rigetti:qpu:cepheus-1-108q,ONLINE,
2026-08-10T10:01:50+00:00,openquantum:aqt:qpu:ibex-q1,ONLINE,
2026-08-10T10:01:50+00:00,openquantum:ionq:qpu:forte-1,ONLINE,
2026-08-10T10:01:50+00:00,openquantum:ionq:qpu:forte-enterprise,ONLINE,
2026-08-10T10:01:50+00:00,openquantum:iqm:qpu:emerald,ONLINE,
2026-08-10T10:01:50+00:00,openquantum:iqm:qpu:garnet,ONLINE,
2026-08-10T10:01:50+00:00,openquantum:rigetti:qpu:cepheus-1-108q,ONLINE,
2026-08-10T11:34:08+00:00,ibm:ibm:qpu:marrakesh,UNAVAILABLE,
2026-08-10T11:34:08+00:00,ibm:ibm:qpu:pittsburgh,ONLINE,
2026-08-10T11:34:08+00:00,aws:iqm:qpu:emerald,ONLINE,
2026-08-10T11:34:08+00:00,azure:ionq:qpu:forte-1,OFFLINE,
2026-08-10T11:34:08+00:00,ibm:ibm:qpu:kingston,ONLINE,
2026-08-10T11:34:08+00:00,ionq:ionq:qpu:forte-1,ONLINE,
2026-08-10T11:34:08+00:00,azure:rigetti:qpu:cepheus-1-36q,OFFLINE,
2026-08-10T11:34:08+00:00,ibm:ibm:qpu:miami,ONLINE,
2026-08-10T11:34:08+00:00,aws:aqt:qpu:ibex-q1,ONLINE,
2026-08-10T11:34:08+00:00,aws:quera:qpu:aquila,ONLINE,
2026-08-10T11:34:08+00:00,azure:pasqal:qpu:fresnel,OFFLINE,
2026-08-10T11:34:08+00:00,aws:ionq:qpu:forte-1,ONLINE,
2026-08-10T11:34:08+00:00,aws:iqm:qpu:garnet,ONLINE,
2026-08-10T11:34:08+00:00,ibm:ibm:qpu:boston,ONLINE,
2026-08-10T11:34:08+00:00,aws:ionq:qpu:forte-enterprise-1,ONLINE,
2026-08-10T11:34:08+00:00,ibm:ibm:qpu:fez,ONLINE,
2026-08-10T11:34:08+00:00,azure:ionq:qpu:forte-enterprise-1,OFFLINE,
2026-08-10T11:34:08+00:00,rigetti:rigetti:qpu:cepheus-1-108q,ONLINE,
2026-08-10T11:34:08+00:00,aws:rigetti:qpu:cepheus-1-108q,ONLINE,
2026-08-10T11:34:08+00:00,openquantum:aqt:qpu:ibex-q1,ONLINE,
2026-08-10T11:34:08+00:00,openquantum:ionq:qpu:forte-1,ONLINE,
2026-08-10T11:34:08+00:00,openquantum:ionq:qpu:forte-enterprise,ONLINE,
2026-08-10T11:34:08+00:00,openquantum:iqm:qpu:emerald,ONLINE,
2026-08-10T11:34:08+00:00,openquantum:iqm:qpu:garnet,ONLINE,
2026-08-10T11:34:08+00:00,openquantum:rigetti:qpu:cepheus-1-108q,ONLINE,
2026-08-10T12:32:12+00:00,ibm:ibm:qpu:marrakesh,ONLINE,
2026-08-10T12:32:12+00:00,ibm:ibm:qpu:pittsburgh,ONLINE,
2026-08-10T12:32:12+00:00,aws:iqm:qpu:emerald,ONLINE,
2026-08-10T12:32:12+00:00,azure:ionq:qpu:forte-1,OFFLINE,
2026-08-10T12:32:12+00:00,ibm:ibm:qpu:kingston,ONLINE,
2026-08-10T12:32:12+00:00,ionq:ionq:qpu:forte-1,ONLINE,
2026-08-10T12:32:12+00:00,azure:rigetti:qpu:cepheus-1-36q,OFFLINE,
2026-08-10T12:32:12+00:00,ibm:ibm:qpu:miami,ONLINE,
2026-08-10T12:32:12+00:00,aws:aqt:qpu:ibex-q1,ONLINE,
2026-08-10T12:32:12+00:00,aws:quera:qpu:aquila,UNAVAILABLE,
2026-08-10T12:32:12+00:00,azure:pasqal:qpu:fresnel,OFFLINE,
2026-08-10T12:32:12+00:00,aws:ionq:qpu:forte-1,ONLINE,
2026-08-10T12:32:12+00:00,aws:iqm:qpu:garnet,ONLINE,
2026-08-10T12:32:12+00:00,ibm:ibm:qpu:boston,ONLINE,
2026-08-10T12:32:12+00:00,aws:ionq:qpu:forte-enterprise-1,ONLINE,
2026-08-10T12:32:12+00:00,ibm:ibm:qpu:fez,ONLINE,
2026-08-10T12:32:12+00:00,azure:ionq:qpu:forte-enterprise-1,OFFLINE,
2026-08-10T12:32:12+00:00,rigetti:rigetti:qpu:cepheus-1-108q,ONLINE,
2026-08-10T12:32:12+00:00,aws:rigetti:qpu:cepheus-1-108q,ONLINE,
2026-08-10T12:32:12+00:00,openquantum:aqt:qpu:ibex-q1,ONLINE,
2026-08-10T12:32:12+00:00,openquantum:ionq:qpu:forte-1,ONLINE,
2026-08-10T12:32:12+00:00,openquantum:ionq:qpu:forte-enterprise,ONLINE,
2026-08-10T12:32:12+00:00,openquantum:iqm:qpu:emerald,ONLINE,
2026-08-10T12:32:12+00:00,openquantum:iqm:qpu:garnet,ONLINE,
2026-08-10T12:32:12+00:00,openquantum:rigetti:qpu:cepheus-1-108q,ONLINE,
2026-08-10T14:06:07+00:00,ibm:ibm:qpu:marrakesh,ONLINE,
2026-08-10T14:06:07+00:00,ibm:ibm:qpu:pittsburgh,ONLINE,
2026-08-10T14:06:07+00:00,aws:iqm:qpu:emerald,ONLINE,
2026-08-10T14:06:07+00:00,azure:ionq:qpu:forte-1,OFFLINE,
2026-08-10T14:06:07+00:00,ibm:ibm:qpu:kingston,ONLINE,
2026-08-10T14:06:07+00:00,ionq:ionq:qpu:forte-1,ONLINE,
2026-08-10T14:06:07+00:00,azure:rigetti:qpu:cepheus-1-36q,OFFLINE,
2026-08-10T14:06:07+00:00,ibm:ibm:qpu:miami,ONLINE,
2026-08-10T14:06:07+00:00,aws:aqt:qpu:ibex-q1,ONLINE,
2026-08-10T14:06:07+00:00,aws:quera:qpu:aquila,ONLINE,
2026-08-10T14:06:07+00:00,azure:pasqal:qpu:fresnel,OFFLINE,
2026-08-10T14:06:07+00:00,aws:ionq:qpu:forte-1,ONLINE,
2026-08-10T14:06:07+00:00,aws:iqm:qpu:garnet,ONLINE,
2026-08-10T14:06:07+00:00,ibm:ibm:qpu:boston,ONLINE,
2026-08-10T14:06:07+00:00,aws:ionq:qpu:forte-enterprise-1,ONLINE,
2026-08-10T14:06:07+00:00,ibm:ibm:qpu:fez,ONLINE,
2026-08-10T14:06:07+00:00,azure:ionq:qpu:forte-enterprise-1,OFFLINE,
2026-08-10T14:06:07+00:00,rigetti:rigetti:qpu:cepheus-1-108q,ONLINE,
2026-08-10T14:06:07+00:00,aws:rigetti:qpu:cepheus-1-108q,ONLINE,
2026-08-10T14:06:07+00:00,openquantum:aqt:qpu:ibex-q1,ONLINE,
2026-08-10T14:06:07+00:00,openquantum:ionq:qpu:forte-1,ONLINE,
2026-08-10T14:06:07+00:00,openquantum:ionq:qpu:forte-enterprise,ONLINE,
2026-08-10T14:06:07+00:00,openquantum:iqm:qpu:emerald,ONLINE,
2026-08-10T14:06:07+00:00,openquantum:iqm:qpu:garnet,ONLINE,
2026-08-10T14:06:07+00:00,openquantum:rigetti:qpu:cepheus-1-108q,ONLINE,
2026-08-10T15:38:15+00:00,ibm:ibm:qpu:marrakesh,ONLINE,
2026-08-10T15:38:15+00:00,ibm:ibm:qpu:pittsburgh,ONLINE,
2026-08-10T15:38:15+00:00,aws:iqm:qpu:emerald,ONLINE,
2026-08-10T15:38:15+00:00,azure:ionq:qpu:forte-1,OFFLINE,
2026-08-10T15:38:15+00:00,ibm:ibm:qpu:kingston,ONLINE,
2026-08-10T15:38:15+00:00,ionq:ionq:qpu:forte-1,ONLINE,
2026-08-10T15:38:15+00:00,azure:rigetti:qpu:cepheus-1-36q,OFFLINE,
2026-08-10T15:38:15+00:00,ibm:ibm:qpu:miami,ONLINE,
2026-08-10T15:38:15+00:00,aws:aqt:qpu:ibex-q1,UNAVAILABLE,
2026-08-10T15:38:15+00:00,aws:quera:qpu:aquila,ONLINE,
2026-08-10T15:38:15+00:00,azure:pasqal:qpu:fresnel,OFFLINE,
2026-08-10T15:38:15+00:00,aws:ionq:qpu:forte-1,ONLINE,
2026-08-10T15:38:15+00:00,aws:iqm:qpu:garnet,UNAVAILABLE,
2026-08-10T15:38:15+00:00,ibm:ibm:qpu:boston,ONLINE,
2026-08-10T15:38:15+00:00,aws:ionq:qpu:forte-enterprise-1,ONLINE,
2026-08-10T15:38:15+00:00,ibm:ibm:qpu:fez,ONLINE,
2026-08-10T15:38:15+00:00,azure:ionq:qpu:forte-enterprise-1,OFFLINE,
2026-08-10T15:38:15+00:00,rigetti:rigetti:qpu:cepheus-1-108q,ONLINE,
2026-08-10T15:38:15+00:00,aws:rigetti:qpu:cepheus-1-108q,ONLINE,
2026-08-10T15:38:15+00:00,openquantum:aqt:qpu:ibex-q1,ONLINE,
2026-08-10T15:38:15+00:00,openquantum:ionq:qpu:forte-1,ONLINE,
2026-08-10T15:38:15+00:00,openquantum:ionq:qpu:forte-enterprise,ONLINE,
2026-08-10T15:38:15+00:00,openquantum:iqm:qpu:emerald,ONLINE,
2026-08-10T15:38:15+00:00,openquantum:iqm:qpu:garnet,ONLINE,
2026-08-10T15:38:15+00:00,openquantum:rigetti:qpu:cepheus-1-108q,ONLINE,
2026-08-10T16:32:42+00:00,aws:aqt:qpu:ibex-q1,UNAVAILABLE,
2026-08-10T16:32:42+00:00,aws:quera:qpu:aquila,ONLINE,
2026-08-10T16:32:42+00:00,ibm:ibm:qpu:marrakesh,ONLINE,
2026-08-10T16:32:42+00:00,ibm:ibm:qpu:pittsburgh,ONLINE,
2026-08-10T16:32:42+00:00,azure:pasqal:qpu:fresnel,OFFLINE,
2026-08-10T16:32:42+00:00,aws:iqm:qpu:emerald,ONLINE,
2026-08-10T16:32:42+00:00,azure:ionq:qpu:forte-1,OFFLINE,
2026-08-10T16:32:42+00:00,ibm:ibm:qpu:kingston,ONLINE,
2026-08-10T16:32:42+00:00,aws:ionq:qpu:forte-1,ONLINE,
2026-08-10T16:32:42+00:00,aws:ionq:qpu:forte-enterprise-1,ONLINE,
2026-08-10T16:32:42+00:00,ionq:ionq:qpu:forte-1,ONLINE,
2026-08-10T16:32:42+00:00,ibm:ibm:qpu:fez,ONLINE,
2026-08-10T16:32:42+00:00,aws:iqm:qpu:garnet,UNAVAILABLE,
2026-08-10T16:32:42+00:00,azure:rigetti:qpu:cepheus-1-36q,OFFLINE,
2026-08-10T16:32:42+00:00,azure:ionq:qpu:forte-enterprise-1,OFFLINE,
2026-08-10T16:32:42+00:00,ibm:ibm:qpu:boston,ONLINE,
2026-08-10T16:32:42+00:00,ibm:ibm:qpu:miami,ONLINE,
2026-08-10T16:32:42+00:00,rigetti:rigetti:qpu:cepheus-1-108q,ONLINE,
2026-08-10T16:32:42+00:00,aws:rigetti:qpu:cepheus-1-108q,ONLINE,
2026-08-10T16:32:42+00:00,openquantum:aqt:qpu:ibex-q1,ONLINE,
2026-08-10T16:32:42+00:00,openquantum:ionq:qpu:forte-1,ONLINE,
2026-08-10T16:32:42+00:00,openquantum:ionq:qpu:forte-enterprise,ONLINE,
2026-08-10T16:32:42+00:00,openquantum:iqm:qpu:emerald,ONLINE,
2026-08-10T16:32:42+00:00,openquantum:iqm:qpu:garnet,ONLINE,
2026-08-10T16:32:42+00:00,openquantum:rigetti:qpu:cepheus-1-108q,ONLINE,
2026-08-10T17:37:02+00:00,aws:aqt:qpu:ibex-q1,UNAVAILABLE,
2026-08-10T17:37:02+00:00,aws:quera:qpu:aquila,ONLINE,
2026-08-10T17:37:02+00:00,ibm:ibm:qpu:marrakesh,ONLINE,
2026-08-10T17:37:02+00:00,ibm:ibm:qpu:pittsburgh,ONLINE,
2026-08-10T17:37:02+00:00,azure:pasqal:qpu:fresnel,OFFLINE,
2026-08-10T17:37:02+00:00,aws:iqm:qpu:emerald,ONLINE,
2026-08-10T17:37:02+00:00,azure:ionq:qpu:forte-1,OFFLINE,
2026-08-10T17:37:02+00:00,ibm:ibm:qpu:kingston,ONLINE,
2026-08-10T17:37:02+00:00,aws:ionq:qpu:forte-1,ONLINE,
2026-08-10T17:37:02+00:00,aws:ionq:qpu:forte-enterprise-1,ONLINE,
2026-08-10T17:37:02+00:00,ionq:ionq:qpu:forte-1,ONLINE,
2026-08-10T17:37:02+00:00,ibm:ibm:qpu:fez,ONLINE,
2026-08-10T17:37:02+00:00,aws:iqm:qpu:garnet,ONLINE,
2026-08-10T17:37:02+00:00,azure:rigetti:qpu:cepheus-1-36q,OFFLINE,
2026-08-10T17:37:02+00:00,azure:ionq:qpu:forte-enterprise-1,OFFLINE,
2026-08-10T17:37:02+00:00,ibm:ibm:qpu:boston,ONLINE,
2026-08-10T17:37:02+00:00,ibm:ibm:qpu:miami,ONLINE,
2026-08-10T17:37:02+00:00,rigetti:rigetti:qpu:cepheus-1-108q,ONLINE,
2026-08-10T17:37:02+00:00,aws:rigetti:qpu:cepheus-1-108q,ONLINE,
2026-08-10T17:37:02+00:00,openquantum:aqt:qpu:ibex-q1,ONLINE,
2026-08-10T17:37:02+00:00,openquantum:ionq:qpu:forte-1,ONLINE,
2026-08-10T17:37:02+00:00,openquantum:ionq:qpu:forte-enterprise,ONLINE,
2026-08-10T17:37:02+00:00,openquantum:iqm:qpu:emerald,ONLINE,
2026-08-10T17:37:02+00:00,openquantum:iqm:qpu:garnet,ONLINE,
2026-08-10T17:37:02+00:00,openquantum:rigetti:qpu:cepheus-1-108q,ONLINE,
2026-08-10T18:34:20+00:00,aws:aqt:qpu:ibex-q1,UNAVAILABLE,
2026-08-10T18:34:20+00:00,aws:quera:qpu:aquila,ONLINE,
2026-08-10T18:34:20+00:00,ibm:ibm:qpu:marrakesh,ONLINE,
2026-08-10T18:34:20+00:00,ibm:ibm:qpu:pittsburgh,ONLINE,
2026-08-10T18:34:20+00:00,azure:pasqal:qpu:fresnel,OFFLINE,
2026-08-10T18:34:20+00:00,aws:iqm:qpu:emerald,ONLINE,
2026-08-10T18:34:20+00:00,azure:ionq:qpu:forte-1,OFFLINE,
2026-08-10T18:34:20+00:00,ibm:ibm:qpu:kingston,ONLINE,
2026-08-10T18:34:20+00:00,aws:ionq:qpu:forte-1,ONLINE,
2026-08-10T18:34:20+00:00,aws:ionq:qpu:forte-enterprise-1,ONLINE,
2026-08-10T18:34:20+00:00,ionq:ionq:qpu:forte-1,UNAVAILABLE,
2026-08-10T18:34:20+00:00,ibm:ibm:qpu:fez,ONLINE,
2026-08-10T18:34:20+00:00,aws:iqm:qpu:garnet,ONLINE,
2026-08-10T18:34:20+00:00,azure:rigetti:qpu:cepheus-1-36q,OFFLINE,
2026-08-10T18:34:20+00:00,azure:ionq:qpu:forte-enterprise-1,OFFLINE,
2026-08-10T18:34:20+00:00,ibm:ibm:qpu:boston,ONLINE,
2026-08-10T18:34:20+00:00,ibm:ibm:qpu:miami,ONLINE,
2026-08-10T18:34:20+00:00,rigetti:rigetti:qpu:cepheus-1-108q,ONLINE,
2026-08-10T18:34:20+00:00,aws:rigetti:qpu:cepheus-1-108q,ONLINE,
2026-08-10T18:34:20+00:00,openquantum:aqt:qpu:ibex-q1,ONLINE,
2026-08-10T18:34:20+00:00,openquantum:ionq:qpu:forte-1,ONLINE,
2026-08-10T18:34:20+00:00,openquantum:ionq:qpu:forte-enterprise,ONLINE,
2026-08-10T18:34:20+00:00,openquantum:iqm:qpu:emerald,ONLINE,
2026-08-10T18:34:20+00:00,openquantum:iqm:qpu:garnet,ONLINE,
2026-08-10T18:34:20+00:00,openquantum:rigetti:qpu:cepheus-1-108q,ONLINE,
2026-08-10T19:42:22+00:00,aws:aqt:qpu:ibex-q1,UNAVAILABLE,
2026-08-10T19:42:22+00:00,aws:quera:qpu:aquila,ONLINE,
2026-08-10T19:42:22+00:00,ibm:ibm:qpu:marrakesh,ONLINE,
2026-08-10T19:42:22+00:00,ibm:ibm:qpu:pittsburgh,ONLINE,
2026-08-10T19:42:22+00:00,azure:pasqal:qpu:fresnel,OFFLINE,
2026-08-10T19:42:22+00:00,aws:iqm:qpu:emerald,ONLINE,
2026-08-10T19:42:22+00:00,azure:ionq:qpu:forte-1,OFFLINE,
2026-08-10T19:42:22+00:00,ibm:ibm:qpu:kingston,ONLINE,
2026-08-10T19:42:22+00:00,aws:ionq:qpu:forte-1,ONLINE,
2026-08-10T19:42:22+00:00,aws:ionq:qpu:forte-enterprise-1,ONLINE,
2026-08-10T19:42:22+00:00,ionq:ionq:qpu:forte-1,ONLINE,
2026-08-10T19:42:22+00:00,ibm:ibm:qpu:fez,ONLINE,
2026-08-10T19:42:22+00:00,aws:iqm:qpu:garnet,ONLINE,
2026-08-10T19:42:22+00:00,azure:rigetti:qpu:cepheus-1-36q,OFFLINE,
2026-08-10T19:42:22+00:00,azure:ionq:qpu:forte-enterprise-1,OFFLINE,
2026-08-10T19:42:22+00:00,ibm:ibm:qpu:boston,ONLINE,
2026-08-10T19:42:22+00:00,ibm:ibm:qpu:miami,ONLINE,
2026-08-10T19:42:22+00:00,rigetti:rigetti:qpu:cepheus-1-108q,ONLINE,
2026-08-10T19:42:22+00:00,aws:rigetti:qpu:cepheus-1-108q,UNAVAILABLE,
2026-08-10T19:42:22+00:00,openquantum:aqt:qpu:ibex-q1,ONLINE,
2026-08-10T19:42:22+00:00,openquantum:ionq:qpu:forte-1,ONLINE,
2026-08-10T19:42:22+00:00,openquantum:ionq:qpu:forte-enterprise,ONLINE,
2026-08-10T19:42:22+00:00,openquantum:iqm:qpu:emerald,ONLINE,
2026-08-10T19:42:22+00:00,openquantum:iqm:qpu:garnet,ONLINE,
2026-08-10T19:42:22+00:00,openquantum:rigetti:qpu:cepheus-1-108q,ONLINE,
2026-08-10T20:24:37+00:00,aws:aqt:qpu:ibex-q1,UNAVAILABLE,
2026-08-10T20:24:37+00:00,aws:quera:qpu:aquila,ONLINE,
2026-08-10T20:24:37+00:00,ibm:ibm:qpu:marrakesh,ONLINE,
2026-08-10T20:24:37+00:00,ibm:ibm:qpu:pittsburgh,ONLINE,
2026-08-10T20:24:37+00:00,azure:pasqal:qpu:fresnel,OFFLINE,
2026-08-10T20:24:37+00:00,aws:iqm:qpu:emerald,ONLINE,
2026-08-10T20:24:37+00:00,azure:ionq:qpu:forte-1,OFFLINE,
2026-08-10T20:24:37+00:00,ibm:ibm:qpu:kingston,ONLINE,
2026-08-10T20:24:37+00:00,aws:ionq:qpu:forte-1,ONLINE,
2026-08-10T20:24:37+00:00,aws:ionq:qpu:forte-enterprise-1,ONLINE,
2026-08-10T20:24:37+00:00,ionq:ionq:qpu:forte-1,ONLINE,
2026-08-10T20:24:37+00:00,ibm:ibm:qpu:fez,ONLINE,
2026-08-10T20:24:37+00:00,aws:iqm:qpu:garnet,ONLINE,
2026-08-10T20:24:37+00:00,azure:rigetti:qpu:cepheus-1-36q,OFFLINE,
2026-08-10T20:24:37+00:00,azure:ionq:qpu:forte-enterprise-1,OFFLINE,
2026-08-10T20:24:37+00:00,ibm:ibm:qpu:boston,ONLINE,
2026-08-10T20:24:37+00:00,ibm:ibm:qpu:miami,ONLINE,
2026-08-10T20:24:37+00:00,rigetti:rigetti:qpu:cepheus-1-108q,ONLINE,
2026-08-10T20:24:37+00:00,aws:rigetti:qpu:cepheus-1-108q,UNAVAILABLE,
2026-08-10T20:24:37+00:00,openquantum:aqt:qpu:ibex-q1,ONLINE,
2026-08-10T20:24:37+00:00,openquantum:ionq:qpu:forte-1,ONLINE,
2026-08-10T20:24:37+00:00,openquantum:ionq:qpu:forte-enterprise,ONLINE,
2026-08-10T20:24:37+00:00,openquantum:iqm:qpu:emerald,ONLINE,
2026-08-10T20:24:37+00:00,openquantum:iqm:qpu:garnet,ONLINE,
2026-08-10T20:24:37+00:00,openquantum:rigetti:qpu:cepheus-1-108q,ONLINE,
2026-08-10T21:26:01+00:00,aws:aqt:qpu:ibex-q1,UNAVAILABLE,
2026-08-10T21:26:01+00:00,aws:quera:qpu:aquila,ONLINE,
2026-08-10T21:26:01+00:00,ibm:ibm:qpu:marrakesh,ONLINE,
2026-08-10T21:26:01+00:00,ibm:ibm:qpu:pittsburgh,ONLINE,
2026-08-10T21:26:01+00:00,azure:pasqal:qpu:fresnel,OFFLINE,
2026-08-10T21:26:01+00:00,aws:iqm:qpu:emerald,ONLINE,
2026-08-10T21:26:01+00:00,azure:ionq:qpu:forte-1,OFFLINE,
2026-08-10T21:26:01+00:00,ibm:ibm:qpu:kingston,ONLINE,
2026-08-10T21:26:01+00:00,aws:ionq:qpu:forte-1,ONLINE,
2026-08-10T21:26:01+00:00,aws:ionq:qpu:forte-enterprise-1,ONLINE,
2026-08-10T21:26:01+00:00,ionq:ionq:qpu:forte-1,ONLINE,
2026-08-10T21:26:01+00:00,ibm:ibm:qpu:fez,ONLINE,
2026-08-10T21:26:01+00:00,aws:iqm:qpu:garnet,ONLINE,
2026-08-10T21:26:01+00:00,azure:rigetti:qpu:cepheus-1-36q,OFFLINE,
2026-08-10T21:26:01+00:00,azure:ionq:qpu:forte-enterprise-1,OFFLINE,
2026-08-10T21:26:01+00:00,ibm:ibm:qpu:boston,ONLINE,
2026-08-10T21:26:01+00:00,ibm:ibm:qpu:miami,ONLINE,
2026-08-10T21:26:01+00:00,rigetti:rigetti:qpu:cepheus-1-108q,ONLINE,
2026-08-10T21:26:01+00:00,aws:rigetti:qpu:cepheus-1-108q,ONLINE,
2026-08-10T21:26:01+00:00,openquantum:aqt:qpu:ibex-q1,ONLINE,
2026-08-10T21:26:01+00:00,openquantum:ionq:qpu:forte-1,ONLINE,
2026-08-10T21:26:01+00:00,openquantum:ionq:qpu:forte-enterprise,ONLINE,
2026-08-10T21:26:01+00:00,openquantum:iqm:qpu:emerald,ONLINE,
2026-08-10T21:26:01+00:00,openquantum:iqm:qpu:garnet,ONLINE,
2026-08-10T21:26:01+00:00,openquantum:rigetti:qpu:cepheus-1-108q,ONLINE,
2026-08-10T22:20:01+00:00,aws:aqt:qpu:ibex-q1,UNAVAILABLE,
2026-08-10T22:20:01+00:00,aws:quera:qpu:aquila,ONLINE,
2026-08-10T22:20:01+00:00,ibm:ibm:qpu:marrakesh,ONLINE,
2026-08-10T22:20:01+00:00,ibm:ibm:qpu:pittsburgh,ONLINE,
2026-08-10T22:20:01+00:00,azure:pasqal:qpu:fresnel,OFFLINE,
2026-08-10T22:20:01+00:00,aws:iqm:qpu:emerald,ONLINE,
2026-08-10T22:20:01+00:00,azure:ionq:qpu:forte-1,OFFLINE,
2026-08-10T22:20:01+00:00,ibm:ibm:qpu:kingston,ONLINE,
2026-08-10T22:20:01+00:00,aws:ionq:qpu:forte-1,ONLINE,
2026-08-10T22:20:01+00:00,aws:ionq:qpu:forte-enterprise-1,ONLINE,
2026-08-10T22:20:01+00:00,ionq:ionq:qpu:forte-1,ONLINE,
2026-08-10T22:20:01+00:00,ibm:ibm:qpu:fez,ONLINE,
2026-08-10T22:20:01+00:00,aws:iqm:qpu:garnet,ONLINE,
2026-08-10T22:20:01+00:00,azure:rigetti:qpu:cepheus-1-36q,OFFLINE,
2026-08-10T22:20:01+00:00,azure:ionq:qpu:forte-enterprise-1,OFFLINE,
2026-08-10T22:20:01+00:00,ibm:ibm:qpu:boston,ONLINE,
2026-08-10T22:20:01+00:00,ibm:ibm:qpu:miami,ONLINE,
2026-08-10T22:20:01+00:00,rigetti:rigetti:qpu:cepheus-1-108q,ONLINE,
2026-08-10T22:20:01+00:00,aws:rigetti:qpu:cepheus-1-108q,ONLINE,
2026-08-10T22:20:01+00:00,openquantum:aqt:qpu:ibex-q1,ONLINE,
2026-08-10T22:20:01+00:00,openquantum:ionq:qpu:forte-1,ONLINE,
2026-08-10T22:20:01+00:00,openquantum:ionq:qpu:forte-enterprise,ONLINE,
2026-08-10T22:20:01+00:00,openquantum:iqm:qpu:emerald,ONLINE,
2026-08-10T22:20:01+00:00,openquantum:iqm:qpu:garnet,ONLINE,
2026-08-10T22:20:01+00:00,openquantum:rigetti:qpu:cepheus-1-108q,ONLINE,
2026-08-10T23:18:44+00:00,aws:aqt:qpu:ibex-q1,UNAVAILABLE,
2026-08-10T23:18:44+00:00,aws:quera:qpu:aquila,ONLINE,
2026-08-10T23:18:44+00:00,ibm:ibm:qpu:marrakesh,ONLINE,
2026-08-10T23:18:44+00:00,ibm:ibm:qpu:pittsburgh,ONLINE,
2026-08-10T23:18:44+00:00,azure:pasqal:qpu:fresnel,OFFLINE,
2026-08-10T23:18:44+00:00,aws:iqm:qpu:emerald,ONLINE,
2026-08-10T23:18:44+00:00,azure:ionq:qpu:forte-1,OFFLINE,
2026-08-10T23:18:44+00:00,ibm:ibm:qpu:kingston,ONLINE,
2026-08-10T23:18:44+00:00,aws:ionq:qpu:forte-1,ONLINE,
2026-08-10T23:18:44+00:00,aws:ionq:qpu:forte-enterprise-1,ONLINE,
2026-08-10T23:18:44+00:00,ionq:ionq:qpu:forte-1,ONLINE,
2026-08-10T23:18:44+00:00,ibm:ibm:qpu:fez,ONLINE,
2026-08-10T23:18:44+00:00,aws:iqm:qpu:garnet,ONLINE,
2026-08-10T23:18:44+00:00,azure:rigetti:qpu:cepheus-1-36q,OFFLINE,
2026-08-10T23:18:44+00:00,azure:ionq:qpu:forte-enterprise-1,OFFLINE,
2026-08-10T23:18:44+00:00,ibm:ibm:qpu:boston,ONLINE,
2026-08-10T23:18:44+00:00,ibm:ibm:qpu:miami,ONLINE,
2026-08-10T23:18:44+00:00,rigetti:rigetti:qpu:cepheus-1-108q,ONLINE,
2026-08-10T23:18:44+00:00,aws:rigetti:qpu:cepheus-1-108q,ONLINE,
2026-08-10T23:18:44+00:00,openquantum:aqt:qpu:ibex-q1,ONLINE,
2026-08-10T23:18:44+00:00,openquantum:ionq:qpu:forte-1,ONLINE,
2026-08-10T23:18:44+00:00,openquantum:ionq:qpu:forte-enterprise,ONLINE,
2026-08-10T23:18:44+00:00,openquantum:iqm:qpu:emerald,ONLINE,
2026-08-10T23:18:44+00:00,openquantum:iqm:qpu:garnet,ONLINE,
2026-08-10T23:18:44+00:00,openquantum:rigetti:qpu:cepheus-1-108q,ONLINE,
2026-08-11T00:33:13+00:00,aws:aqt:qpu:ibex-q1,UNAVAILABLE,
2026-08-11T00:33:13+00:00,aws:quera:qpu:aquila,UNAVAILABLE,
2026-08-11T00:33:13+00:00,ibm:ibm:qpu:marrakesh,ONLINE,
2026-08-11T00:33:13+00:00,ibm:ibm:qpu:pittsburgh,ONLINE,
2026-08-11T00:33:13+00:00,azure:pasqal:qpu:fresnel,OFFLINE,
2026-08-11T00:33:13+00:00,aws:iqm:qpu:emerald,ONLINE,
2026-08-11T00:33:13+00:00,azure:ionq:qpu:forte-1,OFFLINE,
2026-08-11T00:33:13+00:00,ibm:ibm:qpu:kingston,ONLINE,
2026-08-11T00:33:13+00:00,aws:ionq:qpu:forte-1,ONLINE,
2026-08-11T00:33:13+00:00,aws:ionq:qpu:forte-enterprise-1,ONLINE,
2026-08-11T00:33:13+00:00,ionq:ionq:qpu:forte-1,ONLINE,
2026-08-11T00:33:13+00:00,ibm:ibm:qpu:fez,ONLINE,
2026-08-11T00:33:13+00:00,aws:iqm:qpu:garnet,ONLINE,
2026-08-11T00:33:13+00:00,azure:rigetti:qpu:cepheus-1-36q,OFFLINE,
2026-08-11T00:33:13+00:00,azure:ionq:qpu:forte-enterprise-1,OFFLINE,
2026-08-11T00:33:13+00:00,ibm:ibm:qpu:boston,ONLINE,
2026-08-11T00:33:13+00:00,ibm:ibm:qpu:miami,ONLINE,
2026-08-11T00:33:13+00:00,rigetti:rigetti:qpu:cepheus-1-108q,ONLINE,
2026-08-11T00:33:13+00:00,aws:rigetti:qpu:cepheus-1-108q,ONLINE,
2026-08-11T00:33:13+00:00,openquantum:aqt:qpu:ibex-q1,ONLINE,
2026-08-11T00:33:13+00:00,openquantum:ionq:qpu:forte-1,ONLINE,
2026-08-11T00:33:13+00:00,openquantum:ionq:qpu:forte-enterprise,ONLINE,
2026-08-11T00:33:13+00:00,openquantum:iqm:qpu:emerald,ONLINE,
2026-08-11T00:33:13+00:00,openquantum:iqm:qpu:garnet,ONLINE,
2026-08-11T00:33:13+00:00,openquantum:rigetti:qpu:cepheus-1-108q,ONLINE,
2026-08-11T02:52:12+00:00,aws:aqt:qpu:ibex-q1,UNAVAILABLE,
2026-08-11T02:52:12+00:00,aws:quera:qpu:aquila,ONLINE,
2026-08-11T02:52:12+00:00,ibm:ibm:qpu:marrakesh,ONLINE,
2026-08-11T02:52:12+00:00,ibm:ibm:qpu:pittsburgh,ONLINE,
2026-08-11T02:52:12+00:00,azure:pasqal:qpu:fresnel,OFFLINE,
2026-08-11T02:52:12+00:00,aws:iqm:qpu:emerald,ONLINE,
2026-08-11T02:52:12+00:00,azure:ionq:qpu:forte-1,OFFLINE,
2026-08-11T02:52:12+00:00,ibm:ibm:qpu:kingston,ONLINE,
2026-08-11T02:52:12+00:00,aws:ionq:qpu:forte-1,ONLINE,
2026-08-11T02:52:12+00:00,aws:ionq:qpu:forte-enterprise-1,ONLINE,
2026-08-11T02:52:12+00:00,ionq:ionq:qpu:forte-1,ONLINE,
2026-08-11T02:52:12+00:00,ibm:ibm:qpu:fez,ONLINE,
2026-08-11T02:52:12+00:00,aws:iqm:qpu:garnet,UNAVAILABLE,
2026-08-11T02:52:12+00:00,azure:rigetti:qpu:cepheus-1-36q,OFFLINE,
2026-08-11T02:52:12+00:00,azure:ionq:qpu:forte-enterprise-1,OFFLINE,
2026-08-11T02:52:12+00:00,ibm:ibm:qpu:boston,ONLINE,
2026-08-11T02:52:12+00:00,ibm:ibm:qpu:miami,ONLINE,
2026-08-11T02:52:12+00:00,rigetti:rigetti:qpu:cepheus-1-108q,ONLINE,
2026-08-11T02:52:12+00:00,aws:rigetti:qpu:cepheus-1-108q,ONLINE,
2026-08-11T02:52:12+00:00,openquantum:aqt:qpu:ibex-q1,ONLINE,
2026-08-11T02:52:12+00:00,openquantum:ionq:qpu:forte-1,ONLINE,
2026-08-11T02:52:12+00:00,openquantum:ionq:qpu:forte-enterprise,ONLINE,
2026-08-11T02:52:12+00:00,openquantum:iqm:qpu:emerald,ONLINE,
2026-08-11T02:52:12+00:00,openquantum:iqm:qpu:garnet,ONLINE,
2026-08-11T02:52:12+00:00,openquantum:rigetti:qpu:cepheus-1-108q,ONLINE,
2026-08-11T04:19:20+00:00,aws:aqt:qpu:ibex-q1,UNAVAILABLE,
2026-08-11T04:19:20+00:00,aws:quera:qpu:aquila,ONLINE,
2026-08-11T04:19:20+00:00,ibm:ibm:qpu:marrakesh,ONLINE,
2026-08-11T04:19:20+00:00,ibm:ibm:qpu:pittsburgh,ONLINE,
2026-08-11T04:19:20+00:00,azure:pasqal:qpu:fresnel,OFFLINE,
2026-08-11T04:19:20+00:00,aws:iqm:qpu:emerald,UNAVAILABLE,
2026-08-11T04:19:20+00:00,azure:ionq:qpu:forte-1,OFFLINE,
2026-08-11T04:19:20+00:00,ibm:ibm:qpu:kingston,ONLINE,
2026-08-11T04:19:20+00:00,aws:ionq:qpu:forte-1,ONLINE,
2026-08-11T04:19:20+00:00,aws:ionq:qpu:forte-enterprise-1,ONLINE,
2026-08-11T04:19:20+00:00,ionq:ionq:qpu:forte-1,ONLINE,
2026-08-11T04:19:20+00:00,ibm:ibm:qpu:fez,ONLINE,
2026-08-11T04:19:20+00:00,aws:iqm:qpu:garnet,ONLINE,
2026-08-11T04:19:20+00:00,azure:rigetti:qpu:cepheus-1-36q,OFFLINE,
2026-08-11T04:19:20+00:00,azure:ionq:qpu:forte-enterprise-1,OFFLINE,
2026-08-11T04:19:20+00:00,ibm:ibm:qpu:boston,ONLINE,
2026-08-11T04:19:20+00:00,ibm:ibm:qpu:miami,ONLINE,
2026-08-11T04:19:20+00:00,rigetti:rigetti:qpu:cepheus-1-108q,ONLINE,
2026-08-11T04:19:20+00:00,aws:rigetti:qpu:cepheus-1-108q,ONLINE,
2026-08-11T04:19:20+00:00,openquantum:aqt:qpu:ibex-q1,ONLINE,
2026-08-11T04:19:20+00:00,openquantum:ionq:qpu:forte-1,ONLINE,
2026-08-11T04:19:20+00:00,openquantum:ionq:qpu:forte-enterprise,ONLINE,
2026-08-11T04:19:20+00:00,openquantum:iqm:qpu:emerald,ONLINE,
2026-08-11T04:19:20+00:00,openquantum:iqm:qpu:garnet,ONLINE,
2026-08-11T04:19:20+00:00,openquantum:rigetti:qpu:cepheus-1-108q,ONLINE,
2026-08-11T05:41:41+00:00,aws:aqt:qpu:ibex-q1,UNAVAILABLE,
2026-08-11T05:41:41+00:00,aws:quera:qpu:aquila,ONLINE,
2026-08-11T05:41:41+00:00,ibm:ibm:qpu:marrakesh,ONLINE,
2026-08-11T05:41:41+00:00,ibm:ibm:qpu:pittsburgh,ONLINE,
2026-08-11T05:41:41+00:00,azure:pasqal:qpu:fresnel,OFFLINE,
2026-08-11T05:41:41+00:00,aws:iqm:qpu:emerald,UNAVAILABLE,
2026-08-11T05:41:41+00:00,azure:ionq:qpu:forte-1,OFFLINE,
2026-08-11T05:41:41+00:00,ibm:ibm:qpu:kingston,ONLINE,
2026-08-11T05:41:41+00:00,aws:ionq:qpu:forte-1,ONLINE,
2026-08-11T05:41:41+00:00,aws:ionq:qpu:forte-enterprise-1,ONLINE,
2026-08-11T05:41:41+00:00,ionq:ionq:qpu:forte-1,ONLINE,
2026-08-11T05:41:41+00:00,ibm:ibm:qpu:fez,ONLINE,
2026-08-11T05:41:41+00:00,aws:iqm:qpu:garnet,ONLINE,
2026-08-11T05:41:41+00:00,azure:rigetti:qpu:cepheus-1-36q,OFFLINE,
2026-08-11T05:41:41+00:00,azure:ionq:qpu:forte-enterprise-1,OFFLINE,
2026-08-11T05:41:41+00:00,ibm:ibm:qpu:boston,ONLINE,
2026-08-11T05:41:41+00:00,ibm:ibm:qpu:miami,ONLINE,
2026-08-11T05:41:41+00:00,rigetti:rigetti:qpu:cepheus-1-108q,ONLINE,
2026-08-11T05:41:41+00:00,aws:rigetti:qpu:cepheus-1-108q,ONLINE,
2026-08-11T05:41:41+00:00,openquantum:aqt:qpu:ibex-q1,ONLINE,
2026-08-11T05:41:41+00:00,openquantum:ionq:qpu:forte-1,ONLINE,
2026-08-11T05:41:41+00:00,openquantum:ionq:qpu:forte-enterprise,ONLINE,
2026-08-11T05:41:41+00:00,openquantum:iqm:qpu:emerald,ONLINE,
2026-08-11T05:41:41+00:00,openquantum:iqm:qpu:garnet,ONLINE,
2026-08-11T05:41:41+00:00,openquantum:rigetti:qpu:cepheus-1-108q,ONLINE,
2026-08-11T06:37:41+00:00,aws:aqt:qpu:ibex-q1,UNAVAILABLE,
2026-08-11T06:37:41+00:00,aws:quera:qpu:aquila,ONLINE,
2026-08-11T06:37:41+00:00,ibm:ibm:qpu:marrakesh,ONLINE,
2026-08-11T06:37:41+00:00,ibm:ibm:qpu:pittsburgh,ONLINE,
2026-08-11T06:37:41+00:00,azure:pasqal:qpu:fresnel,OFFLINE,
2026-08-11T06:37:41+00:00,aws:iqm:qpu:emerald,UNAVAILABLE,
2026-08-11T06:37:41+00:00,azure:ionq:qpu:forte-1,OFFLINE,
2026-08-11T06:37:41+00:00,ibm:ibm:qpu:kingston,ONLINE,
2026-08-11T06:37:41+00:00,aws:ionq:qpu:forte-1,ONLINE,
2026-08-11T06:37:41+00:00,aws:ionq:qpu:forte-enterprise-1,ONLINE,
2026-08-11T06:37:41+00:00,ionq:ionq:qpu:forte-1,ONLINE,
2026-08-11T06:37:41+00:00,ibm:ibm:qpu:fez,ONLINE,
2026-08-11T06:37:41+00:00,aws:iqm:qpu:garnet,ONLINE,
2026-08-11T06:37:41+00:00,azure:rigetti:qpu:cepheus-1-36q,OFFLINE,
2026-08-11T06:37:41+00:00,azure:ionq:qpu:forte-enterprise-1,OFFLINE,
2026-08-11T06:37:41+00:00,ibm:ibm:qpu:boston,ONLINE,
2026-08-11T06:37:41+00:00,ibm:ibm:qpu:miami,ONLINE,
2026-08-11T06:37:41+00:00,rigetti:rigetti:qpu:cepheus-1-108q,ONLINE,
2026-08-11T06:37:41+00:00,aws:rigetti:qpu:cepheus-1-108q,ONLINE,
2026-08-11T06:37:41+00:00,openquantum:aqt:qpu:ibex-q1,ONLINE,
2026-08-11T06:37:41+00:00,openquantum:ionq:qpu:forte-1,ONLINE,
2026-08-11T06:37:41+00:00,openquantum:ionq:qpu:forte-enterprise,ONLINE,
2026-08-11T06:37:41+00:00,openquantum:iqm:qpu:emerald,ONLINE,
2026-08-11T06:37:41+00:00,openquantum:iqm:qpu:garnet,ONLINE,
2026-08-11T06:37:41+00:00,openquantum:rigetti:qpu:cepheus-1-108q,ONLINE,
2026-08-11T07:55:51+00:00,aws:aqt:qpu:ibex-q1,UNAVAILABLE,
2026-08-11T07:55:51+00:00,aws:quera:qpu:aquila,ONLINE,
2026-08-11T07:55:51+00:00,ibm:ibm:qpu:marrakesh,ONLINE,
2026-08-11T07:55:51+00:00,ibm:ibm:qpu:pittsburgh,ONLINE,
2026-08-11T07:55:51+00:00,azure:pasqal:qpu:fresnel,OFFLINE,
2026-08-11T07:55:51+00:00,aws:iqm:qpu:emerald,ONLINE,
2026-08-11T07:55:51+00:00,azure:ionq:qpu:forte-1,OFFLINE,
2026-08-11T07:55:51+00:00,ibm:ibm:qpu:kingston,ONLINE,
2026-08-11T07:55:51+00:00,aws:ionq:qpu:forte-1,ONLINE,
2026-08-11T07:55:51+00:00,aws:ionq:qpu:forte-enterprise-1,ONLINE,
2026-08-11T07:55:51+00:00,ionq:ionq:qpu:forte-1,ONLINE,
2026-08-11T07:55:51+00:00,ibm:ibm:qpu:fez,ONLINE,
2026-08-11T07:55:51+00:00,aws:iqm:qpu:garnet,ONLINE,
2026-08-11T07:55:51+00:00,azure:rigetti:qpu:cepheus-1-36q,OFFLINE,
2026-08-11T07:55:51+00:00,azure:ionq:qpu:forte-enterprise-1,OFFLINE,
2026-08-11T07:55:51+00:00,ibm:ibm:qpu:boston,ONLINE,
2026-08-11T07:55:51+00:00,ibm:ibm:qpu:miami,ONLINE,
2026-08-11T07:55:51+00:00,rigetti:rigetti:qpu:cepheus-1-108q,ONLINE,
2026-08-11T07:55:51+00:00,aws:rigetti:qpu:cepheus-1-108q,UNAVAILABLE,
2026-08-11T07:55:51+00:00,openquantum:aqt:qpu:ibex-q1,ONLINE,
2026-08-11T07:55:51+00:00,openquantum:ionq:qpu:forte-1,ONLINE,
2026-08-11T07:55:51+00:00,openquantum:ionq:qpu:forte-enterprise,ONLINE,
2026-08-11T07:55:51+00:00,openquantum:iqm:qpu:emerald,ONLINE,
2026-08-11T07:55:51+00:00,openquantum:iqm:qpu:garnet,ONLINE,
2026-08-11T07:55:51+00:00,openquantum:rigetti:qpu:cepheus-1-108q,ONLINE,
2026-08-11T08:58:22+00:00,aws:aqt:qpu:ibex-q1,ONLINE,
2026-08-11T08:58:22+00:00,aws:quera:qpu:aquila,ONLINE,
2026-08-11T08:58:22+00:00,ibm:ibm:qpu:marrakesh,ONLINE,
2026-08-11T08:58:22+00:00,ibm:ibm:qpu:pittsburgh,ONLINE,
2026-08-11T08:58:22+00:00,azure:pasqal:qpu:fresnel,OFFLINE,
2026-08-11T08:58:22+00:00,aws:iqm:qpu:emerald,ONLINE,
2026-08-11T08:58:22+00:00,azure:ionq:qpu:forte-1,OFFLINE,
2026-08-11T08:58:22+00:00,ibm:ibm:qpu:kingston,ONLINE,
2026-08-11T08:58:22+00:00,aws:ionq:qpu:forte-1,ONLINE,
2026-08-11T08:58:22+00:00,aws:ionq:qpu:forte-enterprise-1,ONLINE,
2026-08-11T08:58:22+00:00,ionq:ionq:qpu:forte-1,ONLINE,
2026-08-11T08:58:22+00:00,ibm:ibm:qpu:fez,ONLINE,
2026-08-11T08:58:22+00:00,aws:iqm:qpu:garnet,ONLINE,
2026-08-11T08:58:22+00:00,azure:rigetti:qpu:cepheus-1-36q,OFFLINE,
2026-08-11T08:58:22+00:00,azure:ionq:qpu:forte-enterprise-1,OFFLINE,
2026-08-11T08:58:22+00:00,ibm:ibm:qpu:boston,ONLINE,
2026-08-11T08:58:22+00:00,ibm:ibm:qpu:miami,ONLINE,
2026-08-11T08:58:22+00:00,rigetti:rigetti:qpu:cepheus-1-108q,ONLINE,
2026-08-11T08:58:22+00:00,aws:rigetti:qpu:cepheus-1-108q,UNAVAILABLE,
2026-08-11T08:58:22+00:00,openquantum:aqt:qpu:ibex-q1,ONLINE,
2026-08-11T08:58:22+00:00,openquantum:ionq:qpu:forte-1,ONLINE,
2026-08-11T08:58:22+00:00,openquantum:ionq:qpu:forte-enterprise,ONLINE,
2026-08-11T08:58:22+00:00,openquantum:iqm:qpu:emerald,ONLINE,
2026-08-11T08:58:22+00:00,openquantum:iqm:qpu:garnet,ONLINE,
2026-08-11T08:58:22+00:00,openquantum:rigetti:qpu:cepheus-1-108q,ONLINE,
2026-08-11T10:05:51+00:00,aws:aqt:qpu:ibex-q1,ONLINE,
2026-08-11T10:05:51+00:00,aws:quera:qpu:aquila,ONLINE,
2026-08-11T10:05:51+00:00,ibm:ibm:qpu:marrakesh,ONLINE,
2026-08-11T10:05:51+00:00,ibm:ibm:qpu:pittsburgh,ONLINE,
2026-08-11T10:05:51+00:00,azure:pasqal:qpu:fresnel,OFFLINE,
2026-08-11T10:05:51+00:00,aws:iqm:qpu:emerald,ONLINE,
2026-08-11T10:05:51+00:00,azure:ionq:qpu:forte-1,OFFLINE,
2026-08-11T10:05:51+00:00,ibm:ibm:qpu:kingston,ONLINE,
2026-08-11T10:05:51+00:00,aws:ionq:qpu:forte-1,ONLINE,
2026-08-11T10:05:51+00:00,aws:ionq:qpu:forte-enterprise-1,ONLINE,
2026-08-11T10:05:51+00:00,ionq:ionq:qpu:forte-1,ONLINE,
2026-08-11T10:05:51+00:00,ibm:ibm:qpu:fez,ONLINE,
2026-08-11T10:05:51+00:00,aws:iqm:qpu:garnet,ONLINE,
2026-08-11T10:05:51+00:00,azure:rigetti:qpu:cepheus-1-36q,OFFLINE,
2026-08-11T10:05:51+00:00,azure:ionq:qpu:forte-enterprise-1,OFFLINE,
2026-08-11T10:05:51+00:00,ibm:ibm:qpu:boston,ONLINE,
2026-08-11T10:05:51+00:00,ibm:ibm:qpu:miami,ONLINE,
2026-08-11T10:05:51+00:00,rigetti:rigetti:qpu:cepheus-1-108q,ONLINE,
2026-08-11T10:05:51+00:00,aws:rigetti:qpu:cepheus-1-108q,ONLINE,
2026-08-11T10:05:51+00:00,openquantum:aqt:qpu:ibex-q1,ONLINE,
2026-08-11T10:05:51+00:00,openquantum:ionq:qpu:forte-1,ONLINE,
2026-08-11T10:05:51+00:00,openquantum:ionq:qpu:forte-enterprise,ONLINE,
2026-08-11T10:05:51+00:00,openquantum:iqm:qpu:emerald,ONLINE,
2026-08-11T10:05:51+00:00,openquantum:iqm:qpu:garnet,ONLINE,
2026-08-11T10:05:51+00:00,openquantum:rigetti:qpu:cepheus-1-108q,ONLINE,
2026-08-11T11:31:09+00:00,aws:aqt:qpu:ibex-q1,ONLINE,
2026-08-11T11:31:09+00:00,aws:quera:qpu:aquila,ONLINE,
2026-08-11T11:31:09+00:00,ibm:ibm:qpu:marrakesh,ONLINE,
2026-08-11T11:31:09+00:00,ibm:ibm:qpu:pittsburgh,ONLINE,
2026-08-11T11:31:09+00:00,azure:pasqal:qpu:fresnel,OFFLINE,
2026-08-11T11:31:09+00:00,aws:iqm:qpu:emerald,ONLINE,
2026-08-11T11:31:09+00:00,azure:ionq:qpu:forte-1,OFFLINE,
2026-08-11T11:31:09+00:00,ibm:ibm:qpu:kingston,ONLINE,
2026-08-11T11:31:09+00:00,aws:ionq:qpu:forte-1,ONLINE,
2026-08-11T11:31:09+00:00,aws:ionq:qpu:forte-enterprise-1,ONLINE,
2026-08-11T11:31:09+00:00,ionq:ionq:qpu:forte-1,ONLINE,
2026-08-11T11:31:09+00:00,ibm:ibm:qpu:fez,ONLINE,
2026-08-11T11:31:09+00:00,aws:iqm:qpu:garnet,ONLINE,
2026-08-11T11:31:09+00:00,azure:rigetti:qpu:cepheus-1-36q,OFFLINE,
2026-08-11T11:31:09+00:00,azure:ionq:qpu:forte-enterprise-1,OFFLINE,
2026-08-11T11:31:09+00:00,ibm:ibm:qpu:boston,ONLINE,
2026-08-11T11:31:09+00:00,ibm:ibm:qpu:miami,ONLINE,
2026-08-11T11:31:09+00:00,rigetti:rigetti:qpu:cepheus-1-108q,ONLINE,
2026-08-11T11:31:09+00:00,aws:rigetti:qpu:cepheus-1-108q,ONLINE,
2026-08-11T11:31:09+00:00,openquantum:aqt:qpu:ibex-q1,ONLINE,
2026-08-11T11:31:09+00:00,openquantum:ionq:qpu:forte-1,ONLINE,
2026-08-11T11:31:09+00:00,openquantum:ionq:qpu:forte-enterprise,ONLINE,
2026-08-11T11:31:09+00:00,openquantum:iqm:qpu:emerald,ONLINE,
2026-08-11T11:31:09+00:00,openquantum:iqm:qpu:garnet,ONLINE,
2026-08-11T11:31:09+00:00,openquantum:rigetti:qpu:cepheus-1-108q,ONLINE,
2026-08-11T12:28:53+00:00,aws:aqt:qpu:ibex-q1,ONLINE,
2026-08-11T12:28:53+00:00,aws:quera:qpu:aquila,UNAVAILABLE,
2026-08-11T12:28:53+00:00,ibm:ibm:qpu:marrakesh,ONLINE,
2026-08-11T12:28:53+00:00,ibm:ibm:qpu:pittsburgh,ONLINE,
2026-08-11T12:28:53+00:00,azure:pasqal:qpu:fresnel,OFFLINE,
2026-08-11T12:28:53+00:00,aws:iqm:qpu:emerald,ONLINE,
2026-08-11T12:28:53+00:00,azure:ionq:qpu:forte-1,OFFLINE,
2026-08-11T12:28:53+00:00,ibm:ibm:qpu:kingston,ONLINE,
2026-08-11T12:28:53+00:00,aws:ionq:qpu:forte-1,ONLINE,
2026-08-11T12:28:53+00:00,aws:ionq:qpu:forte-enterprise-1,ONLINE,
2026-08-11T12:28:53+00:00,ionq:ionq:qpu:forte-1,ONLINE,
2026-08-11T12:28:53+00:00,ibm:ibm:qpu:fez,ONLINE,
2026-08-11T12:28:53+00:00,aws:iqm:qpu:garnet,ONLINE,
2026-08-11T12:28:53+00:00,azure:rigetti:qpu:cepheus-1-36q,OFFLINE,
2026-08-11T12:28:53+00:00,azure:ionq:qpu:forte-enterprise-1,OFFLINE,
2026-08-11T12:28:53+00:00,ibm:ibm:qpu:boston,ONLINE,
2026-08-11T12:28:53+00:00,ibm:ibm:qpu:miami,ONLINE,
2026-08-11T12:28:53+00:00,rigetti:rigetti:qpu:cepheus-1-108q,ONLINE,
2026-08-11T12:28:53+00:00,aws:rigetti:qpu:cepheus-1-108q,ONLINE,
2026-08-11T12:28:53+00:00,openquantum:aqt:qpu:ibex-q1,ONLINE,
2026-08-11T12:28:53+00:00,openquantum:ionq:qpu:forte-1,ONLINE,
2026-08-11T12:28:53+00:00,openquantum:ionq:qpu:forte-enterprise,ONLINE,
2026-08-11T12:28:53+00:00,openquantum:iqm:qpu:emerald,ONLINE,
2026-08-11T12:28:53+00:00,openquantum:iqm:qpu:garnet,ONLINE,
2026-08-11T12:28:53+00:00,openquantum:rigetti:qpu:cepheus-1-108q,ONLINE,
2026-08-11T14:05:35+00:00,aws:aqt:qpu:ibex-q1,ONLINE,
2026-08-11T14:05:35+00:00,aws:quera:qpu:aquila,UNAVAILABLE,
2026-08-11T14:05:35+00:00,ibm:ibm:qpu:marrakesh,ONLINE,
2026-08-11T14:05:35+00:00,ibm:ibm:qpu:pittsburgh,ONLINE,
2026-08-11T14:05:35+00:00,azure:pasqal:qpu:fresnel,OFFLINE,
2026-08-11T14:05:35+00:00,aws:iqm:qpu:emerald,ONLINE,
2026-08-11T14:05:35+00:00,azure:ionq:qpu:forte-1,OFFLINE,
2026-08-11T14:05:35+00:00,ibm:ibm:qpu:kingston,ONLINE,
2026-08-11T14:05:35+00:00,aws:ionq:qpu:forte-1,ONLINE,
2026-08-11T14:05:35+00:00,aws:ionq:qpu:forte-enterprise-1,ONLINE,
2026-08-11T14:05:35+00:00,ionq:ionq:qpu:forte-1,ONLINE,
2026-08-11T14:05:35+00:00,ibm:ibm:qpu:fez,ONLINE,
2026-08-11T14:05:35+00:00,aws:iqm:qpu:garnet,ONLINE,
2026-08-11T14:05:35+00:00,azure:rigetti:qpu:cepheus-1-36q,OFFLINE,
2026-08-11T14:05:35+00:00,azure:ionq:qpu:forte-enterprise-1,OFFLINE,
2026-08-11T14:05:35+00:00,ibm:ibm:qpu:boston,ONLINE,
2026-08-11T14:05:35+00:00,ibm:ibm:qpu:miami,ONLINE,
2026-08-11T14:05:35+00:00,rigetti:rigetti:qpu:cepheus-1-108q,ONLINE,
2026-08-11T14:05:35+00:00,aws:rigetti:qpu:cepheus-1-108q,ONLINE,
2026-08-11T14:05:35+00:00,openquantum:aqt:qpu:ibex-q1,ONLINE,
2026-08-11T14:05:35+00:00,openquantum:ionq:qpu:forte-1,ONLINE,
2026-08-11T14:05:35+00:00,openquantum:ionq:qpu:forte-enterprise,ONLINE,
2026-08-11T14:05:35+00:00,openquantum:iqm:qpu:emerald,ONLINE,
2026-08-11T14:05:35+00:00,openquantum:iqm:qpu:garnet,ONLINE,
2026-08-11T14:05:35+00:00,openquantum:rigetti:qpu:cepheus-1-108q,ONLINE,
2026-08-11T15:39:04+00:00,aws:aqt:qpu:ibex-q1,UNAVAILABLE,
2026-08-11T15:39:04+00:00,aws:quera:qpu:aquila,UNAVAILABLE,
2026-08-11T15:39:04+00:00,ibm:ibm:qpu:marrakesh,ONLINE,
2026-08-11T15:39:04+00:00,ibm:ibm:qpu:pittsburgh,ONLINE,
2026-08-11T15:39:04+00:00,azure:pasqal:qpu:fresnel,OFFLINE,
2026-08-11T15:39:04+00:00,aws:iqm:qpu:emerald,ONLINE,
2026-08-11T15:39:04+00:00,azure:ionq:qpu:forte-1,OFFLINE,
2026-08-11T15:39:04+00:00,ibm:ibm:qpu:kingston,ONLINE,
2026-08-11T15:39:04+00:00,aws:ionq:qpu:forte-1,ONLINE,
2026-08-11T15:39:04+00:00,aws:ionq:qpu:forte-enterprise-1,ONLINE,
2026-08-11T15:39:04+00:00,ionq:ionq:qpu:forte-1,ONLINE,
2026-08-11T15:39:04+00:00,ibm:ibm:qpu:fez,ONLINE,
2026-08-11T15:39:04+00:00,aws:iqm:qpu:garnet,UNAVAILABLE,
2026-08-11T15:39:04+00:00,azure:rigetti:qpu:cepheus-1-36q,OFFLINE,
2026-08-11T15:39:04+00:00,azure:ionq:qpu:forte-enterprise-1,OFFLINE,
2026-08-11T15:39:04+00:00,ibm:ibm:qpu:boston,ONLINE,
2026-08-11T15:39:04+00:00,ibm:ibm:qpu:miami,ONLINE,
2026-08-11T15:39:04+00:00,rigetti:rigetti:qpu:cepheus-1-108q,ONLINE,
2026-08-11T15:39:04+00:00,aws:rigetti:qpu:cepheus-1-108q,ONLINE,
2026-08-11T15:39:04+00:00,openquantum:aqt:qpu:ibex-q1,ONLINE,
2026-08-11T15:39:04+00:00,openquantum:ionq:qpu:forte-1,ONLINE,
2026-08-11T15:39:04+00:00,openquantum:ionq:qpu:forte-enterprise,ONLINE,
2026-08-11T15:39:04+00:00,openquantum:iqm:qpu:emerald,ONLINE,
2026-08-11T15:39:04+00:00,openquantum:iqm:qpu:garnet,ONLINE,
2026-08-11T15:39:04+00:00,openquantum:rigetti:qpu:cepheus-1-108q,ONLINE,
2026-08-11T16:35:40+00:00,aws:aqt:qpu:ibex-q1,UNAVAILABLE,
2026-08-11T16:35:40+00:00,aws:quera:qpu:aquila,UNAVAILABLE,
2026-08-11T16:35:40+00:00,ibm:ibm:qpu:marrakesh,ONLINE,
2026-08-11T16:35:40+00:00,ibm:ibm:qpu:pittsburgh,ONLINE,
2026-08-11T16:35:40+00:00,azure:pasqal:qpu:fresnel,OFFLINE,
2026-08-11T16:35:40+00:00,aws:iqm:qpu:emerald,ONLINE,
2026-08-11T16:35:40+00:00,azure:ionq:qpu:forte-1,OFFLINE,
2026-08-11T16:35:40+00:00,ibm:ibm:qpu:kingston,ONLINE,
2026-08-11T16:35:40+00:00,aws:ionq:qpu:forte-1,ONLINE,
2026-08-11T16:35:40+00:00,aws:ionq:qpu:forte-enterprise-1,ONLINE,
2026-08-11T16:35:40+00:00,ionq:ionq:qpu:forte-1,ONLINE,
2026-08-11T16:35:40+00:00,ibm:ibm:qpu:fez,ONLINE,
2026-08-11T16:35:40+00:00,aws:iqm:qpu:garnet,UNAVAILABLE,
2026-08-11T16:35:40+00:00,azure:rigetti:qpu:cepheus-1-36q,OFFLINE,
2026-08-11T16:35:40+00:00,azure:ionq:qpu:forte-enterprise-1,OFFLINE,
2026-08-11T16:35:40+00:00,ibm:ibm:qpu:boston,ONLINE,
2026-08-11T16:35:40+00:00,ibm:ibm:qpu:miami,ONLINE,
2026-08-11T16:35:40+00:00,rigetti:rigetti:qpu:cepheus-1-108q,ONLINE,
2026-08-11T16:35:40+00:00,aws:rigetti:qpu:cepheus-1-108q,ONLINE,
2026-08-11T16:35:40+00:00,openquantum:aqt:qpu:ibex-q1,ONLINE,
2026-08-11T16:35:40+00:00,openquantum:ionq:qpu:forte-1,ONLINE,
2026-08-11T16:35:40+00:00,openquantum:ionq:qpu:forte-enterprise,ONLINE,
2026-08-11T16:35:40+00:00,openquantum:iqm:qpu:emerald,ONLINE,
2026-08-11T16:35:40+00:00,openquantum:iqm:qpu:garnet,ONLINE,
2026-08-11T16:35:40+00:00,openquantum:rigetti:qpu:cepheus-1-108q,ONLINE,
2026-08-11T17:41:01+00:00,aws:aqt:qpu:ibex-q1,UNAVAILABLE,
2026-08-11T17:41:01+00:00,aws:quera:qpu:aquila,UNAVAILABLE,
2026-08-11T17:41:01+00:00,ibm:ibm:qpu:marrakesh,ONLINE,
2026-08-11T17:41:01+00:00,ibm:ibm:qpu:pittsburgh,ONLINE,
2026-08-11T17:41:01+00:00,azure:pasqal:qpu:fresnel,OFFLINE,
2026-08-11T17:41:01+00:00,aws:iqm:qpu:emerald,ONLINE,
2026-08-11T17:41:01+00:00,azure:ionq:qpu:forte-1,OFFLINE,
2026-08-11T17:41:01+00:00,ibm:ibm:qpu:kingston,ONLINE,
2026-08-11T17:41:01+00:00,aws:ionq:qpu:forte-1,ONLINE,
2026-08-11T17:41:01+00:00,aws:ionq:qpu:forte-enterprise-1,ONLINE,
2026-08-11T17:41:01+00:00,ionq:ionq:qpu:forte-1,ONLINE,
2026-08-11T17:41:01+00:00,ibm:ibm:qpu:fez,ONLINE,
2026-08-11T17:41:01+00:00,aws:iqm:qpu:garnet,ONLINE,
2026-08-11T17:41:01+00:00,azure:rigetti:qpu:cepheus-1-36q,OFFLINE,
2026-08-11T17:41:01+00:00,azure:ionq:qpu:forte-enterprise-1,OFFLINE,
2026-08-11T17:41:01+00:00,ibm:ibm:qpu:boston,ONLINE,
2026-08-11T17:41:01+00:00,ibm:ibm:qpu:miami,ONLINE,
2026-08-11T17:41:01+00:00,rigetti:rigetti:qpu:cepheus-1-108q,ONLINE,
2026-08-11T17:41:01+00:00,aws:rigetti:qpu:cepheus-1-108q,ONLINE,
2026-08-11T17:41:01+00:00,openquantum:aqt:qpu:ibex-q1,ONLINE,
2026-08-11T17:41:01+00:00,openquantum:ionq:qpu:forte-1,ONLINE,
2026-08-11T17:41:01+00:00,openquantum:ionq:qpu:forte-enterprise,ONLINE,
2026-08-11T17:41:01+00:00,openquantum:iqm:qpu:emerald,ONLINE,
2026-08-11T17:41:01+00:00,openquantum:iqm:qpu:garnet,ONLINE,
2026-08-11T17:41:01+00:00,openquantum:rigetti:qpu:cepheus-1-108q,ONLINE,
2026-08-11T18:37:09+00:00,aws:aqt:qpu:ibex-q1,UNAVAILABLE,
2026-08-11T18:37:09+00:00,aws:quera:qpu:aquila,UNAVAILABLE,
2026-08-11T18:37:09+00:00,ibm:ibm:qpu:marrakesh,ONLINE,
2026-08-11T18:37:09+00:00,ibm:ibm:qpu:pittsburgh,ONLINE,
2026-08-11T18:37:09+00:00,azure:pasqal:qpu:fresnel,OFFLINE,
2026-08-11T18:37:09+00:00,aws:iqm:qpu:emerald,ONLINE,
2026-08-11T18:37:09+00:00,azure:ionq:qpu:forte-1,OFFLINE,
2026-08-11T18:37:09+00:00,ibm:ibm:qpu:kingston,ONLINE,
2026-08-11T18:37:09+00:00,aws:ionq:qpu:forte-1,ONLINE,
2026-08-11T18:37:09+00:00,aws:ionq:qpu:forte-enterprise-1,ONLINE,
2026-08-11T18:37:09+00:00,ionq:ionq:qpu:forte-1,ONLINE,
2026-08-11T18:37:09+00:00,ibm:ibm:qpu:fez,ONLINE,
2026-08-11T18:37:09+00:00,aws:iqm:qpu:garnet,ONLINE,
2026-08-11T18:37:09+00:00,azure:rigetti:qpu:cepheus-1-36q,OFFLINE,
2026-08-11T18:37:09+00:00,azure:ionq:qpu:forte-enterprise-1,OFFLINE,
2026-08-11T18:37:09+00:00,ibm:ibm:qpu:boston,ONLINE,
2026-08-11T18:37:09+00:00,ibm:ibm:qpu:miami,ONLINE,
2026-08-11T18:37:09+00:00,rigetti:rigetti:qpu:cepheus-1-108q,ONLINE,
2026-08-11T18:37:09+00:00,aws:rigetti:qpu:cepheus-1-108q,ONLINE,
2026-08-11T18:37:09+00:00,openquantum:aqt:qpu:ibex-q1,ONLINE,
2026-08-11T18:37:09+00:00,openquantum:ionq:qpu:forte-1,ONLINE,
2026-08-11T18:37:09+00:00,openquantum:ionq:qpu:forte-enterprise,ONLINE,
2026-08-11T18:37:09+00:00,openquantum:iqm:qpu:emerald,ONLINE,
2026-08-11T18:37:09+00:00,openquantum:iqm:qpu:garnet,ONLINE,
2026-08-11T18:37:09+00:00,openquantum:rigetti:qpu:cepheus-1-108q,ONLINE,
2026-08-11T19:46:16+00:00,aws:aqt:qpu:ibex-q1,UNAVAILABLE,
2026-08-11T19:46:16+00:00,aws:quera:qpu:aquila,UNAVAILABLE,
2026-08-11T19:46:16+00:00,ibm:ibm:qpu:marrakesh,ONLINE,
2026-08-11T19:46:16+00:00,ibm:ibm:qpu:pittsburgh,ONLINE,
2026-08-11T19:46:16+00:00,azure:pasqal:qpu:fresnel,OFFLINE,
2026-08-11T19:46:16+00:00,aws:iqm:qpu:emerald,ONLINE,
2026-08-11T19:46:16+00:00,azure:ionq:qpu:forte-1,OFFLINE,
2026-08-11T19:46:16+00:00,ibm:ibm:qpu:kingston,ONLINE,
2026-08-11T19:46:16+00:00,aws:ionq:qpu:forte-1,ONLINE,
2026-08-11T19:46:16+00:00,aws:ionq:qpu:forte-enterprise-1,ONLINE,
2026-08-11T19:46:16+00:00,ionq:ionq:qpu:forte-1,ONLINE,
2026-08-11T19:46:16+00:00,ibm:ibm:qpu:fez,ONLINE,
2026-08-11T19:46:16+00:00,aws:iqm:qpu:garnet,ONLINE,
2026-08-11T19:46:16+00:00,azure:rigetti:qpu:cepheus-1-36q,OFFLINE,
2026-08-11T19:46:16+00:00,azure:ionq:qpu:forte-enterprise-1,OFFLINE,
2026-08-11T19:46:16+00:00,ibm:ibm:qpu:boston,ONLINE,
2026-08-11T19:46:16+00:00,ibm:ibm:qpu:miami,ONLINE,
2026-08-11T19:46:16+00:00,rigetti:rigetti:qpu:cepheus-1-108q,ONLINE,
2026-08-11T19:46:16+00:00,aws:rigetti:qpu:cepheus-1-108q,UNAVAILABLE,
2026-08-11T19:46:16+00:00,openquantum:aqt:qpu:ibex-q1,ONLINE,
2026-08-11T19:46:16+00:00,openquantum:ionq:qpu:forte-1,ONLINE,
2026-08-11T19:46:16+00:00,openquantum:ionq:qpu:forte-enterprise,ONLINE,
2026-08-11T19:46:16+00:00,openquantum:iqm:qpu:emerald,ONLINE,
2026-08-11T19:46:16+00:00,openquantum:iqm:qpu:garnet,ONLINE,
2026-08-11T19:46:16+00:00,openquantum:rigetti:qpu:cepheus-1-108q,ONLINE,
2026-08-11T20:42:30+00:00,aws:aqt:qpu:ibex-q1,UNAVAILABLE,
2026-08-11T20:42:30+00:00,aws:quera:qpu:aquila,UNAVAILABLE,
2026-08-11T20:42:30+00:00,ibm:ibm:qpu:marrakesh,ONLINE,
2026-08-11T20:42:30+00:00,ibm:ibm:qpu:pittsburgh,ONLINE,
2026-08-11T20:42:30+00:00,azure:pasqal:qpu:fresnel,OFFLINE,
2026-08-11T20:42:30+00:00,aws:iqm:qpu:emerald,ONLINE,
2026-08-11T20:42:30+00:00,azure:ionq:qpu:forte-1,OFFLINE,
2026-08-11T20:42:30+00:00,ibm:ibm:qpu:kingston,ONLINE,
2026-08-11T20:42:30+00:00,aws:ionq:qpu:forte-1,ONLINE,
2026-08-11T20:42:30+00:00,aws:ionq:qpu:forte-enterprise-1,ONLINE,
2026-08-11T20:42:30+00:00,ionq:ionq:qpu:forte-1,ONLINE,
2026-08-11T20:42:30+00:00,ibm:ibm:qpu:fez,ONLINE,
2026-08-11T20:42:30+00:00,aws:iqm:qpu:garnet,ONLINE,
2026-08-11T20:42:30+00:00,azure:rigetti:qpu:cepheus-1-36q,OFFLINE,
2026-08-11T20:42:30+00:00,azure:ionq:qpu:forte-enterprise-1,OFFLINE,
2026-08-11T20:42:30+00:00,ibm:ibm:qpu:boston,ONLINE,
2026-08-11T20:42:30+00:00,ibm:ibm:qpu:miami,ONLINE,
2026-08-11T20:42:30+00:00,rigetti:rigetti:qpu:cepheus-1-108q,ONLINE,
2026-08-11T20:42:30+00:00,aws:rigetti:qpu:cepheus-1-108q,UNAVAILABLE,
2026-08-11T20:42:30+00:00,openquantum:aqt:qpu:ibex-q1,ONLINE,
2026-08-11T20:42:30+00:00,openquantum:ionq:qpu:forte-1,ONLINE,
2026-08-11T20:42:30+00:00,openquantum:ionq:qpu:forte-enterprise,ONLINE,
2026-08-11T20:42:30+00:00,openquantum:iqm:qpu:emerald,ONLINE,
2026-08-11T20:42:30+00:00,openquantum:iqm:qpu:garnet,ONLINE,
2026-08-11T20:42:30+00:00,openquantum:rigetti:qpu:cepheus-1-108q,ONLINE,
2026-08-11T21:29:53+00:00,aws:aqt:qpu:ibex-q1,UNAVAILABLE,
2026-08-11T21:29:53+00:00,aws:quera:qpu:aquila,UNAVAILABLE,
2026-08-11T21:29:53+00:00,ibm:ibm:qpu:marrakesh,ONLINE,
2026-08-11T21:29:53+00:00,ibm:ibm:qpu:pittsburgh,ONLINE,
2026-08-11T21:29:53+00:00,azure:pasqal:qpu:fresnel,OFFLINE,
2026-08-11T21:29:53+00:00,aws:iqm:qpu:emerald,ONLINE,
2026-08-11T21:29:53+00:00,azure:ionq:qpu:forte-1,OFFLINE,
2026-08-11T21:29:53+00:00,ibm:ibm:qpu:kingston,ONLINE,
2026-08-11T21:29:53+00:00,aws:ionq:qpu:forte-1,ONLINE,
2026-08-11T21:29:53+00:00,aws:ionq:qpu:forte-enterprise-1,ONLINE,
2026-08-11T21:29:53+00:00,ionq:ionq:qpu:forte-1,ONLINE,
2026-08-11T21:29:53+00:00,ibm:ibm:qpu:fez,ONLINE,
2026-08-11T21:29:53+00:00,aws:iqm:qpu:garnet,ONLINE,
2026-08-11T21:29:53+00:00,azure:rigetti:qpu:cepheus-1-36q,OFFLINE,
2026-08-11T21:29:53+00:00,azure:ionq:qpu:forte-enterprise-1,OFFLINE,
2026-08-11T21:29:53+00:00,ibm:ibm:qpu:boston,ONLINE,
2026-08-11T21:29:53+00:00,ibm:ibm:qpu:miami,ONLINE,
2026-08-11T21:29:53+00:00,rigetti:rigetti:qpu:cepheus-1-108q,ONLINE,
2026-08-11T21:29:53+00:00,aws:rigetti:qpu:cepheus-1-108q,ONLINE,
2026-08-11T21:29:53+00:00,openquantum:aqt:qpu:ibex-q1,ONLINE,
2026-08-11T21:29:53+00:00,openquantum:ionq:qpu:forte-1,ONLINE,
2026-08-11T21:29:53+00:00,openquantum:ionq:qpu:forte-enterprise,ONLINE,
2026-08-11T21:29:53+00:00,openquantum:iqm:qpu:emerald,ONLINE,
2026-08-11T21:29:53+00:00,openquantum:iqm:qpu:garnet,ONLINE,
2026-08-11T21:29:53+00:00,openquantum:rigetti:qpu:cepheus-1-108q,ONLINE,
2026-08-11T22:24:26+00:00,aws:aqt:qpu:ibex-q1,UNAVAILABLE,
2026-08-11T22:24:26+00:00,aws:quera:qpu:aquila,UNAVAILABLE,
2026-08-11T22:24:26+00:00,ibm:ibm:qpu:marrakesh,ONLINE,
2026-08-11T22:24:26+00:00,ibm:ibm:qpu:pittsburgh,ONLINE,
2026-08-11T22:24:26+00:00,azure:pasqal:qpu:fresnel,OFFLINE,
2026-08-11T22:24:26+00:00,aws:iqm:qpu:emerald,ONLINE,
2026-08-11T22:24:26+00:00,azure:ionq:qpu:forte-1,OFFLINE,
2026-08-11T22:24:26+00:00,ibm:ibm:qpu:kingston,ONLINE,
2026-08-11T22:24:26+00:00,aws:ionq:qpu:forte-1,ONLINE,
2026-08-11T22:24:26+00:00,aws:ionq:qpu:forte-enterprise-1,ONLINE,
2026-08-11T22:24:26+00:00,ionq:ionq:qpu:forte-1,ONLINE,
2026-08-11T22:24:26+00:00,ibm:ibm:qpu:fez,ONLINE,
2026-08-11T22:24:26+00:00,aws:iqm:qpu:garnet,ONLINE,
2026-08-11T22:24:26+00:00,azure:rigetti:qpu:cepheus-1-36q,OFFLINE,
2026-08-11T22:24:26+00:00,azure:ionq:qpu:forte-enterprise-1,OFFLINE,
2026-08-11T22:24:26+00:00,ibm:ibm:qpu:boston,ONLINE,
2026-08-11T22:24:26+00:00,ibm:ibm:qpu:miami,ONLINE,
2026-08-11T22:24:26+00:00,rigetti:rigetti:qpu:cepheus-1-108q,ONLINE,
2026-08-11T22:24:26+00:00,aws:rigetti:qpu:cepheus-1-108q,ONLINE,
2026-08-11T22:24:26+00:00,openquantum:aqt:qpu:ibex-q1,ONLINE,
2026-08-11T22:24:26+00:00,openquantum:ionq:qpu:forte-1,ONLINE,
2026-08-11T22:24:26+00:00,openquantum:ionq:qpu:forte-enterprise,ONLINE,
2026-08-11T22:24:26+00:00,openquantum:iqm:qpu:emerald,ONLINE,
2026-08-11T22:24:26+00:00,openquantum:iqm:qpu:garnet,ONLINE,
2026-08-11T22:24:26+00:00,openquantum:rigetti:qpu:cepheus-1-108q,ONLINE,
2026-08-11T23:23:45+00:00,aws:aqt:qpu:ibex-q1,UNAVAILABLE,
2026-08-11T23:23:45+00:00,aws:quera:qpu:aquila,UNAVAILABLE,
2026-08-11T23:23:45+00:00,ibm:ibm:qpu:marrakesh,ONLINE,
2026-08-11T23:23:45+00:00,ibm:ibm:qpu:pittsburgh,ONLINE,
2026-08-11T23:23:45+00:00,azure:pasqal:qpu:fresnel,OFFLINE,
2026-08-11T23:23:45+00:00,aws:iqm:qpu:emerald,ONLINE,
2026-08-11T23:23:45+00:00,azure:ionq:qpu:forte-1,OFFLINE,
2026-08-11T23:23:45+00:00,ibm:ibm:qpu:kingston,ONLINE,
2026-08-11T23:23:45+00:00,aws:ionq:qpu:forte-1,ONLINE,
2026-08-11T23:23:45+00:00,aws:ionq:qpu:forte-enterprise-1,ONLINE,
2026-08-11T23:23:45+00:00,ionq:ionq:qpu:forte-1,ONLINE,
2026-08-11T23:23:45+00:00,ibm:ibm:qpu:fez,ONLINE,
2026-08-11T23:23:45+00:00,aws:iqm:qpu:garnet,ONLINE,
2026-08-11T23:23:45+00:00,azure:rigetti:qpu:cepheus-1-36q,OFFLINE,
2026-08-11T23:23:45+00:00,azure:ionq:qpu:forte-enterprise-1,OFFLINE,
2026-08-11T23:23:45+00:00,ibm:ibm:qpu:boston,ONLINE,
2026-08-11T23:23:45+00:00,ibm:ibm:qpu:miami,ONLINE,
2026-08-11T23:23:45+00:00,rigetti:rigetti:qpu:cepheus-1-108q,ONLINE,
2026-08-11T23:23:45+00:00,aws:rigetti:qpu:cepheus-1-108q,ONLINE,
2026-08-11T23:23:45+00:00,openquantum:aqt:qpu:ibex-q1,ONLINE,
2026-08-11T23:23:45+00:00,openquantum:ionq:qpu:forte-1,ONLINE,
2026-08-11T23:23:45+00:00,openquantum:ionq:qpu:forte-enterprise,ONLINE,
2026-08-11T23:23:45+00:00,openquantum:iqm:qpu:emerald,ONLINE,
2026-08-11T23:23:45+00:00,openquantum:iqm:qpu:garnet,ONLINE,
2026-08-11T23:23:45+00:00,openquantum:rigetti:qpu:cepheus-1-108q,ONLINE,
2026-08-12T00:42:16+00:00,aws:aqt:qpu:ibex-q1,UNAVAILABLE,
2026-08-12T00:42:16+00:00,aws:quera:qpu:aquila,ONLINE,
2026-08-12T00:42:16+00:00,ibm:ibm:qpu:marrakesh,ONLINE,
2026-08-12T00:42:16+00:00,ibm:ibm:qpu:pittsburgh,ONLINE,
2026-08-12T00:42:16+00:00,azure:pasqal:qpu:fresnel,OFFLINE,
2026-08-12T00:42:16+00:00,aws:iqm:qpu:emerald,ONLINE,
2026-08-12T00:42:16+00:00,azure:ionq:qpu:forte-1,OFFLINE,
2026-08-12T00:42:16+00:00,ibm:ibm:qpu:kingston,ONLINE,
2026-08-12T00:42:16+00:00,aws:ionq:qpu:forte-1,ONLINE,
2026-08-12T00:42:16+00:00,aws:ionq:qpu:forte-enterprise-1,ONLINE,
2026-08-12T00:42:16+00:00,ionq:ionq:qpu:forte-1,UNAVAILABLE,
2026-08-12T00:42:16+00:00,ibm:ibm:qpu:fez,ONLINE,
2026-08-12T00:42:16+00:00,aws:iqm:qpu:garnet,ONLINE,
2026-08-12T00:42:16+00:00,azure:rigetti:qpu:cepheus-1-36q,OFFLINE,
2026-08-12T00:42:16+00:00,azure:ionq:qpu:forte-enterprise-1,OFFLINE,
2026-08-12T00:42:16+00:00,ibm:ibm:qpu:boston,ONLINE,
2026-08-12T00:42:16+00:00,ibm:ibm:qpu:miami,ONLINE,
2026-08-12T00:42:16+00:00,rigetti:rigetti:qpu:cepheus-1-108q,ONLINE,
2026-08-12T00:42:16+00:00,aws:rigetti:qpu:cepheus-1-108q,ONLINE,
2026-08-12T00:42:16+00:00,openquantum:aqt:qpu:ibex-q1,ONLINE,
2026-08-12T00:42:16+00:00,openquantum:ionq:qpu:forte-1,ONLINE,
2026-08-12T00:42:16+00:00,openquantum:ionq:qpu:forte-enterprise,ONLINE,
2026-08-12T00:42:16+00:00,openquantum:iqm:qpu:emerald,ONLINE,
2026-08-12T00:42:16+00:00,openquantum:iqm:qpu:garnet,ONLINE,
2026-08-12T00:42:16+00:00,openquantum:rigetti:qpu:cepheus-1-108q,ONLINE,
2026-08-12T03:12:30+00:00,aws:aqt:qpu:ibex-q1,UNAVAILABLE,
2026-08-12T03:12:30+00:00,aws:quera:qpu:aquila,ONLINE,
2026-08-12T03:12:30+00:00,ibm:ibm:qpu:marrakesh,ONLINE,
2026-08-12T03:12:30+00:00,ibm:ibm:qpu:pittsburgh,ONLINE,
2026-08-12T03:12:30+00:00,azure:pasqal:qpu:fresnel,OFFLINE,
2026-08-12T03:12:30+00:00,aws:iqm:qpu:emerald,OFFLINE,
2026-08-12T03:12:30+00:00,azure:ionq:qpu:forte-1,OFFLINE,
2026-08-12T03:12:30+00:00,ibm:ibm:qpu:kingston,ONLINE,
2026-08-12T03:12:30+00:00,aws:ionq:qpu:forte-1,ONLINE,
2026-08-12T03:12:30+00:00,aws:ionq:qpu:forte-enterprise-1,ONLINE,
2026-08-12T03:12:30+00:00,ionq:ionq:qpu:forte-1,ONLINE,
2026-08-12T03:12:30+00:00,ibm:ibm:qpu:fez,ONLINE,
2026-08-12T03:12:30+00:00,aws:iqm:qpu:garnet,UNAVAILABLE,
2026-08-12T03:12:30+00:00,azure:rigetti:qpu:cepheus-1-36q,OFFLINE,
2026-08-12T03:12:30+00:00,azure:ionq:qpu:forte-enterprise-1,OFFLINE,
2026-08-12T03:12:30+00:00,ibm:ibm:qpu:boston,ONLINE,
2026-08-12T03:12:30+00:00,ibm:ibm:qpu:miami,ONLINE,
2026-08-12T03:12:30+00:00,rigetti:rigetti:qpu:cepheus-1-108q,ONLINE,
2026-08-12T03:12:30+00:00,aws:rigetti:qpu:cepheus-1-108q,ONLINE,
2026-08-12T03:12:30+00:00,openquantum:aqt:qpu:ibex-q1,ONLINE,
2026-08-12T03:12:30+00:00,openquantum:ionq:qpu:forte-1,ONLINE,
2026-08-12T03:12:30+00:00,openquantum:ionq:qpu:forte-enterprise,ONLINE,
2026-08-12T03:12:30+00:00,openquantum:iqm:qpu:emerald,ONLINE,
2026-08-12T03:12:30+00:00,openquantum:iqm:qpu:garnet,ONLINE,
2026-08-12T03:12:30+00:00,openquantum:rigetti:qpu:cepheus-1-108q,ONLINE,
2026-08-12T05:18:48+00:00,aws:aqt:qpu:ibex-q1,UNAVAILABLE,
2026-08-12T05:18:48+00:00,aws:quera:qpu:aquila,ONLINE,
2026-08-12T05:18:48+00:00,ibm:ibm:qpu:marrakesh,UNAVAILABLE,
2026-08-12T05:18:48+00:00,ibm:ibm:qpu:pittsburgh,ONLINE,
2026-08-12T05:18:48+00:00,azure:pasqal:qpu:fresnel,OFFLINE,
2026-08-12T05:18:48+00:00,aws:iqm:qpu:emerald,OFFLINE,
2026-08-12T05:18:48+00:00,azure:ionq:qpu:forte-1,OFFLINE,
2026-08-12T05:18:48+00:00,ibm:ibm:qpu:kingston,ONLINE,
2026-08-12T05:18:48+00:00,aws:ionq:qpu:forte-1,ONLINE,
2026-08-12T05:18:48+00:00,aws:ionq:qpu:forte-enterprise-1,ONLINE,
2026-08-12T05:18:48+00:00,ionq:ionq:qpu:forte-1,ONLINE,
2026-08-12T05:18:48+00:00,ibm:ibm:qpu:fez,ONLINE,
2026-08-12T05:18:48+00:00,aws:iqm:qpu:garnet,ONLINE,
2026-08-12T05:18:48+00:00,azure:rigetti:qpu:cepheus-1-36q,OFFLINE,
2026-08-12T05:18:48+00:00,azure:ionq:qpu:forte-enterprise-1,OFFLINE,
2026-08-12T05:18:48+00:00,ibm:ibm:qpu:boston,ONLINE,
2026-08-12T05:18:48+00:00,ibm:ibm:qpu:miami,ONLINE,
2026-08-12T05:18:48+00:00,rigetti:rigetti:qpu:cepheus-1-108q,ONLINE,
2026-08-12T05:18:48+00:00,aws:rigetti:qpu:cepheus-1-108q,ONLINE,
2026-08-12T05:18:48+00:00,openquantum:aqt:qpu:ibex-q1,ONLINE,
2026-08-12T05:18:48+00:00,openquantum:ionq:qpu:forte-1,ONLINE,
2026-08-12T05:18:48+00:00,openquantum:ionq:qpu:forte-enterprise,ONLINE,
2026-08-12T05:18:48+00:00,openquantum:iqm:qpu:emerald,ONLINE,
2026-08-12T05:18:48+00:00,openquantum:iqm:qpu:garnet,ONLINE,
2026-08-12T05:18:48+00:00,openquantum:rigetti:qpu:cepheus-1-108q,ONLINE,
2026-08-12T06:58:41+00:00,aws:aqt:qpu:ibex-q1,UNAVAILABLE,
2026-08-12T06:58:41+00:00,aws:quera:qpu:aquila,ONLINE,
2026-08-12T06:58:41+00:00,ibm:ibm:qpu:marrakesh,ONLINE,
2026-08-12T06:58:41+00:00,ibm:ibm:qpu:pittsburgh,ONLINE,
2026-08-12T06:58:41+00:00,azure:pasqal:qpu:fresnel,OFFLINE,
2026-08-12T06:58:41+00:00,aws:iqm:qpu:emerald,OFFLINE,
2026-08-12T06:58:41+00:00,azure:ionq:qpu:forte-1,OFFLINE,
2026-08-12T06:58:41+00:00,ibm:ibm:qpu:kingston,ONLINE,
2026-08-12T06:58:41+00:00,aws:ionq:qpu:forte-1,ONLINE,
2026-08-12T06:58:41+00:00,aws:ionq:qpu:forte-enterprise-1,ONLINE,
2026-08-12T06:58:41+00:00,ionq:ionq:qpu:forte-1,ONLINE,
2026-08-12T06:58:41+00:00,ibm:ibm:qpu:fez,ONLINE,
2026-08-12T06:58:41+00:00,aws:iqm:qpu:garnet,ONLINE,
2026-08-12T06:58:41+00:00,azure:rigetti:qpu:cepheus-1-36q,OFFLINE,
2026-08-12T06:58:41+00:00,azure:ionq:qpu:forte-enterprise-1,OFFLINE,
2026-08-12T06:58:41+00:00,ibm:ibm:qpu:boston,ONLINE,
2026-08-12T06:58:41+00:00,ibm:ibm:qpu:miami,ONLINE,
2026-08-12T06:58:41+00:00,rigetti:rigetti:qpu:cepheus-1-108q,ONLINE,
2026-08-12T06:58:41+00:00,aws:rigetti:qpu:cepheus-1-108q,ONLINE,
2026-08-12T06:58:41+00:00,openquantum:aqt:qpu:ibex-q1,ONLINE,
2026-08-12T06:58:41+00:00,openquantum:ionq:qpu:forte-1,ONLINE,
2026-08-12T06:58:41+00:00,openquantum:ionq:qpu:forte-enterprise,ONLINE,
2026-08-12T06:58:41+00:00,openquantum:iqm:qpu:emerald,ONLINE,
2026-08-12T06:58:41+00:00,openquantum:iqm:qpu:garnet,ONLINE,
2026-08-12T06:58:41+00:00,openquantum:rigetti:qpu:cepheus-1-108q,ONLINE,
2026-08-12T08:24:56+00:00,aws:aqt:qpu:ibex-q1,ONLINE,
2026-08-12T08:24:56+00:00,aws:quera:qpu:aquila,ONLINE,
2026-08-12T08:24:56+00:00,ibm:ibm:qpu:marrakesh,ONLINE,
2026-08-12T08:24:56+00:00,ibm:ibm:qpu:pittsburgh,ONLINE,
2026-08-12T08:24:56+00:00,azure:pasqal:qpu:fresnel,OFFLINE,
2026-08-12T08:24:56+00:00,aws:iqm:qpu:emerald,OFFLINE,
2026-08-12T08:24:56+00:00,azure:ionq:qpu:forte-1,OFFLINE,
2026-08-12T08:24:56+00:00,ibm:ibm:qpu:kingston,ONLINE,
2026-08-12T08:24:56+00:00,aws:ionq:qpu:forte-1,ONLINE,
2026-08-12T08:24:56+00:00,aws:ionq:qpu:forte-enterprise-1,ONLINE,
2026-08-12T08:24:56+00:00,ionq:ionq:qpu:forte-1,ONLINE,
2026-08-12T08:24:56+00:00,ibm:ibm:qpu:fez,ONLINE,
2026-08-12T08:24:56+00:00,aws:iqm:qpu:garnet,ONLINE,
2026-08-12T08:24:56+00:00,azure:rigetti:qpu:cepheus-1-36q,OFFLINE,
2026-08-12T08:24:56+00:00,azure:ionq:qpu:forte-enterprise-1,OFFLINE,
2026-08-12T08:24:56+00:00,ibm:ibm:qpu:boston,ONLINE,
2026-08-12T08:24:56+00:00,ibm:ibm:qpu:miami,ONLINE,
2026-08-12T08:24:56+00:00,rigetti:rigetti:qpu:cepheus-1-108q,ONLINE,
2026-08-12T08:24:56+00:00,aws:rigetti:qpu:cepheus-1-108q,UNAVAILABLE,
2026-08-12T08:24:56+00:00,openquantum:aqt:qpu:ibex-q1,ONLINE,
2026-08-12T08:24:56+00:00,openquantum:ionq:qpu:forte-1,ONLINE,
2026-08-12T08:24:56+00:00,openquantum:ionq:qpu:forte-enterprise,ONLINE,
2026-08-12T08:24:56+00:00,openquantum:iqm:qpu:emerald,ONLINE,
2026-08-12T08:24:56+00:00,openquantum:iqm:qpu:garnet,ONLINE,
2026-08-12T08:24:56+00:00,openquantum:rigetti:qpu:cepheus-1-108q,ONLINE,
2026-08-12T09:46:52+00:00,aws:aqt:qpu:ibex-q1,ONLINE,
2026-08-12T09:46:52+00:00,aws:quera:qpu:aquila,ONLINE,
2026-08-12T09:46:52+00:00,ibm:ibm:qpu:marrakesh,ONLINE,
2026-08-12T09:46:52+00:00,ibm:ibm:qpu:pittsburgh,ONLINE,
2026-08-12T09:46:52+00:00,azure:pasqal:qpu:fresnel,OFFLINE,
2026-08-12T09:46:52+00:00,aws:iqm:qpu:emerald,OFFLINE,
2026-08-12T09:46:52+00:00,azure:ionq:qpu:forte-1,OFFLINE,
2026-08-12T09:46:52+00:00,ibm:ibm:qpu:kingston,ONLINE,
2026-08-12T09:46:52+00:00,aws:ionq:qpu:forte-1,ONLINE,
2026-08-12T09:46:52+00:00,aws:ionq:qpu:forte-enterprise-1,ONLINE,
2026-08-12T09:46:52+00:00,ionq:ionq:qpu:forte-1,ONLINE,
2026-08-12T09:46:52+00:00,ibm:ibm:qpu:fez,ONLINE,
2026-08-12T09:46:52+00:00,aws:iqm:qpu:garnet,ONLINE,
2026-08-12T09:46:52+00:00,azure:rigetti:qpu:cepheus-1-36q,OFFLINE,
2026-08-12T09:46:52+00:00,azure:ionq:qpu:forte-enterprise-1,OFFLINE,
2026-08-12T09:46:52+00:00,ibm:ibm:qpu:boston,ONLINE,
2026-08-12T09:46:52+00:00,ibm:ibm:qpu:miami,ONLINE,
2026-08-12T09:46:52+00:00,rigetti:rigetti:qpu:cepheus-1-108q,ONLINE,
2026-08-12T09:46:52+00:00,aws:rigetti:qpu:cepheus-1-108q,ONLINE,
2026-08-12T09:46:52+00:00,openquantum:aqt:qpu:ibex-q1,ONLINE,
2026-08-12T09:46:52+00:00,openquantum:ionq:qpu:forte-1,ONLINE,
2026-08-12T09:46:52+00:00,openquantum:ionq:qpu:forte-enterprise,ONLINE,
2026-08-12T09:46:52+00:00,openquantum:iqm:qpu:emerald,ONLINE,
2026-08-12T09:46:52+00:00,openquantum:iqm:qpu:garnet,ONLINE,
2026-08-12T09:46:52+00:00,openquantum:rigetti:qpu:cepheus-1-108q,ONLINE,
2026-08-12T10:59:47+00:00,aws:aqt:qpu:ibex-q1,ONLINE,
2026-08-12T10:59:47+00:00,aws:quera:qpu:aquila,ONLINE,
2026-08-12T10:59:47+00:00,ibm:ibm:qpu:marrakesh,ONLINE,
2026-08-12T10:59:47+00:00,ibm:ibm:qpu:pittsburgh,ONLINE,
2026-08-12T10:59:47+00:00,azure:pasqal:qpu:fresnel,OFFLINE,
2026-08-12T10:59:47+00:00,aws:iqm:qpu:emerald,OFFLINE,
2026-08-12T10:59:47+00:00,azure:ionq:qpu:forte-1,OFFLINE,
2026-08-12T10:59:47+00:00,ibm:ibm:qpu:kingston,ONLINE,
2026-08-12T10:59:47+00:00,aws:ionq:qpu:forte-1,ONLINE,
2026-08-12T10:59:47+00:00,aws:ionq:qpu:forte-enterprise-1,ONLINE,
2026-08-12T10:59:47+00:00,ionq:ionq:qpu:forte-1,ONLINE,
2026-08-12T10:59:47+00:00,ibm:ibm:qpu:fez,ONLINE,
2026-08-12T10:59:47+00:00,aws:iqm:qpu:garnet,ONLINE,
2026-08-12T10:59:47+00:00,azure:rigetti:qpu:cepheus-1-36q,OFFLINE,
2026-08-12T10:59:47+00:00,azure:ionq:qpu:forte-enterprise-1,OFFLINE,
2026-08-12T10:59:47+00:00,ibm:ibm:qpu:boston,ONLINE,
2026-08-12T10:59:47+00:00,ibm:ibm:qpu:miami,ONLINE,
2026-08-12T10:59:47+00:00,rigetti:rigetti:qpu:cepheus-1-108q,ONLINE,
2026-08-12T10:59:47+00:00,aws:rigetti:qpu:cepheus-1-108q,ONLINE,
2026-08-12T10:59:47+00:00,openquantum:aqt:qpu:ibex-q1,ONLINE,
2026-08-12T10:59:47+00:00,openquantum:ionq:qpu:forte-1,ONLINE,
2026-08-12T10:59:47+00:00,openquantum:ionq:qpu:forte-enterprise,ONLINE,
2026-08-12T10:59:47+00:00,openquantum:iqm:qpu:emerald,ONLINE,
2026-08-12T10:59:47+00:00,openquantum:iqm:qpu:garnet,ONLINE,
2026-08-12T10:59:47+00:00,openquantum:rigetti:qpu:cepheus-1-108q,ONLINE,
2026-08-12T11:54:41+00:00,aws:aqt:qpu:ibex-q1,ONLINE,
2026-08-12T11:54:41+00:00,aws:quera:qpu:aquila,ONLINE,
2026-08-12T11:54:41+00:00,ibm:ibm:qpu:marrakesh,ONLINE,
2026-08-12T11:54:41+00:00,ibm:ibm:qpu:pittsburgh,ONLINE,
2026-08-12T11:54:41+00:00,azure:pasqal:qpu:fresnel,OFFLINE,
2026-08-12T11:54:41+00:00,aws:iqm:qpu:emerald,OFFLINE,
2026-08-12T11:54:41+00:00,azure:ionq:qpu:forte-1,OFFLINE,
2026-08-12T11:54:41+00:00,ibm:ibm:qpu:kingston,ONLINE,
2026-08-12T11:54:41+00:00,aws:ionq:qpu:forte-1,ONLINE,
2026-08-12T11:54:41+00:00,aws:ionq:qpu:forte-enterprise-1,ONLINE,
2026-08-12T11:54:41+00:00,ionq:ionq:qpu:forte-1,ONLINE,
2026-08-12T11:54:41+00:00,ibm:ibm:qpu:fez,ONLINE,
2026-08-12T11:54:41+00:00,aws:iqm:qpu:garnet,ONLINE,
2026-08-12T11:54:41+00:00,azure:rigetti:qpu:cepheus-1-36q,OFFLINE,
2026-08-12T11:54:41+00:00,azure:ionq:qpu:forte-enterprise-1,OFFLINE,
2026-08-12T11:54:41+00:00,ibm:ibm:qpu:boston,ONLINE,
2026-08-12T11:54:41+00:00,ibm:ibm:qpu:miami,ONLINE,
2026-08-12T11:54:41+00:00,rigetti:rigetti:qpu:cepheus-1-108q,ONLINE,
2026-08-12T11:54:41+00:00,aws:rigetti:qpu:cepheus-1-108q,ONLINE,
2026-08-12T11:54:41+00:00,openquantum:aqt:qpu:ibex-q1,ONLINE,
2026-08-12T11:54:41+00:00,openquantum:ionq:qpu:forte-1,ONLINE,
2026-08-12T11:54:41+00:00,openquantum:ionq:qpu:forte-enterprise,ONLINE,
2026-08-12T11:54:41+00:00,openquantum:iqm:qpu:emerald,ONLINE,
2026-08-12T11:54:41+00:00,openquantum:iqm:qpu:garnet,ONLINE,
2026-08-12T11:54:41+00:00,openquantum:rigetti:qpu:cepheus-1-108q,ONLINE,
2026-08-12T13:07:29+00:00,aws:aqt:qpu:ibex-q1,ONLINE,
2026-08-12T13:07:29+00:00,aws:quera:qpu:aquila,UNAVAILABLE,
2026-08-12T13:07:29+00:00,ibm:ibm:qpu:marrakesh,ONLINE,
2026-08-12T13:07:29+00:00,ibm:ibm:qpu:pittsburgh,ONLINE,
2026-08-12T13:07:29+00:00,azure:pasqal:qpu:fresnel,OFFLINE,
2026-08-12T13:07:29+00:00,aws:iqm:qpu:emerald,OFFLINE,
2026-08-12T13:07:29+00:00,azure:ionq:qpu:forte-1,OFFLINE,
2026-08-12T13:07:29+00:00,ibm:ibm:qpu:kingston,ONLINE,
2026-08-12T13:07:29+00:00,aws:ionq:qpu:forte-1,ONLINE,
2026-08-12T13:07:29+00:00,aws:ionq:qpu:forte-enterprise-1,ONLINE,
2026-08-12T13:07:29+00:00,ionq:ionq:qpu:forte-1,ONLINE,
2026-08-12T13:07:29+00:00,ibm:ibm:qpu:fez,ONLINE,
2026-08-12T13:07:29+00:00,aws:iqm:qpu:garnet,ONLINE,
2026-08-12T13:07:29+00:00,azure:rigetti:qpu:cepheus-1-36q,OFFLINE,
2026-08-12T13:07:29+00:00,azure:ionq:qpu:forte-enterprise-1,OFFLINE,
2026-08-12T13:07:29+00:00,ibm:ibm:qpu:boston,ONLINE,
2026-08-12T13:07:29+00:00,ibm:ibm:qpu:miami,ONLINE,
2026-08-12T13:07:29+00:00,rigetti:rigetti:qpu:cepheus-1-108q,ONLINE,
2026-08-12T13:07:29+00:00,aws:rigetti:qpu:cepheus-1-108q,ONLINE,
2026-08-12T13:07:29+00:00,openquantum:aqt:qpu:ibex-q1,ONLINE,
2026-08-12T13:07:29+00:00,openquantum:ionq:qpu:forte-1,ONLINE,
2026-08-12T13:07:29+00:00,openquantum:ionq:qpu:forte-enterprise,ONLINE,
2026-08-12T13:07:29+00:00,openquantum:iqm:qpu:emerald,ONLINE,
2026-08-12T13:07:29+00:00,openquantum:iqm:qpu:garnet,ONLINE,
2026-08-12T13:07:29+00:00,openquantum:rigetti:qpu:cepheus-1-108q,ONLINE,
2026-08-12T14:43:59+00:00,aws:aqt:qpu:ibex-q1,ONLINE,
2026-08-12T14:43:59+00:00,aws:quera:qpu:aquila,UNAVAILABLE,
2026-08-12T14:43:59+00:00,ibm:ibm:qpu:marrakesh,ONLINE,
2026-08-12T14:43:59+00:00,ibm:ibm:qpu:pittsburgh,ONLINE,
2026-08-12T14:43:59+00:00,azure:pasqal:qpu:fresnel,OFFLINE,
2026-08-12T14:43:59+00:00,aws:iqm:qpu:emerald,ONLINE,
2026-08-12T14:43:59+00:00,azure:ionq:qpu:forte-1,OFFLINE,
2026-08-12T14:43:59+00:00,ibm:ibm:qpu:kingston,ONLINE,
2026-08-12T14:43:59+00:00,aws:ionq:qpu:forte-1,UNAVAILABLE,
2026-08-12T14:43:59+00:00,aws:ionq:qpu:forte-enterprise-1,ONLINE,
2026-08-12T14:43:59+00:00,ionq:ionq:qpu:forte-1,UNAVAILABLE,
2026-08-12T14:43:59+00:00,ibm:ibm:qpu:fez,ONLINE,
2026-08-12T14:43:59+00:00,aws:iqm:qpu:garnet,ONLINE,
2026-08-12T14:43:59+00:00,azure:rigetti:qpu:cepheus-1-36q,OFFLINE,
2026-08-12T14:43:59+00:00,azure:ionq:qpu:forte-enterprise-1,OFFLINE,
2026-08-12T14:43:59+00:00,ibm:ibm:qpu:boston,ONLINE,
2026-08-12T14:43:59+00:00,ibm:ibm:qpu:miami,ONLINE,
2026-08-12T14:43:59+00:00,rigetti:rigetti:qpu:cepheus-1-108q,ONLINE,
2026-08-12T14:43:59+00:00,aws:rigetti:qpu:cepheus-1-108q,ONLINE,
2026-08-12T14:43:59+00:00,openquantum:aqt:qpu:ibex-q1,ONLINE,
2026-08-12T14:43:59+00:00,openquantum:ionq:qpu:forte-1,ONLINE,
2026-08-12T14:43:59+00:00,openquantum:ionq:qpu:forte-enterprise,ONLINE,
2026-08-12T14:43:59+00:00,openquantum:iqm:qpu:emerald,ONLINE,
2026-08-12T14:43:59+00:00,openquantum:iqm:qpu:garnet,ONLINE,
2026-08-12T14:43:59+00:00,openquantum:rigetti:qpu:cepheus-1-108q,ONLINE,
2026-08-12T15:41:55+00:00,aws:aqt:qpu:ibex-q1,UNAVAILABLE,
2026-08-12T15:41:55+00:00,aws:quera:qpu:aquila,UNAVAILABLE,
2026-08-12T15:41:55+00:00,ibm:ibm:qpu:marrakesh,ONLINE,
2026-08-12T15:41:55+00:00,ibm:ibm:qpu:pittsburgh,ONLINE,
2026-08-12T15:41:55+00:00,azure:pasqal:qpu:fresnel,OFFLINE,
2026-08-12T15:41:55+00:00,aws:iqm:qpu:emerald,ONLINE,
2026-08-12T15:41:55+00:00,azure:ionq:qpu:forte-1,OFFLINE,
2026-08-12T15:41:55+00:00,ibm:ibm:qpu:kingston,ONLINE,
2026-08-12T15:41:55+00:00,aws:ionq:qpu:forte-1,UNAVAILABLE,
2026-08-12T15:41:55+00:00,aws:ionq:qpu:forte-enterprise-1,ONLINE,
2026-08-12T15:41:55+00:00,ionq:ionq:qpu:forte-1,UNAVAILABLE,
2026-08-12T15:41:55+00:00,ibm:ibm:qpu:fez,ONLINE,
2026-08-12T15:41:55+00:00,aws:iqm:qpu:garnet,UNAVAILABLE,
2026-08-12T15:41:55+00:00,azure:rigetti:qpu:cepheus-1-36q,OFFLINE,
2026-08-12T15:41:55+00:00,azure:ionq:qpu:forte-enterprise-1,OFFLINE,
2026-08-12T15:41:55+00:00,ibm:ibm:qpu:boston,ONLINE,
2026-08-12T15:41:55+00:00,ibm:ibm:qpu:miami,ONLINE,
2026-08-12T15:41:55+00:00,rigetti:rigetti:qpu:cepheus-1-108q,ONLINE,
2026-08-12T15:41:55+00:00,aws:rigetti:qpu:cepheus-1-108q,ONLINE,
2026-08-12T15:41:55+00:00,openquantum:aqt:qpu:ibex-q1,ONLINE,
2026-08-12T15:41:55+00:00,openquantum:ionq:qpu:forte-1,ONLINE,
2026-08-12T15:41:55+00:00,openquantum:ionq:qpu:forte-enterprise,ONLINE,
2026-08-12T15:41:55+00:00,openquantum:iqm:qpu:emerald,ONLINE,
2026-08-12T15:41:55+00:00,openquantum:iqm:qpu:garnet,ONLINE,
2026-08-12T15:41:55+00:00,openquantum:rigetti:qpu:cepheus-1-108q,ONLINE,
2026-08-12T16:37:56+00:00,aws:aqt:qpu:ibex-q1,UNAVAILABLE,
2026-08-12T16:37:56+00:00,aws:quera:qpu:aquila,UNAVAILABLE,
2026-08-12T16:37:56+00:00,ibm:ibm:qpu:marrakesh,ONLINE,
2026-08-12T16:37:56+00:00,ibm:ibm:qpu:pittsburgh,ONLINE,
2026-08-12T16:37:56+00:00,azure:pasqal:qpu:fresnel,OFFLINE,
2026-08-12T16:37:56+00:00,aws:iqm:qpu:emerald,ONLINE,
2026-08-12T16:37:56+00:00,azure:ionq:qpu:forte-1,OFFLINE,
2026-08-12T16:37:56+00:00,ibm:ibm:qpu:kingston,ONLINE,
2026-08-12T16:37:56+00:00,aws:ionq:qpu:forte-1,UNAVAILABLE,
2026-08-12T16:37:56+00:00,aws:ionq:qpu:forte-enterprise-1,ONLINE,
2026-08-12T16:37:56+00:00,ionq:ionq:qpu:forte-1,UNAVAILABLE,
2026-08-12T16:37:56+00:00,ibm:ibm:qpu:fez,ONLINE,
2026-08-12T16:37:56+00:00,aws:iqm:qpu:garnet,UNAVAILABLE,
2026-08-12T16:37:56+00:00,azure:rigetti:qpu:cepheus-1-36q,OFFLINE,
2026-08-12T16:37:56+00:00,azure:ionq:qpu:forte-enterprise-1,OFFLINE,
2026-08-12T16:37:56+00:00,ibm:ibm:qpu:boston,ONLINE,
2026-08-12T16:37:56+00:00,ibm:ibm:qpu:miami,ONLINE,
2026-08-12T16:37:56+00:00,rigetti:rigetti:qpu:cepheus-1-108q,ONLINE,
2026-08-12T16:37:56+00:00,aws:rigetti:qpu:cepheus-1-108q,ONLINE,
2026-08-12T16:37:56+00:00,openquantum:aqt:qpu:ibex-q1,ONLINE,
2026-08-12T16:37:56+00:00,openquantum:ionq:qpu:forte-1,ONLINE,
2026-08-12T16:37:56+00:00,openquantum:ionq:qpu:forte-enterprise,ONLINE,
2026-08-12T16:37:56+00:00,openquantum:iqm:qpu:emerald,ONLINE,
2026-08-12T16:37:56+00:00,openquantum:iqm:qpu:garnet,ONLINE,
2026-08-12T16:37:56+00:00,openquantum:rigetti:qpu:cepheus-1-108q,ONLINE,
2026-08-12T17:42:33+00:00,aws:aqt:qpu:ibex-q1,UNAVAILABLE,
2026-08-12T17:42:33+00:00,aws:quera:qpu:aquila,UNAVAILABLE,
2026-08-12T17:42:33+00:00,ibm:ibm:qpu:marrakesh,ONLINE,
2026-08-12T17:42:33+00:00,ibm:ibm:qpu:pittsburgh,ONLINE,
2026-08-12T17:42:33+00:00,azure:pasqal:qpu:fresnel,OFFLINE,
2026-08-12T17:42:33+00:00,aws:iqm:qpu:emerald,ONLINE,
2026-08-12T17:42:33+00:00,azure:ionq:qpu:forte-1,OFFLINE,
2026-08-12T17:42:33+00:00,ibm:ibm:qpu:kingston,ONLINE,
2026-08-12T17:42:33+00:00,aws:ionq:qpu:forte-1,UNAVAILABLE,
2026-08-12T17:42:33+00:00,aws:ionq:qpu:forte-enterprise-1,ONLINE,
2026-08-12T17:42:33+00:00,ionq:ionq:qpu:forte-1,UNAVAILABLE,
2026-08-12T17:42:33+00:00,ibm:ibm:qpu:fez,ONLINE,
2026-08-12T17:42:33+00:00,aws:iqm:qpu:garnet,ONLINE,
2026-08-12T17:42:33+00:00,azure:rigetti:qpu:cepheus-1-36q,OFFLINE,
2026-08-12T17:42:33+00:00,azure:ionq:qpu:forte-enterprise-1,OFFLINE,
2026-08-12T17:42:33+00:00,ibm:ibm:qpu:boston,ONLINE,
2026-08-12T17:42:33+00:00,ibm:ibm:qpu:miami,ONLINE,
2026-08-12T17:42:33+00:00,rigetti:rigetti:qpu:cepheus-1-108q,ONLINE,
2026-08-12T17:42:33+00:00,aws:rigetti:qpu:cepheus-1-108q,ONLINE,
2026-08-12T17:42:33+00:00,openquantum:aqt:qpu:ibex-q1,ONLINE,
2026-08-12T17:42:33+00:00,openquantum:ionq:qpu:forte-1,ONLINE,
2026-08-12T17:42:33+00:00,openquantum:ionq:qpu:forte-enterprise,ONLINE,
2026-08-12T17:42:33+00:00,openquantum:iqm:qpu:emerald,ONLINE,
2026-08-12T17:42:33+00:00,openquantum:iqm:qpu:garnet,ONLINE,
2026-08-12T17:42:33+00:00,openquantum:rigetti:qpu:cepheus-1-108q,ONLINE,
2026-08-12T18:38:15+00:00,aws:aqt:qpu:ibex-q1,UNAVAILABLE,
2026-08-12T18:38:15+00:00,aws:quera:qpu:aquila,UNAVAILABLE,
2026-08-12T18:38:15+00:00,ibm:ibm:qpu:marrakesh,ONLINE,
2026-08-12T18:38:15+00:00,ibm:ibm:qpu:pittsburgh,ONLINE,
2026-08-12T18:38:15+00:00,azure:pasqal:qpu:fresnel,OFFLINE,
2026-08-12T18:38:15+00:00,aws:iqm:qpu:emerald,ONLINE,
2026-08-12T18:38:15+00:00,azure:ionq:qpu:forte-1,OFFLINE,
2026-08-12T18:38:15+00:00,ibm:ibm:qpu:kingston,ONLINE,
2026-08-12T18:38:15+00:00,aws:ionq:qpu:forte-1,UNAVAILABLE,
2026-08-12T18:38:15+00:00,aws:ionq:qpu:forte-enterprise-1,ONLINE,
2026-08-12T18:38:15+00:00,ionq:ionq:qpu:forte-1,UNAVAILABLE,
2026-08-12T18:38:15+00:00,ibm:ibm:qpu:fez,ONLINE,
2026-08-12T18:38:15+00:00,aws:iqm:qpu:garnet,ONLINE,
2026-08-12T18:38:15+00:00,azure:rigetti:qpu:cepheus-1-36q,OFFLINE,
2026-08-12T18:38:15+00:00,azure:ionq:qpu:forte-enterprise-1,OFFLINE,
2026-08-12T18:38:15+00:00,ibm:ibm:qpu:boston,ONLINE,
2026-08-12T18:38:15+00:00,ibm:ibm:qpu:miami,ONLINE,
2026-08-12T18:38:15+00:00,rigetti:rigetti:qpu:cepheus-1-108q,ONLINE,
2026-08-12T18:38:15+00:00,aws:rigetti:qpu:cepheus-1-108q,ONLINE,
2026-08-12T18:38:15+00:00,openquantum:aqt:qpu:ibex-q1,ONLINE,
2026-08-12T18:38:15+00:00,openquantum:ionq:qpu:forte-1,ONLINE,
2026-08-12T18:38:15+00:00,openquantum:ionq:qpu:forte-enterprise,ONLINE,
2026-08-12T18:38:15+00:00,openquantum:iqm:qpu:emerald,ONLINE,
2026-08-12T18:38:15+00:00,openquantum:iqm:qpu:garnet,ONLINE,
2026-08-12T18:38:15+00:00,openquantum:rigetti:qpu:cepheus-1-108q,ONLINE,
2026-08-12T19:48:16+00:00,aws:aqt:qpu:ibex-q1,UNAVAILABLE,
2026-08-12T19:48:16+00:00,aws:quera:qpu:aquila,UNAVAILABLE,
2026-08-12T19:48:16+00:00,ibm:ibm:qpu:marrakesh,ONLINE,
2026-08-12T19:48:16+00:00,ibm:ibm:qpu:pittsburgh,ONLINE,
2026-08-12T19:48:16+00:00,azure:pasqal:qpu:fresnel,OFFLINE,
2026-08-12T19:48:16+00:00,aws:iqm:qpu:emerald,ONLINE,
2026-08-12T19:48:16+00:00,azure:ionq:qpu:forte-1,OFFLINE,
2026-08-12T19:48:16+00:00,ibm:ibm:qpu:kingston,ONLINE,
2026-08-12T19:48:16+00:00,aws:ionq:qpu:forte-1,UNAVAILABLE,
2026-08-12T19:48:16+00:00,aws:ionq:qpu:forte-enterprise-1,ONLINE,
2026-08-12T19:48:16+00:00,ionq:ionq:qpu:forte-1,UNAVAILABLE,
2026-08-12T19:48:16+00:00,ibm:ibm:qpu:fez,ONLINE,
2026-08-12T19:48:16+00:00,aws:iqm:qpu:garnet,ONLINE,
2026-08-12T19:48:16+00:00,azure:rigetti:qpu:cepheus-1-36q,OFFLINE,
2026-08-12T19:48:16+00:00,azure:ionq:qpu:forte-enterprise-1,OFFLINE,
2026-08-12T19:48:16+00:00,ibm:ibm:qpu:boston,ONLINE,
2026-08-12T19:48:16+00:00,ibm:ibm:qpu:miami,ONLINE,
2026-08-12T19:48:16+00:00,rigetti:rigetti:qpu:cepheus-1-108q,ONLINE,
2026-08-12T19:48:16+00:00,aws:rigetti:qpu:cepheus-1-108q,UNAVAILABLE,
2026-08-12T19:48:16+00:00,openquantum:aqt:qpu:ibex-q1,ONLINE,
2026-08-12T19:48:16+00:00,openquantum:ionq:qpu:forte-1,ONLINE,
2026-08-12T19:48:16+00:00,openquantum:ionq:qpu:forte-enterprise,ONLINE,
2026-08-12T19:48:16+00:00,openquantum:iqm:qpu:emerald,ONLINE,
2026-08-12T19:48:16+00:00,openquantum:iqm:qpu:garnet,ONLINE,
2026-08-12T19:48:16+00:00,openquantum:rigetti:qpu:cepheus-1-108q,ONLINE,
2026-08-12T20:43:01+00:00,aws:aqt:qpu:ibex-q1,UNAVAILABLE,
2026-08-12T20:43:01+00:00,aws:quera:qpu:aquila,UNAVAILABLE,
2026-08-12T20:43:01+00:00,ibm:ibm:qpu:marrakesh,ONLINE,
2026-08-12T20:43:01+00:00,ibm:ibm:qpu:pittsburgh,ONLINE,
2026-08-12T20:43:01+00:00,azure:pasqal:qpu:fresnel,OFFLINE,
2026-08-12T20:43:01+00:00,aws:iqm:qpu:emerald,ONLINE,
2026-08-12T20:43:01+00:00,azure:ionq:qpu:forte-1,OFFLINE,
2026-08-12T20:43:01+00:00,ibm:ibm:qpu:kingston,ONLINE,
2026-08-12T20:43:01+00:00,aws:ionq:qpu:forte-1,ONLINE,
2026-08-12T20:43:01+00:00,aws:ionq:qpu:forte-enterprise-1,ONLINE,
2026-08-12T20:43:01+00:00,ionq:ionq:qpu:forte-1,UNAVAILABLE,
2026-08-12T20:43:01+00:00,ibm:ibm:qpu:fez,ONLINE,
2026-08-12T20:43:01+00:00,aws:iqm:qpu:garnet,ONLINE,
2026-08-12T20:43:01+00:00,azure:rigetti:qpu:cepheus-1-36q,OFFLINE,
2026-08-12T20:43:01+00:00,azure:ionq:qpu:forte-enterprise-1,OFFLINE,
2026-08-12T20:43:01+00:00,ibm:ibm:qpu:boston,ONLINE,
2026-08-12T20:43:01+00:00,ibm:ibm:qpu:miami,ONLINE,
2026-08-12T20:43:01+00:00,rigetti:rigetti:qpu:cepheus-1-108q,ONLINE,
2026-08-12T20:43:01+00:00,aws:rigetti:qpu:cepheus-1-108q,UNAVAILABLE,
2026-08-12T20:43:01+00:00,openquantum:aqt:qpu:ibex-q1,ONLINE,
2026-08-12T20:43:01+00:00,openquantum:ionq:qpu:forte-1,ONLINE,
2026-08-12T20:43:01+00:00,openquantum:ionq:qpu:forte-enterprise,ONLINE,
2026-08-12T20:43:01+00:00,openquantum:iqm:qpu:emerald,ONLINE,
2026-08-12T20:43:01+00:00,openquantum:iqm:qpu:garnet,ONLINE,
2026-08-12T20:43:01+00:00,openquantum:rigetti:qpu:cepheus-1-108q,ONLINE,
2026-08-12T21:29:42+00:00,aws:aqt:qpu:ibex-q1,UNAVAILABLE,
2026-08-12T21:29:42+00:00,aws:quera:qpu:aquila,UNAVAILABLE,
2026-08-12T21:29:42+00:00,ibm:ibm:qpu:marrakesh,ONLINE,
2026-08-12T21:29:42+00:00,ibm:ibm:qpu:pittsburgh,ONLINE,
2026-08-12T21:29:42+00:00,azure:pasqal:qpu:fresnel,OFFLINE,
2026-08-12T21:29:42+00:00,aws:iqm:qpu:emerald,ONLINE,
2026-08-12T21:29:42+00:00,azure:ionq:qpu:forte-1,OFFLINE,
2026-08-12T21:29:42+00:00,ibm:ibm:qpu:kingston,ONLINE,
2026-08-12T21:29:42+00:00,aws:ionq:qpu:forte-1,ONLINE,
2026-08-12T21:29:42+00:00,aws:ionq:qpu:forte-enterprise-1,ONLINE,
2026-08-12T21:29:42+00:00,ionq:ionq:qpu:forte-1,UNAVAILABLE,
2026-08-12T21:29:42+00:00,ibm:ibm:qpu:fez,ONLINE,
2026-08-12T21:29:42+00:00,aws:iqm:qpu:garnet,ONLINE,
2026-08-12T21:29:42+00:00,azure:rigetti:qpu:cepheus-1-36q,OFFLINE,
2026-08-12T21:29:42+00:00,azure:ionq:qpu:forte-enterprise-1,OFFLINE,
2026-08-12T21:29:42+00:00,ibm:ibm:qpu:boston,ONLINE,
2026-08-12T21:29:42+00:00,ibm:ibm:qpu:miami,ONLINE,
2026-08-12T21:29:42+00:00,rigetti:rigetti:qpu:cepheus-1-108q,ONLINE,
2026-08-12T21:29:42+00:00,aws:rigetti:qpu:cepheus-1-108q,ONLINE,
2026-08-12T21:29:42+00:00,openquantum:aqt:qpu:ibex-q1,ONLINE,
2026-08-12T21:29:42+00:00,openquantum:ionq:qpu:forte-1,ONLINE,
2026-08-12T21:29:42+00:00,openquantum:ionq:qpu:forte-enterprise,ONLINE,
2026-08-12T21:29:42+00:00,openquantum:iqm:qpu:emerald,ONLINE,
2026-08-12T21:29:42+00:00,openquantum:iqm:qpu:garnet,ONLINE,
2026-08-12T21:29:42+00:00,openquantum:rigetti:qpu:cepheus-1-108q,ONLINE,
2026-08-12T22:24:31+00:00,aws:aqt:qpu:ibex-q1,UNAVAILABLE,
2026-08-12T22:24:31+00:00,aws:quera:qpu:aquila,UNAVAILABLE,
2026-08-12T22:24:31+00:00,ibm:ibm:qpu:marrakesh,ONLINE,
2026-08-12T22:24:31+00:00,ibm:ibm:qpu:pittsburgh,ONLINE,
2026-08-12T22:24:31+00:00,azure:pasqal:qpu:fresnel,OFFLINE,
2026-08-12T22:24:31+00:00,aws:iqm:qpu:emerald,ONLINE,
2026-08-12T22:24:31+00:00,azure:ionq:qpu:forte-1,OFFLINE,
2026-08-12T22:24:31+00:00,ibm:ibm:qpu:kingston,ONLINE,
2026-08-12T22:24:31+00:00,aws:ionq:qpu:forte-1,ONLINE,
2026-08-12T22:24:31+00:00,aws:ionq:qpu:forte-enterprise-1,ONLINE,
2026-08-12T22:24:31+00:00,ionq:ionq:qpu:forte-1,UNAVAILABLE,
2026-08-12T22:24:31+00:00,ibm:ibm:qpu:fez,ONLINE,
2026-08-12T22:24:31+00:00,aws:iqm:qpu:garnet,ONLINE,
2026-08-12T22:24:31+00:00,azure:rigetti:qpu:cepheus-1-36q,OFFLINE,
2026-08-12T22:24:31+00:00,azure:ionq:qpu:forte-enterprise-1,OFFLINE,
2026-08-12T22:24:31+00:00,ibm:ibm:qpu:boston,ONLINE,
2026-08-12T22:24:31+00:00,ibm:ibm:qpu:miami,ONLINE,
2026-08-12T22:24:31+00:00,rigetti:rigetti:qpu:cepheus-1-108q,ONLINE,
2026-08-12T22:24:31+00:00,aws:rigetti:qpu:cepheus-1-108q,ONLINE,
2026-08-12T22:24:31+00:00,openquantum:aqt:qpu:ibex-q1,ONLINE,
2026-08-12T22:24:31+00:00,openquantum:ionq:qpu:forte-1,ONLINE,
2026-08-12T22:24:31+00:00,openquantum:ionq:qpu:forte-enterprise,ONLINE,
2026-08-12T22:24:31+00:00,openquantum:iqm:qpu:emerald,ONLINE,
2026-08-12T22:24:31+00:00,openquantum:iqm:qpu:garnet,ONLINE,
2026-08-12T22:24:31+00:00,openquantum:rigetti:qpu:cepheus-1-108q,ONLINE,
2026-08-12T23:23:07+00:00,aws:aqt:qpu:ibex-q1,UNAVAILABLE,
2026-08-12T23:23:07+00:00,aws:quera:qpu:aquila,UNAVAILABLE,
2026-08-12T23:23:07+00:00,ibm:ibm:qpu:marrakesh,ONLINE,
2026-08-12T23:23:07+00:00,ibm:ibm:qpu:pittsburgh,ONLINE,
2026-08-12T23:23:07+00:00,azure:pasqal:qpu:fresnel,OFFLINE,
2026-08-12T23:23:07+00:00,aws:iqm:qpu:emerald,ONLINE,
2026-08-12T23:23:07+00:00,azure:ionq:qpu:forte-1,OFFLINE,
2026-08-12T23:23:07+00:00,ibm:ibm:qpu:kingston,ONLINE,
2026-08-12T23:23:07+00:00,aws:ionq:qpu:forte-1,ONLINE,
2026-08-12T23:23:07+00:00,aws:ionq:qpu:forte-enterprise-1,ONLINE,
2026-08-12T23:23:07+00:00,ionq:ionq:qpu:forte-1,UNAVAILABLE,
2026-08-12T23:23:07+00:00,ibm:ibm:qpu:fez,ONLINE,
2026-08-12T23:23:07+00:00,aws:iqm:qpu:garnet,ONLINE,
2026-08-12T23:23:07+00:00,azure:rigetti:qpu:cepheus-1-36q,OFFLINE,
2026-08-12T23:23:07+00:00,azure:ionq:qpu:forte-enterprise-1,OFFLINE,
2026-08-12T23:23:07+00:00,ibm:ibm:qpu:boston,ONLINE,
2026-08-12T23:23:07+00:00,ibm:ibm:qpu:miami,ONLINE,
2026-08-12T23:23:07+00:00,rigetti:rigetti:qpu:cepheus-1-108q,ONLINE,
2026-08-12T23:23:07+00:00,aws:rigetti:qpu:cepheus-1-108q,ONLINE,
2026-08-12T23:23:07+00:00,openquantum:aqt:qpu:ibex-q1,ONLINE,
2026-08-12T23:23:07+00:00,openquantum:ionq:qpu:forte-1,ONLINE,
2026-08-12T23:23:07+00:00,openquantum:ionq:qpu:forte-enterprise,ONLINE,
2026-08-12T23:23:07+00:00,openquantum:iqm:qpu:emerald,ONLINE,
2026-08-12T23:23:07+00:00,openquantum:iqm:qpu:garnet,ONLINE,
2026-08-12T23:23:07+00:00,openquantum:rigetti:qpu:cepheus-1-108q,ONLINE,
2026-08-13T00:43:38+00:00,aws:aqt:qpu:ibex-q1,UNAVAILABLE,
2026-08-13T00:43:38+00:00,aws:quera:qpu:aquila,UNAVAILABLE,
2026-08-13T00:43:38+00:00,ibm:ibm:qpu:marrakesh,ONLINE,
2026-08-13T00:43:38+00:00,ibm:ibm:qpu:pittsburgh,ONLINE,
2026-08-13T00:43:38+00:00,azure:pasqal:qpu:fresnel,OFFLINE,
2026-08-13T00:43:38+00:00,aws:iqm:qpu:emerald,ONLINE,
2026-08-13T00:43:38+00:00,azure:ionq:qpu:forte-1,OFFLINE,
2026-08-13T00:43:38+00:00,ibm:ibm:qpu:kingston,ONLINE,
2026-08-13T00:43:38+00:00,aws:ionq:qpu:forte-1,ONLINE,
2026-08-13T00:43:38+00:00,aws:ionq:qpu:forte-enterprise-1,ONLINE,
2026-08-13T00:43:38+00:00,ionq:ionq:qpu:forte-1,UNAVAILABLE,
2026-08-13T00:43:38+00:00,ibm:ibm:qpu:fez,ONLINE,
2026-08-13T00:43:38+00:00,aws:iqm:qpu:garnet,ONLINE,
2026-08-13T00:43:38+00:00,azure:rigetti:qpu:cepheus-1-36q,OFFLINE,
2026-08-13T00:43:38+00:00,azure:ionq:qpu:forte-enterprise-1,OFFLINE,
2026-08-13T00:43:38+00:00,ibm:ibm:qpu:boston,ONLINE,
2026-08-13T00:43:38+00:00,ibm:ibm:qpu:miami,ONLINE,
2026-08-13T00:43:38+00:00,rigetti:rigetti:qpu:cepheus-1-108q,ONLINE,
2026-08-13T00:43:38+00:00,aws:rigetti:qpu:cepheus-1-108q,ONLINE,
2026-08-13T00:43:38+00:00,openquantum:aqt:qpu:ibex-q1,ONLINE,
2026-08-13T00:43:38+00:00,openquantum:ionq:qpu:forte-1,ONLINE,
2026-08-13T00:43:38+00:00,openquantum:ionq:qpu:forte-enterprise,ONLINE,
2026-08-13T00:43:38+00:00,openquantum:iqm:qpu:emerald,ONLINE,
2026-08-13T00:43:38+00:00,openquantum:iqm:qpu:garnet,ONLINE,
2026-08-13T00:43:38+00:00,openquantum:rigetti:qpu:cepheus-1-108q,ONLINE,
2026-08-13T03:16:28+00:00,aws:aqt:qpu:ibex-q1,UNAVAILABLE,
2026-08-13T03:16:28+00:00,aws:quera:qpu:aquila,UNAVAILABLE,
2026-08-13T03:16:28+00:00,ibm:ibm:qpu:marrakesh,ONLINE,
2026-08-13T03:16:28+00:00,ibm:ibm:qpu:pittsburgh,ONLINE,
2026-08-13T03:16:28+00:00,azure:pasqal:qpu:fresnel,OFFLINE,
2026-08-13T03:16:28+00:00,aws:iqm:qpu:emerald,ONLINE,
2026-08-13T03:16:28+00:00,azure:ionq:qpu:forte-1,OFFLINE,
2026-08-13T03:16:28+00:00,ibm:ibm:qpu:kingston,ONLINE,
2026-08-13T03:16:28+00:00,aws:ionq:qpu:forte-1,ONLINE,
2026-08-13T03:16:28+00:00,aws:ionq:qpu:forte-enterprise-1,ONLINE,
2026-08-13T03:16:28+00:00,ionq:ionq:qpu:forte-1,ONLINE,
2026-08-13T03:16:28+00:00,ibm:ibm:qpu:fez,ONLINE,
2026-08-13T03:16:28+00:00,aws:iqm:qpu:garnet,ONLINE,
2026-08-13T03:16:28+00:00,azure:rigetti:qpu:cepheus-1-36q,OFFLINE,
2026-08-13T03:16:28+00:00,azure:ionq:qpu:forte-enterprise-1,OFFLINE,
2026-08-13T03:16:28+00:00,ibm:ibm:qpu:boston,ONLINE,
2026-08-13T03:16:28+00:00,ibm:ibm:qpu:miami,ONLINE,
2026-08-13T03:16:28+00:00,rigetti:rigetti:qpu:cepheus-1-108q,ONLINE,
2026-08-13T03:16:28+00:00,aws:rigetti:qpu:cepheus-1-108q,ONLINE,
2026-08-13T03:16:28+00:00,openquantum:aqt:qpu:ibex-q1,ONLINE,
2026-08-13T03:16:28+00:00,openquantum:ionq:qpu:forte-1,ONLINE,
2026-08-13T03:16:28+00:00,openquantum:ionq:qpu:forte-enterprise,ONLINE,
2026-08-13T03:16:28+00:00,openquantum:iqm:qpu:emerald,ONLINE,
2026-08-13T03:16:28+00:00,openquantum:iqm:qpu:garnet,ONLINE,
2026-08-13T03:16:28+00:00,openquantum:rigetti:qpu:cepheus-1-108q,ONLINE,
2026-08-13T05:22:52+00:00,aws:aqt:qpu:ibex-q1,UNAVAILABLE,
2026-08-13T05:22:52+00:00,aws:quera:qpu:aquila,UNAVAILABLE,
2026-08-13T05:22:52+00:00,ibm:ibm:qpu:marrakesh,ONLINE,
2026-08-13T05:22:52+00:00,ibm:ibm:qpu:pittsburgh,ONLINE,
2026-08-13T05:22:52+00:00,azure:pasqal:qpu:fresnel,OFFLINE,
2026-08-13T05:22:52+00:00,aws:iqm:qpu:emerald,UNAVAILABLE,
2026-08-13T05:22:52+00:00,azure:ionq:qpu:forte-1,OFFLINE,
2026-08-13T05:22:52+00:00,ibm:ibm:qpu:kingston,ONLINE,
2026-08-13T05:22:52+00:00,aws:ionq:qpu:forte-1,ONLINE,
2026-08-13T05:22:52+00:00,aws:ionq:qpu:forte-enterprise-1,ONLINE,
2026-08-13T05:22:52+00:00,ionq:ionq:qpu:forte-1,ONLINE,
2026-08-13T05:22:52+00:00,ibm:ibm:qpu:fez,ONLINE,
2026-08-13T05:22:52+00:00,aws:iqm:qpu:garnet,ONLINE,
2026-08-13T05:22:52+00:00,azure:rigetti:qpu:cepheus-1-36q,OFFLINE,
2026-08-13T05:22:52+00:00,azure:ionq:qpu:forte-enterprise-1,OFFLINE,
2026-08-13T05:22:52+00:00,ibm:ibm:qpu:boston,ONLINE,
2026-08-13T05:22:52+00:00,ibm:ibm:qpu:miami,ONLINE,
2026-08-13T05:22:52+00:00,rigetti:rigetti:qpu:cepheus-1-108q,ONLINE,
2026-08-13T05:22:52+00:00,aws:rigetti:qpu:cepheus-1-108q,ONLINE,
2026-08-13T05:22:52+00:00,openquantum:aqt:qpu:ibex-q1,ONLINE,
2026-08-13T05:22:52+00:00,openquantum:ionq:qpu:forte-1,ONLINE,
2026-08-13T05:22:52+00:00,openquantum:ionq:qpu:forte-enterprise,ONLINE,
2026-08-13T05:22:52+00:00,openquantum:iqm:qpu:emerald,ONLINE,
2026-08-13T05:22:52+00:00,openquantum:iqm:qpu:garnet,ONLINE,
2026-08-13T05:22:52+00:00,openquantum:rigetti:qpu:cepheus-1-108q,ONLINE,
2026-08-13T07:02:46+00:00,aws:aqt:qpu:ibex-q1,UNAVAILABLE,
2026-08-13T07:02:46+00:00,aws:quera:qpu:aquila,UNAVAILABLE,
2026-08-13T07:02:46+00:00,ibm:ibm:qpu:marrakesh,ONLINE,
2026-08-13T07:02:46+00:00,ibm:ibm:qpu:pittsburgh,ONLINE,
2026-08-13T07:02:46+00:00,azure:pasqal:qpu:fresnel,OFFLINE,
2026-08-13T07:02:46+00:00,aws:iqm:qpu:emerald,UNAVAILABLE,
2026-08-13T07:02:46+00:00,azure:ionq:qpu:forte-1,OFFLINE,
2026-08-13T07:02:46+00:00,ibm:ibm:qpu:kingston,ONLINE,
2026-08-13T07:02:46+00:00,aws:ionq:qpu:forte-1,ONLINE,
2026-08-13T07:02:46+00:00,aws:ionq:qpu:forte-enterprise-1,ONLINE,
2026-08-13T07:02:46+00:00,ionq:ionq:qpu:forte-1,ONLINE,
2026-08-13T07:02:46+00:00,ibm:ibm:qpu:fez,ONLINE,
2026-08-13T07:02:46+00:00,aws:iqm:qpu:garnet,ONLINE,
2026-08-13T07:02:46+00:00,azure:rigetti:qpu:cepheus-1-36q,OFFLINE,
2026-08-13T07:02:46+00:00,azure:ionq:qpu:forte-enterprise-1,OFFLINE,
2026-08-13T07:02:46+00:00,ibm:ibm:qpu:boston,ONLINE,
2026-08-13T07:02:46+00:00,ibm:ibm:qpu:miami,ONLINE,
2026-08-13T07:02:46+00:00,rigetti:rigetti:qpu:cepheus-1-108q,ONLINE,
2026-08-13T07:02:46+00:00,aws:rigetti:qpu:cepheus-1-108q,UNAVAILABLE,
2026-08-13T07:02:46+00:00,openquantum:aqt:qpu:ibex-q1,ONLINE,
2026-08-13T07:02:46+00:00,openquantum:ionq:qpu:forte-1,ONLINE,
2026-08-13T07:02:46+00:00,openquantum:ionq:qpu:forte-enterprise,ONLINE,
2026-08-13T07:02:46+00:00,openquantum:iqm:qpu:emerald,ONLINE,
2026-08-13T07:02:46+00:00,openquantum:iqm:qpu:garnet,ONLINE,
2026-08-13T07:02:46+00:00,openquantum:rigetti:qpu:cepheus-1-108q,ONLINE,
2026-08-13T08:55:13+00:00,aws:aqt:qpu:ibex-q1,UNAVAILABLE,
2026-08-13T08:55:13+00:00,aws:quera:qpu:aquila,UNAVAILABLE,
2026-08-13T08:55:13+00:00,ibm:ibm:qpu:marrakesh,ONLINE,
2026-08-13T08:55:13+00:00,ibm:ibm:qpu:pittsburgh,ONLINE,
2026-08-13T08:55:13+00:00,azure:pasqal:qpu:fresnel,OFFLINE,
2026-08-13T08:55:13+00:00,aws:iqm:qpu:emerald,ONLINE,
2026-08-13T08:55:13+00:00,azure:ionq:qpu:forte-1,OFFLINE,
2026-08-13T08:55:13+00:00,ibm:ibm:qpu:kingston,ONLINE,
2026-08-13T08:55:13+00:00,aws:ionq:qpu:forte-1,ONLINE,
2026-08-13T08:55:13+00:00,aws:ionq:qpu:forte-enterprise-1,UNAVAILABLE,
2026-08-13T08:55:13+00:00,ionq:ionq:qpu:forte-1,ONLINE,
2026-08-13T08:55:13+00:00,ibm:ibm:qpu:fez,ONLINE,
2026-08-13T08:55:13+00:00,aws:iqm:qpu:garnet,ONLINE,
2026-08-13T08:55:13+00:00,azure:rigetti:qpu:cepheus-1-36q,OFFLINE,
2026-08-13T08:55:13+00:00,azure:ionq:qpu:forte-enterprise-1,OFFLINE,
2026-08-13T08:55:13+00:00,ibm:ibm:qpu:boston,ONLINE,
2026-08-13T08:55:13+00:00,ibm:ibm:qpu:miami,ONLINE,
2026-08-13T08:55:13+00:00,rigetti:rigetti:qpu:cepheus-1-108q,ONLINE,
2026-08-13T08:55:13+00:00,aws:rigetti:qpu:cepheus-1-108q,UNAVAILABLE,
2026-08-13T08:55:13+00:00,openquantum:aqt:qpu:ibex-q1,ONLINE,
2026-08-13T08:55:13+00:00,openquantum:ionq:qpu:forte-1,ONLINE,
2026-08-13T08:55:13+00:00,openquantum:ionq:qpu:forte-enterprise,ONLINE,
2026-08-13T08:55:13+00:00,openquantum:iqm:qpu:emerald,ONLINE,
2026-08-13T08:55:13+00:00,openquantum:iqm:qpu:garnet,ONLINE,
2026-08-13T08:55:13+00:00,openquantum:rigetti:qpu:cepheus-1-108q,ONLINE,
2026-08-13T10:05:24+00:00,aws:aqt:qpu:ibex-q1,UNAVAILABLE,
2026-08-13T10:05:24+00:00,aws:quera:qpu:aquila,UNAVAILABLE,
2026-08-13T10:05:24+00:00,ibm:ibm:qpu:marrakesh,ONLINE,
2026-08-13T10:05:24+00:00,ibm:ibm:qpu:pittsburgh,ONLINE,
2026-08-13T10:05:24+00:00,azure:pasqal:qpu:fresnel,OFFLINE,
2026-08-13T10:05:24+00:00,aws:iqm:qpu:emerald,ONLINE,
2026-08-13T10:05:24+00:00,azure:ionq:qpu:forte-1,OFFLINE,
2026-08-13T10:05:24+00:00,ibm:ibm:qpu:kingston,ONLINE,
2026-08-13T10:05:24+00:00,aws:ionq:qpu:forte-1,ONLINE,
2026-08-13T10:05:24+00:00,aws:ionq:qpu:forte-enterprise-1,UNAVAILABLE,
2026-08-13T10:05:24+00:00,ionq:ionq:qpu:forte-1,ONLINE,
2026-08-13T10:05:24+00:00,ibm:ibm:qpu:fez,ONLINE,
2026-08-13T10:05:24+00:00,aws:iqm:qpu:garnet,ONLINE,
2026-08-13T10:05:24+00:00,azure:rigetti:qpu:cepheus-1-36q,OFFLINE,
2026-08-13T10:05:24+00:00,azure:ionq:qpu:forte-enterprise-1,OFFLINE,
2026-08-13T10:05:24+00:00,ibm:ibm:qpu:boston,ONLINE,
2026-08-13T10:05:24+00:00,ibm:ibm:qpu:miami,ONLINE,
2026-08-13T10:05:24+00:00,rigetti:rigetti:qpu:cepheus-1-108q,ONLINE,
2026-08-13T10:05:24+00:00,aws:rigetti:qpu:cepheus-1-108q,ONLINE,
2026-08-13T10:05:24+00:00,openquantum:aqt:qpu:ibex-q1,ONLINE,
2026-08-13T10:05:24+00:00,openquantum:ionq:qpu:forte-1,ONLINE,
2026-08-13T10:05:24+00:00,openquantum:ionq:qpu:forte-enterprise,ONLINE,
2026-08-13T10:05:24+00:00,openquantum:iqm:qpu:emerald,ONLINE,
2026-08-13T10:05:24+00:00,openquantum:iqm:qpu:garnet,ONLINE,
2026-08-13T10:05:24+00:00,openquantum:rigetti:qpu:cepheus-1-108q,ONLINE,
2026-08-13T11:28:12+00:00,aws:aqt:qpu:ibex-q1,UNAVAILABLE,
2026-08-13T11:28:12+00:00,aws:quera:qpu:aquila,UNAVAILABLE,
2026-08-13T11:28:12+00:00,ibm:ibm:qpu:marrakesh,ONLINE,
2026-08-13T11:28:12+00:00,ibm:ibm:qpu:pittsburgh,ONLINE,
2026-08-13T11:28:12+00:00,azure:pasqal:qpu:fresnel,OFFLINE,
2026-08-13T11:28:12+00:00,aws:iqm:qpu:emerald,ONLINE,
2026-08-13T11:28:12+00:00,azure:ionq:qpu:forte-1,OFFLINE,
2026-08-13T11:28:12+00:00,ibm:ibm:qpu:kingston,ONLINE,
2026-08-13T11:28:12+00:00,aws:ionq:qpu:forte-1,ONLINE,
2026-08-13T11:28:12+00:00,aws:ionq:qpu:forte-enterprise-1,UNAVAILABLE,
2026-08-13T11:28:12+00:00,ionq:ionq:qpu:forte-1,ONLINE,
2026-08-13T11:28:12+00:00,ibm:ibm:qpu:fez,ONLINE,
2026-08-13T11:28:12+00:00,aws:iqm:qpu:garnet,ONLINE,
2026-08-13T11:28:12+00:00,azure:rigetti:qpu:cepheus-1-36q,OFFLINE,
2026-08-13T11:28:12+00:00,azure:ionq:qpu:forte-enterprise-1,OFFLINE,
2026-08-13T11:28:12+00:00,ibm:ibm:qpu:boston,ONLINE,
2026-08-13T11:28:12+00:00,ibm:ibm:qpu:miami,ONLINE,
2026-08-13T11:28:12+00:00,rigetti:rigetti:qpu:cepheus-1-108q,ONLINE,
2026-08-13T11:28:12+00:00,aws:rigetti:qpu:cepheus-1-108q,ONLINE,
2026-08-13T11:28:12+00:00,openquantum:aqt:qpu:ibex-q1,ONLINE,
2026-08-13T11:28:12+00:00,openquantum:ionq:qpu:forte-1,ONLINE,
2026-08-13T11:28:12+00:00,openquantum:ionq:qpu:forte-enterprise,ONLINE,
2026-08-13T11:28:12+00:00,openquantum:iqm:qpu:emerald,ONLINE,
2026-08-13T11:28:12+00:00,openquantum:iqm:qpu:garnet,ONLINE,
2026-08-13T11:28:12+00:00,openquantum:rigetti:qpu:cepheus-1-108q,ONLINE,
2026-08-13T12:32:32+00:00,aws:aqt:qpu:ibex-q1,UNAVAILABLE,
2026-08-13T12:32:32+00:00,aws:quera:qpu:aquila,UNAVAILABLE,
2026-08-13T12:32:32+00:00,ibm:ibm:qpu:marrakesh,ONLINE,
2026-08-13T12:32:32+00:00,ibm:ibm:qpu:pittsburgh,ONLINE,
2026-08-13T12:32:32+00:00,azure:pasqal:qpu:fresnel,OFFLINE,
2026-08-13T12:32:32+00:00,aws:iqm:qpu:emerald,ONLINE,
2026-08-13T12:32:32+00:00,azure:ionq:qpu:forte-1,OFFLINE,
2026-08-13T12:32:32+00:00,ibm:ibm:qpu:kingston,ONLINE,
2026-08-13T12:32:32+00:00,aws:ionq:qpu:forte-1,ONLINE,
2026-08-13T12:32:32+00:00,aws:ionq:qpu:forte-enterprise-1,UNAVAILABLE,
2026-08-13T12:32:32+00:00,ionq:ionq:qpu:forte-1,ONLINE,
2026-08-13T12:32:32+00:00,ibm:ibm:qpu:fez,ONLINE,
2026-08-13T12:32:32+00:00,aws:iqm:qpu:garnet,ONLINE,
2026-08-13T12:32:32+00:00,azure:rigetti:qpu:cepheus-1-36q,OFFLINE,
2026-08-13T12:32:32+00:00,azure:ionq:qpu:forte-enterprise-1,OFFLINE,
2026-08-13T12:32:32+00:00,ibm:ibm:qpu:boston,ONLINE,
2026-08-13T12:32:32+00:00,ibm:ibm:qpu:miami,ONLINE,
2026-08-13T12:32:32+00:00,rigetti:rigetti:qpu:cepheus-1-108q,ONLINE,
2026-08-13T12:32:32+00:00,aws:rigetti:qpu:cepheus-1-108q,ONLINE,
2026-08-13T12:32:32+00:00,openquantum:aqt:qpu:ibex-q1,ONLINE,
2026-08-13T12:32:32+00:00,openquantum:ionq:qpu:forte-1,ONLINE,
2026-08-13T12:32:32+00:00,openquantum:ionq:qpu:forte-enterprise,ONLINE,
2026-08-13T12:32:32+00:00,openquantum:iqm:qpu:emerald,ONLINE,
2026-08-13T12:32:32+00:00,openquantum:iqm:qpu:garnet,ONLINE,
2026-08-13T12:32:32+00:00,openquantum:rigetti:qpu:cepheus-1-108q,ONLINE,
2026-08-13T14:07:39+00:00,aws:aqt:qpu:ibex-q1,UNAVAILABLE,
2026-08-13T14:07:39+00:00,aws:quera:qpu:aquila,UNAVAILABLE,
2026-08-13T14:07:39+00:00,ibm:ibm:qpu:marrakesh,ONLINE,
2026-08-13T14:07:39+00:00,ibm:ibm:qpu:pittsburgh,ONLINE,
2026-08-13T14:07:39+00:00,azure:pasqal:qpu:fresnel,OFFLINE,
2026-08-13T14:07:39+00:00,aws:iqm:qpu:emerald,ONLINE,
2026-08-13T14:07:39+00:00,azure:ionq:qpu:forte-1,OFFLINE,
2026-08-13T14:07:39+00:00,ibm:ibm:qpu:kingston,ONLINE,
2026-08-13T14:07:39+00:00,aws:ionq:qpu:forte-1,ONLINE,
2026-08-13T14:07:39+00:00,aws:ionq:qpu:forte-enterprise-1,ONLINE,
2026-08-13T14:07:39+00:00,ionq:ionq:qpu:forte-1,ONLINE,
2026-08-13T14:07:39+00:00,ibm:ibm:qpu:fez,ONLINE,
2026-08-13T14:07:39+00:00,aws:iqm:qpu:garnet,ONLINE,
2026-08-13T14:07:39+00:00,azure:rigetti:qpu:cepheus-1-36q,OFFLINE,
2026-08-13T14:07:39+00:00,azure:ionq:qpu:forte-enterprise-1,OFFLINE,
2026-08-13T14:07:39+00:00,ibm:ibm:qpu:boston,ONLINE,
2026-08-13T14:07:39+00:00,ibm:ibm:qpu:miami,ONLINE,
2026-08-13T14:07:39+00:00,rigetti:rigetti:qpu:cepheus-1-108q,ONLINE,
2026-08-13T14:07:39+00:00,aws:rigetti:qpu:cepheus-1-108q,ONLINE,
2026-08-13T14:07:39+00:00,openquantum:aqt:qpu:ibex-q1,ONLINE,
2026-08-13T14:07:39+00:00,openquantum:ionq:qpu:forte-1,ONLINE,
2026-08-13T14:07:39+00:00,openquantum:ionq:qpu:forte-enterprise,ONLINE,
2026-08-13T14:07:39+00:00,openquantum:iqm:qpu:emerald,ONLINE,
2026-08-13T14:07:39+00:00,openquantum:iqm:qpu:garnet,ONLINE,
2026-08-13T14:07:39+00:00,openquantum:rigetti:qpu:cepheus-1-108q,ONLINE,
2026-08-13T15:39:00+00:00,aws:aqt:qpu:ibex-q1,UNAVAILABLE,
2026-08-13T15:39:00+00:00,aws:quera:qpu:aquila,UNAVAILABLE,
2026-08-13T15:39:00+00:00,ibm:ibm:qpu:marrakesh,ONLINE,
2026-08-13T15:39:00+00:00,ibm:ibm:qpu:pittsburgh,ONLINE,
2026-08-13T15:39:00+00:00,azure:pasqal:qpu:fresnel,OFFLINE,
2026-08-13T15:39:00+00:00,aws:iqm:qpu:emerald,ONLINE,
2026-08-13T15:39:00+00:00,azure:ionq:qpu:forte-1,OFFLINE,
2026-08-13T15:39:00+00:00,ibm:ibm:qpu:kingston,ONLINE,
2026-08-13T15:39:00+00:00,aws:ionq:qpu:forte-1,ONLINE,
2026-08-13T15:39:00+00:00,aws:ionq:qpu:forte-enterprise-1,ONLINE,
2026-08-13T15:39:00+00:00,ionq:ionq:qpu:forte-1,ONLINE,
2026-08-13T15:39:00+00:00,ibm:ibm:qpu:fez,ONLINE,
2026-08-13T15:39:00+00:00,aws:iqm:qpu:garnet,UNAVAILABLE,
2026-08-13T15:39:00+00:00,azure:rigetti:qpu:cepheus-1-36q,OFFLINE,
2026-08-13T15:39:00+00:00,azure:ionq:qpu:forte-enterprise-1,OFFLINE,
2026-08-13T15:39:00+00:00,ibm:ibm:qpu:boston,ONLINE,
2026-08-13T15:39:00+00:00,ibm:ibm:qpu:miami,ONLINE,
2026-08-13T15:39:00+00:00,rigetti:rigetti:qpu:cepheus-1-108q,ONLINE,
2026-08-13T15:39:00+00:00,aws:rigetti:qpu:cepheus-1-108q,ONLINE,
2026-08-13T15:39:00+00:00,openquantum:aqt:qpu:ibex-q1,ONLINE,
2026-08-13T15:39:00+00:00,openquantum:ionq:qpu:forte-1,ONLINE,
2026-08-13T15:39:00+00:00,openquantum:ionq:qpu:forte-enterprise,ONLINE,
2026-08-13T15:39:00+00:00,openquantum:iqm:qpu:emerald,ONLINE,
2026-08-13T15:39:00+00:00,openquantum:iqm:qpu:garnet,ONLINE,
2026-08-13T15:39:00+00:00,openquantum:rigetti:qpu:cepheus-1-108q,ONLINE,
2026-08-13T16:35:35+00:00,aws:aqt:qpu:ibex-q1,UNAVAILABLE,
2026-08-13T16:35:35+00:00,aws:quera:qpu:aquila,UNAVAILABLE,
2026-08-13T16:35:35+00:00,ibm:ibm:qpu:marrakesh,ONLINE,
2026-08-13T16:35:35+00:00,ibm:ibm:qpu:pittsburgh,ONLINE,
2026-08-13T16:35:35+00:00,azure:pasqal:qpu:fresnel,OFFLINE,
2026-08-13T16:35:35+00:00,aws:iqm:qpu:emerald,ONLINE,
2026-08-13T16:35:35+00:00,azure:ionq:qpu:forte-1,OFFLINE,
2026-08-13T16:35:35+00:00,ibm:ibm:qpu:kingston,ONLINE,
2026-08-13T16:35:35+00:00,aws:ionq:qpu:forte-1,ONLINE,
2026-08-13T16:35:35+00:00,aws:ionq:qpu:forte-enterprise-1,ONLINE,
2026-08-13T16:35:35+00:00,ionq:ionq:qpu:forte-1,ONLINE,
2026-08-13T16:35:35+00:00,ibm:ibm:qpu:fez,ONLINE,
2026-08-13T16:35:35+00:00,aws:iqm:qpu:garnet,UNAVAILABLE,
2026-08-13T16:35:35+00:00,azure:rigetti:qpu:cepheus-1-36q,OFFLINE,
2026-08-13T16:35:35+00:00,azure:ionq:qpu:forte-enterprise-1,OFFLINE,
2026-08-13T16:35:35+00:00,ibm:ibm:qpu:boston,ONLINE,
2026-08-13T16:35:35+00:00,ibm:ibm:qpu:miami,ONLINE,
2026-08-13T16:35:35+00:00,rigetti:rigetti:qpu:cepheus-1-108q,ONLINE,
2026-08-13T16:35:35+00:00,aws:rigetti:qpu:cepheus-1-108q,ONLINE,
2026-08-13T16:35:35+00:00,openquantum:aqt:qpu:ibex-q1,ONLINE,
2026-08-13T16:35:35+00:00,openquantum:ionq:qpu:forte-1,ONLINE,
2026-08-13T16:35:35+00:00,openquantum:ionq:qpu:forte-enterprise,ONLINE,
2026-08-13T16:35:35+00:00,openquantum:iqm:qpu:emerald,ONLINE,
2026-08-13T16:35:35+00:00,openquantum:iqm:qpu:garnet,ONLINE,
2026-08-13T16:35:35+00:00,openquantum:rigetti:qpu:cepheus-1-108q,ONLINE,
2026-08-13T17:42:56+00:00,aws:aqt:qpu:ibex-q1,UNAVAILABLE,
2026-08-13T17:42:56+00:00,aws:quera:qpu:aquila,UNAVAILABLE,
2026-08-13T17:42:56+00:00,ibm:ibm:qpu:marrakesh,ONLINE,
2026-08-13T17:42:56+00:00,ibm:ibm:qpu:pittsburgh,ONLINE,
2026-08-13T17:42:56+00:00,azure:pasqal:qpu:fresnel,OFFLINE,
2026-08-13T17:42:56+00:00,aws:iqm:qpu:emerald,ONLINE,
2026-08-13T17:42:56+00:00,azure:ionq:qpu:forte-1,OFFLINE,
2026-08-13T17:42:56+00:00,ibm:ibm:qpu:kingston,ONLINE,
2026-08-13T17:42:56+00:00,aws:ionq:qpu:forte-1,ONLINE,
2026-08-13T17:42:56+00:00,aws:ionq:qpu:forte-enterprise-1,ONLINE,
2026-08-13T17:42:56+00:00,ionq:ionq:qpu:forte-1,ONLINE,
2026-08-13T17:42:56+00:00,ibm:ibm:qpu:fez,ONLINE,
2026-08-13T17:42:56+00:00,aws:iqm:qpu:garnet,ONLINE,
2026-08-13T17:42:56+00:00,azure:rigetti:qpu:cepheus-1-36q,OFFLINE,
2026-08-13T17:42:56+00:00,azure:ionq:qpu:forte-enterprise-1,OFFLINE,
2026-08-13T17:42:56+00:00,ibm:ibm:qpu:boston,ONLINE,
2026-08-13T17:42:56+00:00,ibm:ibm:qpu:miami,ONLINE,
2026-08-13T17:42:56+00:00,rigetti:rigetti:qpu:cepheus-1-108q,ONLINE,
2026-08-13T17:42:56+00:00,aws:rigetti:qpu:cepheus-1-108q,ONLINE,
2026-08-13T17:42:56+00:00,openquantum:aqt:qpu:ibex-q1,ONLINE,
2026-08-13T17:42:56+00:00,openquantum:ionq:qpu:forte-1,ONLINE,
2026-08-13T17:42:56+00:00,openquantum:ionq:qpu:forte-enterprise,ONLINE,
2026-08-13T17:42:56+00:00,openquantum:iqm:qpu:emerald,ONLINE,
2026-08-13T17:42:56+00:00,openquantum:iqm:qpu:garnet,ONLINE,
2026-08-13T17:42:56+00:00,openquantum:rigetti:qpu:cepheus-1-108q,ONLINE,
2026-08-13T18:40:04+00:00,aws:aqt:qpu:ibex-q1,UNAVAILABLE,
2026-08-13T18:40:04+00:00,aws:quera:qpu:aquila,UNAVAILABLE,
2026-08-13T18:40:04+00:00,ibm:ibm:qpu:marrakesh,ONLINE,
2026-08-13T18:40:04+00:00,ibm:ibm:qpu:pittsburgh,ONLINE,
2026-08-13T18:40:04+00:00,azure:pasqal:qpu:fresnel,OFFLINE,
2026-08-13T18:40:04+00:00,aws:iqm:qpu:emerald,ONLINE,
2026-08-13T18:40:04+00:00,azure:ionq:qpu:forte-1,OFFLINE,
2026-08-13T18:40:04+00:00,ibm:ibm:qpu:kingston,ONLINE,
2026-08-13T18:40:04+00:00,aws:ionq:qpu:forte-1,ONLINE,
2026-08-13T18:40:04+00:00,aws:ionq:qpu:forte-enterprise-1,ONLINE,
2026-08-13T18:40:04+00:00,ionq:ionq:qpu:forte-1,ONLINE,
2026-08-13T18:40:04+00:00,ibm:ibm:qpu:fez,ONLINE,
2026-08-13T18:40:04+00:00,aws:iqm:qpu:garnet,ONLINE,
2026-08-13T18:40:04+00:00,azure:rigetti:qpu:cepheus-1-36q,OFFLINE,
2026-08-13T18:40:04+00:00,azure:ionq:qpu:forte-enterprise-1,OFFLINE,
2026-08-13T18:40:04+00:00,ibm:ibm:qpu:boston,ONLINE,
2026-08-13T18:40:04+00:00,ibm:ibm:qpu:miami,ONLINE,
2026-08-13T18:40:04+00:00,rigetti:rigetti:qpu:cepheus-1-108q,ONLINE,
2026-08-13T18:40:04+00:00,aws:rigetti:qpu:cepheus-1-108q,ONLINE,
2026-08-13T18:40:04+00:00,openquantum:aqt:qpu:ibex-q1,ONLINE,
2026-08-13T18:40:04+00:00,openquantum:ionq:qpu:forte-1,ONLINE,
2026-08-13T18:40:04+00:00,openquantum:ionq:qpu:forte-enterprise,ONLINE,
2026-08-13T18:40:04+00:00,openquantum:iqm:qpu:emerald,ONLINE,
2026-08-13T18:40:04+00:00,openquantum:iqm:qpu:garnet,ONLINE,
2026-08-13T18:40:04+00:00,openquantum:rigetti:qpu:cepheus-1-108q,ONLINE,
2026-08-13T19:44:32+00:00,aws:aqt:qpu:ibex-q1,UNAVAILABLE,
2026-08-13T19:44:32+00:00,aws:quera:qpu:aquila,UNAVAILABLE,
2026-08-13T19:44:32+00:00,ibm:ibm:qpu:marrakesh,ONLINE,
2026-08-13T19:44:32+00:00,ibm:ibm:qpu:pittsburgh,ONLINE,
2026-08-13T19:44:32+00:00,azure:pasqal:qpu:fresnel,OFFLINE,
2026-08-13T19:44:32+00:00,aws:iqm:qpu:emerald,ONLINE,
2026-08-13T19:44:32+00:00,azure:ionq:qpu:forte-1,OFFLINE,
2026-08-13T19:44:32+00:00,ibm:ibm:qpu:kingston,ONLINE,
2026-08-13T19:44:32+00:00,aws:ionq:qpu:forte-1,ONLINE,
2026-08-13T19:44:32+00:00,aws:ionq:qpu:forte-enterprise-1,ONLINE,
2026-08-13T19:44:32+00:00,ionq:ionq:qpu:forte-1,ONLINE,
2026-08-13T19:44:32+00:00,ibm:ibm:qpu:fez,ONLINE,
2026-08-13T19:44:32+00:00,aws:iqm:qpu:garnet,ONLINE,
2026-08-13T19:44:32+00:00,azure:rigetti:qpu:cepheus-1-36q,OFFLINE,
2026-08-13T19:44:32+00:00,azure:ionq:qpu:forte-enterprise-1,OFFLINE,
2026-08-13T19:44:32+00:00,ibm:ibm:qpu:boston,ONLINE,
2026-08-13T19:44:32+00:00,ibm:ibm:qpu:miami,ONLINE,
2026-08-13T19:44:32+00:00,rigetti:rigetti:qpu:cepheus-1-108q,ONLINE,
2026-08-13T19:44:32+00:00,aws:rigetti:qpu:cepheus-1-108q,UNAVAILABLE,
2026-08-13T19:44:32+00:00,openquantum:aqt:qpu:ibex-q1,ONLINE,
2026-08-13T19:44:32+00:00,openquantum:ionq:qpu:forte-1,ONLINE,
2026-08-13T19:44:32+00:00,openquantum:ionq:qpu:forte-enterprise,ONLINE,
2026-08-13T19:44:32+00:00,openquantum:iqm:qpu:emerald,ONLINE,
2026-08-13T19:44:32+00:00,openquantum:iqm:qpu:garnet,ONLINE,
2026-08-13T19:44:32+00:00,openquantum:rigetti:qpu:cepheus-1-108q,ONLINE,
2026-08-13T20:23:28+00:00,aws:aqt:qpu:ibex-q1,UNAVAILABLE,
2026-08-13T20:23:28+00:00,aws:quera:qpu:aquila,UNAVAILABLE,
2026-08-13T20:23:28+00:00,ibm:ibm:qpu:marrakesh,ONLINE,
2026-08-13T20:23:28+00:00,ibm:ibm:qpu:pittsburgh,ONLINE,
2026-08-13T20:23:28+00:00,azure:pasqal:qpu:fresnel,OFFLINE,
2026-08-13T20:23:28+00:00,aws:iqm:qpu:emerald,ONLINE,
2026-08-13T20:23:28+00:00,azure:ionq:qpu:forte-1,OFFLINE,
2026-08-13T20:23:28+00:00,ibm:ibm:qpu:kingston,ONLINE,
2026-08-13T20:23:28+00:00,aws:ionq:qpu:forte-1,ONLINE,
2026-08-13T20:23:28+00:00,aws:ionq:qpu:forte-enterprise-1,ONLINE,
2026-08-13T20:23:28+00:00,ionq:ionq:qpu:forte-1,ONLINE,
2026-08-13T20:23:28+00:00,ibm:ibm:qpu:fez,ONLINE,
2026-08-13T20:23:28+00:00,aws:iqm:qpu:garnet,ONLINE,
2026-08-13T20:23:28+00:00,azure:rigetti:qpu:cepheus-1-36q,OFFLINE,
2026-08-13T20:23:28+00:00,azure:ionq:qpu:forte-enterprise-1,OFFLINE,
2026-08-13T20:23:28+00:00,ibm:ibm:qpu:boston,ONLINE,
2026-08-13T20:23:28+00:00,ibm:ibm:qpu:miami,ONLINE,
2026-08-13T20:23:28+00:00,rigetti:rigetti:qpu:cepheus-1-108q,ONLINE,
2026-08-13T20:23:28+00:00,aws:rigetti:qpu:cepheus-1-108q,UNAVAILABLE,
2026-08-13T20:23:28+00:00,openquantum:aqt:qpu:ibex-q1,ONLINE,
2026-08-13T20:23:28+00:00,openquantum:ionq:qpu:forte-1,ONLINE,
2026-08-13T20:23:28+00:00,openquantum:ionq:qpu:forte-enterprise,ONLINE,
2026-08-13T20:23:28+00:00,openquantum:iqm:qpu:emerald,ONLINE,
2026-08-13T20:23:28+00:00,openquantum:iqm:qpu:garnet,ONLINE,
2026-08-13T20:23:28+00:00,openquantum:rigetti:qpu:cepheus-1-108q,ONLINE,
2026-08-13T21:28:47+00:00,aws:aqt:qpu:ibex-q1,UNAVAILABLE,
2026-08-13T21:28:47+00:00,aws:quera:qpu:aquila,UNAVAILABLE,
2026-08-13T21:28:47+00:00,ibm:ibm:qpu:marrakesh,ONLINE,
2026-08-13T21:28:47+00:00,ibm:ibm:qpu:pittsburgh,ONLINE,
2026-08-13T21:28:47+00:00,azure:pasqal:qpu:fresnel,OFFLINE,
2026-08-13T21:28:47+00:00,aws:iqm:qpu:emerald,ONLINE,
2026-08-13T21:28:47+00:00,azure:ionq:qpu:forte-1,OFFLINE,
2026-08-13T21:28:47+00:00,ibm:ibm:qpu:kingston,ONLINE,
2026-08-13T21:28:47+00:00,aws:ionq:qpu:forte-1,ONLINE,
2026-08-13T21:28:47+00:00,aws:ionq:qpu:forte-enterprise-1,ONLINE,
2026-08-13T21:28:47+00:00,ionq:ionq:qpu:forte-1,ONLINE,
2026-08-13T21:28:47+00:00,ibm:ibm:qpu:fez,ONLINE,
2026-08-13T21:28:47+00:00,aws:iqm:qpu:garnet,ONLINE,
2026-08-13T21:28:47+00:00,azure:rigetti:qpu:cepheus-1-36q,OFFLINE,
2026-08-13T21:28:47+00:00,azure:ionq:qpu:forte-enterprise-1,OFFLINE,
2026-08-13T21:28:47+00:00,ibm:ibm:qpu:boston,ONLINE,
2026-08-13T21:28:47+00:00,ibm:ibm:qpu:miami,ONLINE,
2026-08-13T21:28:47+00:00,rigetti:rigetti:qpu:cepheus-1-108q,ONLINE,
2026-08-13T21:28:47+00:00,aws:rigetti:qpu:cepheus-1-108q,ONLINE,
2026-08-13T21:28:47+00:00,openquantum:aqt:qpu:ibex-q1,ONLINE,
2026-08-13T21:28:47+00:00,openquantum:ionq:qpu:forte-1,ONLINE,
2026-08-13T21:28:47+00:00,openquantum:ionq:qpu:forte-enterprise,ONLINE,
2026-08-13T21:28:47+00:00,openquantum:iqm:qpu:emerald,ONLINE,
2026-08-13T21:28:47+00:00,openquantum:iqm:qpu:garnet,ONLINE,
2026-08-13T21:28:47+00:00,openquantum:rigetti:qpu:cepheus-1-108q,ONLINE,
2026-08-13T22:24:10+00:00,aws:aqt:qpu:ibex-q1,UNAVAILABLE,
2026-08-13T22:24:10+00:00,aws:quera:qpu:aquila,UNAVAILABLE,
2026-08-13T22:24:10+00:00,ibm:ibm:qpu:marrakesh,ONLINE,
2026-08-13T22:24:10+00:00,ibm:ibm:qpu:pittsburgh,ONLINE,
2026-08-13T22:24:10+00:00,azure:pasqal:qpu:fresnel,OFFLINE,
2026-08-13T22:24:10+00:00,aws:iqm:qpu:emerald,ONLINE,
2026-08-13T22:24:10+00:00,azure:ionq:qpu:forte-1,OFFLINE,
2026-08-13T22:24:10+00:00,ibm:ibm:qpu:kingston,ONLINE,
2026-08-13T22:24:10+00:00,aws:ionq:qpu:forte-1,ONLINE,
2026-08-13T22:24:10+00:00,aws:ionq:qpu:forte-enterprise-1,ONLINE,
2026-08-13T22:24:10+00:00,ionq:ionq:qpu:forte-1,ONLINE,
2026-08-13T22:24:10+00:00,ibm:ibm:qpu:fez,ONLINE,
2026-08-13T22:24:10+00:00,aws:iqm:qpu:garnet,ONLINE,
2026-08-13T22:24:10+00:00,azure:rigetti:qpu:cepheus-1-36q,OFFLINE,
2026-08-13T22:24:10+00:00,azure:ionq:qpu:forte-enterprise-1,OFFLINE,
2026-08-13T22:24:10+00:00,ibm:ibm:qpu:boston,ONLINE,
2026-08-13T22:24:10+00:00,ibm:ibm:qpu:miami,ONLINE,
2026-08-13T22:24:10+00:00,rigetti:rigetti:qpu:cepheus-1-108q,ONLINE,
2026-08-13T22:24:10+00:00,aws:rigetti:qpu:cepheus-1-108q,ONLINE,
2026-08-13T22:24:10+00:00,openquantum:aqt:qpu:ibex-q1,ONLINE,
2026-08-13T22:24:10+00:00,openquantum:ionq:qpu:forte-1,ONLINE,
2026-08-13T22:24:10+00:00,openquantum:ionq:qpu:forte-enterprise,ONLINE,
2026-08-13T22:24:10+00:00,openquantum:iqm:qpu:emerald,ONLINE,
2026-08-13T22:24:10+00:00,openquantum:iqm:qpu:garnet,ONLINE,
2026-08-13T22:24:10+00:00,openquantum:rigetti:qpu:cepheus-1-108q,ONLINE,
2026-08-13T23:24:18+00:00,aws:aqt:qpu:ibex-q1,UNAVAILABLE,
2026-08-13T23:24:18+00:00,aws:quera:qpu:aquila,UNAVAILABLE,
2026-08-13T23:24:18+00:00,ibm:ibm:qpu:marrakesh,ONLINE,
2026-08-13T23:24:18+00:00,ibm:ibm:qpu:pittsburgh,ONLINE,
2026-08-13T23:24:18+00:00,azure:pasqal:qpu:fresnel,OFFLINE,
2026-08-13T23:24:18+00:00,aws:iqm:qpu:emerald,ONLINE,
2026-08-13T23:24:18+00:00,azure:ionq:qpu:forte-1,OFFLINE,
2026-08-13T23:24:18+00:00,ibm:ibm:qpu:kingston,ONLINE,
2026-08-13T23:24:18+00:00,aws:ionq:qpu:forte-1,ONLINE,
2026-08-13T23:24:18+00:00,aws:ionq:qpu:forte-enterprise-1,ONLINE,
2026-08-13T23:24:18+00:00,ionq:ionq:qpu:forte-1,ONLINE,
2026-08-13T23:24:18+00:00,ibm:ibm:qpu:fez,ONLINE,
2026-08-13T23:24:18+00:00,aws:iqm:qpu:garnet,ONLINE,
2026-08-13T23:24:18+00:00,azure:rigetti:qpu:cepheus-1-36q,OFFLINE,
2026-08-13T23:24:18+00:00,azure:ionq:qpu:forte-enterprise-1,OFFLINE,
2026-08-13T23:24:18+00:00,ibm:ibm:qpu:boston,ONLINE,
2026-08-13T23:24:18+00:00,ibm:ibm:qpu:miami,ONLINE,
2026-08-13T23:24:18+00:00,rigetti:rigetti:qpu:cepheus-1-108q,ONLINE,
2026-08-13T23:24:18+00:00,aws:rigetti:qpu:cepheus-1-108q,ONLINE,
2026-08-13T23:24:18+00:00,openquantum:aqt:qpu:ibex-q1,ONLINE,
2026-08-13T23:24:18+00:00,openquantum:ionq:qpu:forte-1,ONLINE,
2026-08-13T23:24:18+00:00,openquantum:ionq:qpu:forte-enterprise,ONLINE,
2026-08-13T23:24:18+00:00,openquantum:iqm:qpu:emerald,ONLINE,
2026-08-13T23:24:18+00:00,openquantum:iqm:qpu:garnet,ONLINE,
2026-08-13T23:24:18+00:00,openquantum:rigetti:qpu:cepheus-1-108q,ONLINE,
2026-08-14T00:43:15+00:00,aws:aqt:qpu:ibex-q1,UNAVAILABLE,
2026-08-14T00:43:15+00:00,aws:quera:qpu:aquila,UNAVAILABLE,
2026-08-14T00:43:15+00:00,ibm:ibm:qpu:marrakesh,ONLINE,
2026-08-14T00:43:15+00:00,ibm:ibm:qpu:pittsburgh,ONLINE,
2026-08-14T00:43:15+00:00,azure:pasqal:qpu:fresnel,OFFLINE,
2026-08-14T00:43:15+00:00,aws:iqm:qpu:emerald,ONLINE,
2026-08-14T00:43:15+00:00,azure:ionq:qpu:forte-1,OFFLINE,
2026-08-14T00:43:15+00:00,ibm:ibm:qpu:kingston,ONLINE,
2026-08-14T00:43:15+00:00,aws:ionq:qpu:forte-1,ONLINE,
2026-08-14T00:43:15+00:00,aws:ionq:qpu:forte-enterprise-1,ONLINE,
2026-08-14T00:43:15+00:00,ionq:ionq:qpu:forte-1,ONLINE,
2026-08-14T00:43:15+00:00,ibm:ibm:qpu:fez,ONLINE,
2026-08-14T00:43:15+00:00,aws:iqm:qpu:garnet,ONLINE,
2026-08-14T00:43:15+00:00,azure:rigetti:qpu:cepheus-1-36q,OFFLINE,
2026-08-14T00:43:15+00:00,azure:ionq:qpu:forte-enterprise-1,OFFLINE,
2026-08-14T00:43:15+00:00,ibm:ibm:qpu:boston,ONLINE,
2026-08-14T00:43:15+00:00,ibm:ibm:qpu:miami,ONLINE,
2026-08-14T00:43:15+00:00,rigetti:rigetti:qpu:cepheus-1-108q,ONLINE,
2026-08-14T00:43:15+00:00,aws:rigetti:qpu:cepheus-1-108q,ONLINE,
2026-08-14T00:43:15+00:00,openquantum:aqt:qpu:ibex-q1,ONLINE,
2026-08-14T00:43:15+00:00,openquantum:ionq:qpu:forte-1,ONLINE,
2026-08-14T00:43:15+00:00,openquantum:ionq:qpu:forte-enterprise,ONLINE,
2026-08-14T00:43:15+00:00,openquantum:iqm:qpu:emerald,ONLINE,
2026-08-14T00:43:15+00:00,openquantum:iqm:qpu:garnet,ONLINE,
2026-08-14T00:43:15+00:00,openquantum:rigetti:qpu:cepheus-1-108q,ONLINE,
2026-08-14T03:14:01+00:00,aws:aqt:qpu:ibex-q1,UNAVAILABLE,
2026-08-14T03:14:01+00:00,aws:quera:qpu:aquila,UNAVAILABLE,
2026-08-14T03:14:01+00:00,ibm:ibm:qpu:marrakesh,ONLINE,
2026-08-14T03:14:01+00:00,ibm:ibm:qpu:pittsburgh,ONLINE,
2026-08-14T03:14:01+00:00,azure:pasqal:qpu:fresnel,OFFLINE,
2026-08-14T03:14:01+00:00,aws:iqm:qpu:emerald,ONLINE,
2026-08-14T03:14:01+00:00,azure:ionq:qpu:forte-1,OFFLINE,
2026-08-14T03:14:01+00:00,ibm:ibm:qpu:kingston,ONLINE,
2026-08-14T03:14:01+00:00,aws:ionq:qpu:forte-1,ONLINE,
2026-08-14T03:14:01+00:00,aws:ionq:qpu:forte-enterprise-1,ONLINE,
2026-08-14T03:14:01+00:00,ionq:ionq:qpu:forte-1,ONLINE,
2026-08-14T03:14:01+00:00,ibm:ibm:qpu:fez,ONLINE,
2026-08-14T03:14:01+00:00,aws:iqm:qpu:garnet,UNAVAILABLE,
2026-08-14T03:14:01+00:00,azure:rigetti:qpu:cepheus-1-36q,OFFLINE,
2026-08-14T03:14:01+00:00,azure:ionq:qpu:forte-enterprise-1,OFFLINE,
2026-08-14T03:14:01+00:00,ibm:ibm:qpu:boston,ONLINE,
2026-08-14T03:14:01+00:00,ibm:ibm:qpu:miami,ONLINE,
2026-08-14T03:14:01+00:00,rigetti:rigetti:qpu:cepheus-1-108q,ONLINE,
2026-08-14T03:14:01+00:00,aws:rigetti:qpu:cepheus-1-108q,ONLINE,
2026-08-14T03:14:01+00:00,openquantum:aqt:qpu:ibex-q1,ONLINE,
2026-08-14T03:14:01+00:00,openquantum:ionq:qpu:forte-1,ONLINE,
2026-08-14T03:14:01+00:00,openquantum:ionq:qpu:forte-enterprise,ONLINE,
2026-08-14T03:14:01+00:00,openquantum:iqm:qpu:emerald,ONLINE,
2026-08-14T03:14:01+00:00,openquantum:iqm:qpu:garnet,ONLINE,
2026-08-14T03:14:01+00:00,openquantum:rigetti:qpu:cepheus-1-108q,ONLINE,
2026-08-14T05:19:26+00:00,aws:aqt:qpu:ibex-q1,UNAVAILABLE,
2026-08-14T05:19:26+00:00,aws:quera:qpu:aquila,ONLINE,
2026-08-14T05:19:26+00:00,ibm:ibm:qpu:marrakesh,ONLINE,
2026-08-14T05:19:26+00:00,ibm:ibm:qpu:pittsburgh,ONLINE,
2026-08-14T05:19:26+00:00,azure:pasqal:qpu:fresnel,OFFLINE,
2026-08-14T05:19:26+00:00,aws:iqm:qpu:emerald,UNAVAILABLE,
2026-08-14T05:19:26+00:00,azure:ionq:qpu:forte-1,OFFLINE,
2026-08-14T05:19:26+00:00,ibm:ibm:qpu:kingston,ONLINE,
2026-08-14T05:19:26+00:00,aws:ionq:qpu:forte-1,ONLINE,
2026-08-14T05:19:26+00:00,aws:ionq:qpu:forte-enterprise-1,ONLINE,
2026-08-14T05:19:26+00:00,ionq:ionq:qpu:forte-1,ONLINE,
2026-08-14T05:19:26+00:00,ibm:ibm:qpu:fez,ONLINE,
2026-08-14T05:19:26+00:00,aws:iqm:qpu:garnet,ONLINE,
2026-08-14T05:19:26+00:00,azure:rigetti:qpu:cepheus-1-36q,OFFLINE,
2026-08-14T05:19:26+00:00,azure:ionq:qpu:forte-enterprise-1,OFFLINE,
2026-08-14T05:19:26+00:00,ibm:ibm:qpu:boston,ONLINE,
2026-08-14T05:19:26+00:00,ibm:ibm:qpu:miami,ONLINE,
2026-08-14T05:19:26+00:00,rigetti:rigetti:qpu:cepheus-1-108q,ONLINE,
2026-08-14T05:19:26+00:00,aws:rigetti:qpu:cepheus-1-108q,ONLINE,
2026-08-14T05:19:26+00:00,openquantum:aqt:qpu:ibex-q1,ONLINE,
2026-08-14T05:19:26+00:00,openquantum:ionq:qpu:forte-1,ONLINE,
2026-08-14T05:19:26+00:00,openquantum:ionq:qpu:forte-enterprise,ONLINE,
2026-08-14T05:19:26+00:00,openquantum:iqm:qpu:emerald,ONLINE,
2026-08-14T05:19:26+00:00,openquantum:iqm:qpu:garnet,ONLINE,
2026-08-14T05:19:26+00:00,openquantum:rigetti:qpu:cepheus-1-108q,ONLINE,
2026-08-14T06:59:05+00:00,aws:aqt:qpu:ibex-q1,UNAVAILABLE,
2026-08-14T06:59:05+00:00,aws:quera:qpu:aquila,ONLINE,
2026-08-14T06:59:05+00:00,ibm:ibm:qpu:marrakesh,ONLINE,
2026-08-14T06:59:05+00:00,ibm:ibm:qpu:pittsburgh,ONLINE,
2026-08-14T06:59:05+00:00,azure:pasqal:qpu:fresnel,OFFLINE,
2026-08-14T06:59:05+00:00,aws:iqm:qpu:emerald,UNAVAILABLE,
2026-08-14T06:59:05+00:00,azure:ionq:qpu:forte-1,OFFLINE,
2026-08-14T06:59:05+00:00,ibm:ibm:qpu:kingston,ONLINE,
2026-08-14T06:59:05+00:00,aws:ionq:qpu:forte-1,ONLINE,
2026-08-14T06:59:05+00:00,aws:ionq:qpu:forte-enterprise-1,ONLINE,
2026-08-14T06:59:05+00:00,ionq:ionq:qpu:forte-1,ONLINE,
2026-08-14T06:59:05+00:00,ibm:ibm:qpu:fez,ONLINE,
2026-08-14T06:59:05+00:00,aws:iqm:qpu:garnet,ONLINE,
2026-08-14T06:59:05+00:00,azure:rigetti:qpu:cepheus-1-36q,OFFLINE,
2026-08-14T06:59:05+00:00,azure:ionq:qpu:forte-enterprise-1,OFFLINE,
2026-08-14T06:59:05+00:00,ibm:ibm:qpu:boston,ONLINE,
2026-08-14T06:59:05+00:00,ibm:ibm:qpu:miami,ONLINE,
2026-08-14T06:59:05+00:00,rigetti:rigetti:qpu:cepheus-1-108q,ONLINE,
2026-08-14T06:59:05+00:00,aws:rigetti:qpu:cepheus-1-108q,ONLINE,
2026-08-14T06:59:05+00:00,openquantum:aqt:qpu:ibex-q1,ONLINE,
2026-08-14T06:59:05+00:00,openquantum:ionq:qpu:forte-1,ONLINE,
2026-08-14T06:59:05+00:00,openquantum:ionq:qpu:forte-enterprise,ONLINE,
2026-08-14T06:59:05+00:00,openquantum:iqm:qpu:emerald,ONLINE,
2026-08-14T06:59:05+00:00,openquantum:iqm:qpu:garnet,ONLINE,
2026-08-14T06:59:05+00:00,openquantum:rigetti:qpu:cepheus-1-108q,ONLINE,
2026-08-14T08:23:09+00:00,aws:aqt:qpu:ibex-q1,ONLINE,
2026-08-14T08:23:09+00:00,aws:quera:qpu:aquila,ONLINE,
2026-08-14T08:23:09+00:00,ibm:ibm:qpu:marrakesh,ONLINE,
2026-08-14T08:23:09+00:00,ibm:ibm:qpu:pittsburgh,ONLINE,
2026-08-14T08:23:09+00:00,azure:pasqal:qpu:fresnel,OFFLINE,
2026-08-14T08:23:09+00:00,aws:iqm:qpu:emerald,ONLINE,
2026-08-14T08:23:09+00:00,azure:ionq:qpu:forte-1,OFFLINE,
2026-08-14T08:23:09+00:00,ibm:ibm:qpu:kingston,ONLINE,
2026-08-14T08:23:09+00:00,aws:ionq:qpu:forte-1,ONLINE,
2026-08-14T08:23:09+00:00,aws:ionq:qpu:forte-enterprise-1,ONLINE,
2026-08-14T08:23:09+00:00,ionq:ionq:qpu:forte-1,ONLINE,
2026-08-14T08:23:09+00:00,ibm:ibm:qpu:fez,ONLINE,
2026-08-14T08:23:09+00:00,aws:iqm:qpu:garnet,ONLINE,
2026-08-14T08:23:09+00:00,azure:rigetti:qpu:cepheus-1-36q,OFFLINE,
2026-08-14T08:23:09+00:00,azure:ionq:qpu:forte-enterprise-1,OFFLINE,
2026-08-14T08:23:09+00:00,ibm:ibm:qpu:boston,ONLINE,
2026-08-14T08:23:09+00:00,ibm:ibm:qpu:miami,ONLINE,
2026-08-14T08:23:09+00:00,rigetti:rigetti:qpu:cepheus-1-108q,ONLINE,
2026-08-14T08:23:09+00:00,aws:rigetti:qpu:cepheus-1-108q,UNAVAILABLE,
2026-08-14T08:23:09+00:00,openquantum:aqt:qpu:ibex-q1,ONLINE,
2026-08-14T08:23:09+00:00,openquantum:ionq:qpu:forte-1,ONLINE,
2026-08-14T08:23:09+00:00,openquantum:ionq:qpu:forte-enterprise,ONLINE,
2026-08-14T08:23:09+00:00,openquantum:iqm:qpu:emerald,ONLINE,
2026-08-14T08:23:09+00:00,openquantum:iqm:qpu:garnet,ONLINE,
2026-08-14T08:23:09+00:00,openquantum:rigetti:qpu:cepheus-1-108q,ONLINE,
2026-08-14T09:43:34+00:00,aws:aqt:qpu:ibex-q1,ONLINE,
2026-08-14T09:43:34+00:00,aws:quera:qpu:aquila,ONLINE,
2026-08-14T09:43:34+00:00,ibm:ibm:qpu:marrakesh,ONLINE,
2026-08-14T09:43:34+00:00,ibm:ibm:qpu:pittsburgh,ONLINE,
2026-08-14T09:43:34+00:00,azure:pasqal:qpu:fresnel,OFFLINE,
2026-08-14T09:43:34+00:00,aws:iqm:qpu:emerald,ONLINE,
2026-08-14T09:43:34+00:00,azure:ionq:qpu:forte-1,OFFLINE,
2026-08-14T09:43:34+00:00,ibm:ibm:qpu:kingston,ONLINE,
2026-08-14T09:43:34+00:00,aws:ionq:qpu:forte-1,ONLINE,
2026-08-14T09:43:34+00:00,aws:ionq:qpu:forte-enterprise-1,ONLINE,
2026-08-14T09:43:34+00:00,ionq:ionq:qpu:forte-1,ONLINE,
2026-08-14T09:43:34+00:00,ibm:ibm:qpu:fez,ONLINE,
2026-08-14T09:43:34+00:00,aws:iqm:qpu:garnet,ONLINE,
2026-08-14T09:43:34+00:00,azure:rigetti:qpu:cepheus-1-36q,OFFLINE,
2026-08-14T09:43:34+00:00,azure:ionq:qpu:forte-enterprise-1,OFFLINE,
2026-08-14T09:43:34+00:00,ibm:ibm:qpu:boston,ONLINE,
2026-08-14T09:43:34+00:00,ibm:ibm:qpu:miami,ONLINE,
2026-08-14T09:43:34+00:00,rigetti:rigetti:qpu:cepheus-1-108q,ONLINE,
2026-08-14T09:43:34+00:00,aws:rigetti:qpu:cepheus-1-108q,ONLINE,
2026-08-14T09:43:34+00:00,openquantum:aqt:qpu:ibex-q1,ONLINE,
2026-08-14T09:43:34+00:00,openquantum:ionq:qpu:forte-1,ONLINE,
2026-08-14T09:43:34+00:00,openquantum:ionq:qpu:forte-enterprise,ONLINE,
2026-08-14T09:43:34+00:00,openquantum:iqm:qpu:emerald,ONLINE,
2026-08-14T09:43:34+00:00,openquantum:iqm:qpu:garnet,ONLINE,
2026-08-14T09:43:34+00:00,openquantum:rigetti:qpu:cepheus-1-108q,ONLINE,
2026-08-14T10:41:59+00:00,aws:aqt:qpu:ibex-q1,ONLINE,
2026-08-14T10:41:59+00:00,aws:quera:qpu:aquila,ONLINE,
2026-08-14T10:41:59+00:00,ibm:ibm:qpu:marrakesh,ONLINE,
2026-08-14T10:41:59+00:00,ibm:ibm:qpu:pittsburgh,ONLINE,
2026-08-14T10:41:59+00:00,azure:pasqal:qpu:fresnel,OFFLINE,
2026-08-14T10:41:59+00:00,aws:iqm:qpu:emerald,ONLINE,
2026-08-14T10:41:59+00:00,azure:ionq:qpu:forte-1,OFFLINE,
2026-08-14T10:41:59+00:00,ibm:ibm:qpu:kingston,ONLINE,
2026-08-14T10:41:59+00:00,aws:ionq:qpu:forte-1,ONLINE,
2026-08-14T10:41:59+00:00,aws:ionq:qpu:forte-enterprise-1,ONLINE,
2026-08-14T10:41:59+00:00,ionq:ionq:qpu:forte-1,ONLINE,
2026-08-14T10:41:59+00:00,ibm:ibm:qpu:fez,ONLINE,
2026-08-14T10:41:59+00:00,aws:iqm:qpu:garnet,ONLINE,
2026-08-14T10:41:59+00:00,azure:rigetti:qpu:cepheus-1-36q,OFFLINE,
2026-08-14T10:41:59+00:00,azure:ionq:qpu:forte-enterprise-1,OFFLINE,
2026-08-14T10:41:59+00:00,ibm:ibm:qpu:boston,ONLINE,
2026-08-14T10:41:59+00:00,ibm:ibm:qpu:miami,ONLINE,
2026-08-14T10:41:59+00:00,rigetti:rigetti:qpu:cepheus-1-108q,ONLINE,
2026-08-14T10:41:59+00:00,aws:rigetti:qpu:cepheus-1-108q,ONLINE,
2026-08-14T10:41:59+00:00,openquantum:aqt:qpu:ibex-q1,ONLINE,
2026-08-14T10:41:59+00:00,openquantum:ionq:qpu:forte-1,ONLINE,
2026-08-14T10:41:59+00:00,openquantum:ionq:qpu:forte-enterprise,ONLINE,
2026-08-14T10:41:59+00:00,openquantum:iqm:qpu:emerald,ONLINE,
2026-08-14T10:41:59+00:00,openquantum:iqm:qpu:garnet,ONLINE,
2026-08-14T10:41:59+00:00,openquantum:rigetti:qpu:cepheus-1-108q,ONLINE,
2026-08-14T11:29:37+00:00,aws:aqt:qpu:ibex-q1,ONLINE,
2026-08-14T11:29:37+00:00,aws:quera:qpu:aquila,ONLINE,
2026-08-14T11:29:37+00:00,ibm:ibm:qpu:marrakesh,ONLINE,
2026-08-14T11:29:37+00:00,ibm:ibm:qpu:pittsburgh,ONLINE,
2026-08-14T11:29:37+00:00,azure:pasqal:qpu:fresnel,OFFLINE,
2026-08-14T11:29:37+00:00,aws:iqm:qpu:emerald,ONLINE,
2026-08-14T11:29:37+00:00,azure:ionq:qpu:forte-1,OFFLINE,
2026-08-14T11:29:37+00:00,ibm:ibm:qpu:kingston,ONLINE,
2026-08-14T11:29:37+00:00,aws:ionq:qpu:forte-1,ONLINE,
2026-08-14T11:29:37+00:00,aws:ionq:qpu:forte-enterprise-1,ONLINE,
2026-08-14T11:29:37+00:00,ionq:ionq:qpu:forte-1,ONLINE,
2026-08-14T11:29:37+00:00,ibm:ibm:qpu:fez,ONLINE,
2026-08-14T11:29:37+00:00,aws:iqm:qpu:garnet,ONLINE,
2026-08-14T11:29:37+00:00,azure:rigetti:qpu:cepheus-1-36q,OFFLINE,
2026-08-14T11:29:37+00:00,azure:ionq:qpu:forte-enterprise-1,OFFLINE,
2026-08-14T11:29:37+00:00,ibm:ibm:qpu:boston,ONLINE,
2026-08-14T11:29:37+00:00,ibm:ibm:qpu:miami,ONLINE,
2026-08-14T11:29:37+00:00,rigetti:rigetti:qpu:cepheus-1-108q,ONLINE,
2026-08-14T11:29:37+00:00,aws:rigetti:qpu:cepheus-1-108q,ONLINE,
2026-08-14T11:29:37+00:00,openquantum:aqt:qpu:ibex-q1,ONLINE,
2026-08-14T11:29:37+00:00,openquantum:ionq:qpu:forte-1,ONLINE,
2026-08-14T11:29:37+00:00,openquantum:ionq:qpu:forte-enterprise,ONLINE,
2026-08-14T11:29:37+00:00,openquantum:iqm:qpu:emerald,ONLINE,
2026-08-14T11:29:37+00:00,openquantum:iqm:qpu:garnet,ONLINE,
2026-08-14T11:29:37+00:00,openquantum:rigetti:qpu:cepheus-1-108q,ONLINE,
2026-08-14T12:28:07+00:00,aws:aqt:qpu:ibex-q1,ONLINE,
2026-08-14T12:28:07+00:00,aws:quera:qpu:aquila,UNAVAILABLE,
2026-08-14T12:28:07+00:00,ibm:ibm:qpu:marrakesh,ONLINE,
2026-08-14T12:28:07+00:00,ibm:ibm:qpu:pittsburgh,ONLINE,
2026-08-14T12:28:07+00:00,azure:pasqal:qpu:fresnel,OFFLINE,
2026-08-14T12:28:07+00:00,aws:iqm:qpu:emerald,ONLINE,
2026-08-14T12:28:07+00:00,azure:ionq:qpu:forte-1,OFFLINE,
2026-08-14T12:28:07+00:00,ibm:ibm:qpu:kingston,ONLINE,
2026-08-14T12:28:07+00:00,aws:ionq:qpu:forte-1,ONLINE,
2026-08-14T12:28:07+00:00,aws:ionq:qpu:forte-enterprise-1,ONLINE,
2026-08-14T12:28:07+00:00,ionq:ionq:qpu:forte-1,ONLINE,
2026-08-14T12:28:07+00:00,ibm:ibm:qpu:fez,ONLINE,
2026-08-14T12:28:07+00:00,aws:iqm:qpu:garnet,ONLINE,
2026-08-14T12:28:07+00:00,azure:rigetti:qpu:cepheus-1-36q,OFFLINE,
2026-08-14T12:28:07+00:00,azure:ionq:qpu:forte-enterprise-1,OFFLINE,
2026-08-14T12:28:07+00:00,ibm:ibm:qpu:boston,ONLINE,
2026-08-14T12:28:07+00:00,ibm:ibm:qpu:miami,ONLINE,
2026-08-14T12:28:07+00:00,rigetti:rigetti:qpu:cepheus-1-108q,ONLINE,
2026-08-14T12:28:07+00:00,aws:rigetti:qpu:cepheus-1-108q,ONLINE,
2026-08-14T12:28:07+00:00,openquantum:aqt:qpu:ibex-q1,ONLINE,
2026-08-14T12:28:07+00:00,openquantum:ionq:qpu:forte-1,ONLINE,
2026-08-14T12:28:07+00:00,openquantum:ionq:qpu:forte-enterprise,ONLINE,
2026-08-14T12:28:07+00:00,openquantum:iqm:qpu:emerald,ONLINE,
2026-08-14T12:28:07+00:00,openquantum:iqm:qpu:garnet,ONLINE,
2026-08-14T12:28:07+00:00,openquantum:rigetti:qpu:cepheus-1-108q,ONLINE,
2026-08-14T14:02:55+00:00,aws:aqt:qpu:ibex-q1,ONLINE,
2026-08-14T14:02:55+00:00,aws:quera:qpu:aquila,ONLINE,
2026-08-14T14:02:55+00:00,ibm:ibm:qpu:marrakesh,ONLINE,
2026-08-14T14:02:55+00:00,ibm:ibm:qpu:pittsburgh,ONLINE,
2026-08-14T14:02:55+00:00,azure:pasqal:qpu:fresnel,OFFLINE,
2026-08-14T14:02:55+00:00,aws:iqm:qpu:emerald,ONLINE,
2026-08-14T14:02:55+00:00,azure:ionq:qpu:forte-1,OFFLINE,
2026-08-14T14:02:55+00:00,ibm:ibm:qpu:kingston,ONLINE,
2026-08-14T14:02:55+00:00,aws:ionq:qpu:forte-1,ONLINE,
2026-08-14T14:02:55+00:00,aws:ionq:qpu:forte-enterprise-1,ONLINE,
2026-08-14T14:02:55+00:00,ionq:ionq:qpu:forte-1,ONLINE,
2026-08-14T14:02:55+00:00,ibm:ibm:qpu:fez,ONLINE,
2026-08-14T14:02:55+00:00,aws:iqm:qpu:garnet,ONLINE,
2026-08-14T14:02:55+00:00,azure:rigetti:qpu:cepheus-1-36q,OFFLINE,
2026-08-14T14:02:55+00:00,azure:ionq:qpu:forte-enterprise-1,OFFLINE,
2026-08-14T14:02:55+00:00,ibm:ibm:qpu:boston,ONLINE,
2026-08-14T14:02:55+00:00,ibm:ibm:qpu:miami,ONLINE,
2026-08-14T14:02:55+00:00,rigetti:rigetti:qpu:cepheus-1-108q,ONLINE,
2026-08-14T14:02:55+00:00,aws:rigetti:qpu:cepheus-1-108q,ONLINE,
2026-08-14T14:02:55+00:00,openquantum:aqt:qpu:ibex-q1,ONLINE,
2026-08-14T14:02:55+00:00,openquantum:ionq:qpu:forte-1,ONLINE,
2026-08-14T14:02:55+00:00,openquantum:ionq:qpu:forte-enterprise,ONLINE,
2026-08-14T14:02:55+00:00,openquantum:iqm:qpu:emerald,ONLINE,
2026-08-14T14:02:55+00:00,openquantum:iqm:qpu:garnet,ONLINE,
2026-08-14T14:02:55+00:00,openquantum:rigetti:qpu:cepheus-1-108q,ONLINE,
2026-08-14T15:32:32+00:00,aws:aqt:qpu:ibex-q1,UNAVAILABLE,
2026-08-14T15:32:32+00:00,aws:quera:qpu:aquila,ONLINE,
2026-08-14T15:32:32+00:00,ibm:ibm:qpu:marrakesh,ONLINE,
2026-08-14T15:32:32+00:00,ibm:ibm:qpu:pittsburgh,ONLINE,
2026-08-14T15:32:32+00:00,azure:pasqal:qpu:fresnel,OFFLINE,
2026-08-14T15:32:32+00:00,aws:iqm:qpu:emerald,ONLINE,
2026-08-14T15:32:32+00:00,azure:ionq:qpu:forte-1,OFFLINE,
2026-08-14T15:32:32+00:00,ibm:ibm:qpu:kingston,ONLINE,
2026-08-14T15:32:32+00:00,aws:ionq:qpu:forte-1,ONLINE,
2026-08-14T15:32:32+00:00,aws:ionq:qpu:forte-enterprise-1,ONLINE,
2026-08-14T15:32:32+00:00,ionq:ionq:qpu:forte-1,ONLINE,
2026-08-14T15:32:32+00:00,ibm:ibm:qpu:fez,ONLINE,
2026-08-14T15:32:32+00:00,aws:iqm:qpu:garnet,UNAVAILABLE,
2026-08-14T15:32:32+00:00,azure:rigetti:qpu:cepheus-1-36q,OFFLINE,
2026-08-14T15:32:32+00:00,azure:ionq:qpu:forte-enterprise-1,OFFLINE,
2026-08-14T15:32:32+00:00,ibm:ibm:qpu:boston,ONLINE,
2026-08-14T15:32:32+00:00,ibm:ibm:qpu:miami,ONLINE,
2026-08-14T15:32:32+00:00,rigetti:rigetti:qpu:cepheus-1-108q,ONLINE,
2026-08-14T15:32:32+00:00,aws:rigetti:qpu:cepheus-1-108q,ONLINE,
2026-08-14T15:32:32+00:00,openquantum:aqt:qpu:ibex-q1,ONLINE,
2026-08-14T15:32:32+00:00,openquantum:ionq:qpu:forte-1,ONLINE,
2026-08-14T15:32:32+00:00,openquantum:ionq:qpu:forte-enterprise,ONLINE,
2026-08-14T15:32:32+00:00,openquantum:iqm:qpu:emerald,ONLINE,
2026-08-14T15:32:32+00:00,openquantum:iqm:qpu:garnet,ONLINE,
2026-08-14T15:32:32+00:00,openquantum:rigetti:qpu:cepheus-1-108q,ONLINE,
2026-08-14T16:32:42+00:00,aws:aqt:qpu:ibex-q1,UNAVAILABLE,
2026-08-14T16:32:42+00:00,aws:quera:qpu:aquila,ONLINE,
2026-08-14T16:32:42+00:00,ibm:ibm:qpu:marrakesh,ONLINE,
2026-08-14T16:32:42+00:00,ibm:ibm:qpu:pittsburgh,ONLINE,
2026-08-14T16:32:42+00:00,azure:pasqal:qpu:fresnel,OFFLINE,
2026-08-14T16:32:42+00:00,aws:iqm:qpu:emerald,ONLINE,
2026-08-14T16:32:42+00:00,azure:ionq:qpu:forte-1,OFFLINE,
2026-08-14T16:32:42+00:00,ibm:ibm:qpu:kingston,ONLINE,
2026-08-14T16:32:42+00:00,aws:ionq:qpu:forte-1,ONLINE,
2026-08-14T16:32:42+00:00,aws:ionq:qpu:forte-enterprise-1,ONLINE,
2026-08-14T16:32:42+00:00,ionq:ionq:qpu:forte-1,ONLINE,
2026-08-14T16:32:42+00:00,ibm:ibm:qpu:fez,ONLINE,
2026-08-14T16:32:42+00:00,aws:iqm:qpu:garnet,UNAVAILABLE,
2026-08-14T16:32:42+00:00,azure:rigetti:qpu:cepheus-1-36q,OFFLINE,
2026-08-14T16:32:42+00:00,azure:ionq:qpu:forte-enterprise-1,OFFLINE,
2026-08-14T16:32:42+00:00,ibm:ibm:qpu:boston,ONLINE,
2026-08-14T16:32:42+00:00,ibm:ibm:qpu:miami,ONLINE,
2026-08-14T16:32:42+00:00,rigetti:rigetti:qpu:cepheus-1-108q,ONLINE,
2026-08-14T16:32:42+00:00,aws:rigetti:qpu:cepheus-1-108q,ONLINE,
2026-08-14T16:32:42+00:00,openquantum:aqt:qpu:ibex-q1,ONLINE,
2026-08-14T16:32:42+00:00,openquantum:ionq:qpu:forte-1,ONLINE,
2026-08-14T16:32:42+00:00,openquantum:ionq:qpu:forte-enterprise,ONLINE,
2026-08-14T16:32:42+00:00,openquantum:iqm:qpu:emerald,ONLINE,
2026-08-14T16:32:42+00:00,openquantum:iqm:qpu:garnet,ONLINE,
2026-08-14T16:32:42+00:00,openquantum:rigetti:qpu:cepheus-1-108q,ONLINE,
2026-08-14T17:38:18+00:00,aws:aqt:qpu:ibex-q1,UNAVAILABLE,
2026-08-14T17:38:18+00:00,aws:quera:qpu:aquila,ONLINE,
2026-08-14T17:38:18+00:00,ibm:ibm:qpu:marrakesh,ONLINE,
2026-08-14T17:38:18+00:00,ibm:ibm:qpu:pittsburgh,ONLINE,
2026-08-14T17:38:18+00:00,azure:pasqal:qpu:fresnel,OFFLINE,
2026-08-14T17:38:18+00:00,aws:iqm:qpu:emerald,ONLINE,
2026-08-14T17:38:18+00:00,azure:ionq:qpu:forte-1,OFFLINE,
2026-08-14T17:38:18+00:00,ibm:ibm:qpu:kingston,ONLINE,
2026-08-14T17:38:18+00:00,aws:ionq:qpu:forte-1,ONLINE,
2026-08-14T17:38:18+00:00,aws:ionq:qpu:forte-enterprise-1,ONLINE,
2026-08-14T17:38:18+00:00,ionq:ionq:qpu:forte-1,ONLINE,
2026-08-14T17:38:18+00:00,ibm:ibm:qpu:fez,ONLINE,
2026-08-14T17:38:18+00:00,aws:iqm:qpu:garnet,ONLINE,
2026-08-14T17:38:18+00:00,azure:rigetti:qpu:cepheus-1-36q,OFFLINE,
2026-08-14T17:38:18+00:00,azure:ionq:qpu:forte-enterprise-1,OFFLINE,
2026-08-14T17:38:18+00:00,ibm:ibm:qpu:boston,ONLINE,
2026-08-14T17:38:18+00:00,ibm:ibm:qpu:miami,ONLINE,
2026-08-14T17:38:18+00:00,rigetti:rigetti:qpu:cepheus-1-108q,ONLINE,
2026-08-14T17:38:18+00:00,aws:rigetti:qpu:cepheus-1-108q,ONLINE,
2026-08-14T17:38:18+00:00,openquantum:aqt:qpu:ibex-q1,ONLINE,
2026-08-14T17:38:18+00:00,openquantum:ionq:qpu:forte-1,ONLINE,
2026-08-14T17:38:18+00:00,openquantum:ionq:qpu:forte-enterprise,ONLINE,
2026-08-14T17:38:18+00:00,openquantum:iqm:qpu:emerald,ONLINE,
2026-08-14T17:38:18+00:00,openquantum:iqm:qpu:garnet,ONLINE,
2026-08-14T17:38:18+00:00,openquantum:rigetti:qpu:cepheus-1-108q,ONLINE,
2026-08-14T18:33:07+00:00,aws:aqt:qpu:ibex-q1,UNAVAILABLE,
2026-08-14T18:33:07+00:00,aws:quera:qpu:aquila,ONLINE,
2026-08-14T18:33:07+00:00,ibm:ibm:qpu:marrakesh,ONLINE,
2026-08-14T18:33:07+00:00,ibm:ibm:qpu:pittsburgh,ONLINE,
2026-08-14T18:33:07+00:00,azure:pasqal:qpu:fresnel,OFFLINE,
2026-08-14T18:33:07+00:00,aws:iqm:qpu:emerald,ONLINE,
2026-08-14T18:33:07+00:00,azure:ionq:qpu:forte-1,OFFLINE,
2026-08-14T18:33:07+00:00,ibm:ibm:qpu:kingston,ONLINE,
2026-08-14T18:33:07+00:00,aws:ionq:qpu:forte-1,ONLINE,
2026-08-14T18:33:07+00:00,aws:ionq:qpu:forte-enterprise-1,ONLINE,
2026-08-14T18:33:07+00:00,ionq:ionq:qpu:forte-1,UNAVAILABLE,
2026-08-14T18:33:07+00:00,ibm:ibm:qpu:fez,ONLINE,
2026-08-14T18:33:07+00:00,aws:iqm:qpu:garnet,ONLINE,
2026-08-14T18:33:07+00:00,azure:rigetti:qpu:cepheus-1-36q,OFFLINE,
2026-08-14T18:33:07+00:00,azure:ionq:qpu:forte-enterprise-1,OFFLINE,
2026-08-14T18:33:07+00:00,ibm:ibm:qpu:boston,ONLINE,
2026-08-14T18:33:07+00:00,ibm:ibm:qpu:miami,ONLINE,
2026-08-14T18:33:07+00:00,rigetti:rigetti:qpu:cepheus-1-108q,ONLINE,
2026-08-14T18:33:07+00:00,aws:rigetti:qpu:cepheus-1-108q,ONLINE,
2026-08-14T18:33:07+00:00,openquantum:aqt:qpu:ibex-q1,ONLINE,
2026-08-14T18:33:07+00:00,openquantum:ionq:qpu:forte-1,ONLINE,
2026-08-14T18:33:07+00:00,openquantum:ionq:qpu:forte-enterprise,ONLINE,
2026-08-14T18:33:07+00:00,openquantum:iqm:qpu:emerald,ONLINE,
2026-08-14T18:33:07+00:00,openquantum:iqm:qpu:garnet,ONLINE,
2026-08-14T18:33:07+00:00,openquantum:rigetti:qpu:cepheus-1-108q,ONLINE,
2026-08-14T19:37:14+00:00,aws:aqt:qpu:ibex-q1,UNAVAILABLE,
2026-08-14T19:37:14+00:00,aws:quera:qpu:aquila,ONLINE,
2026-08-14T19:37:14+00:00,ibm:ibm:qpu:marrakesh,ONLINE,
2026-08-14T19:37:14+00:00,ibm:ibm:qpu:pittsburgh,ONLINE,
2026-08-14T19:37:14+00:00,azure:pasqal:qpu:fresnel,OFFLINE,
2026-08-14T19:37:14+00:00,aws:iqm:qpu:emerald,ONLINE,
2026-08-14T19:37:14+00:00,azure:ionq:qpu:forte-1,OFFLINE,
2026-08-14T19:37:14+00:00,ibm:ibm:qpu:kingston,ONLINE,
2026-08-14T19:37:14+00:00,aws:ionq:qpu:forte-1,ONLINE,
2026-08-14T19:37:14+00:00,aws:ionq:qpu:forte-enterprise-1,ONLINE,
2026-08-14T19:37:14+00:00,ionq:ionq:qpu:forte-1,UNAVAILABLE,
2026-08-14T19:37:14+00:00,ibm:ibm:qpu:fez,ONLINE,
2026-08-14T19:37:14+00:00,aws:iqm:qpu:garnet,ONLINE,
2026-08-14T19:37:14+00:00,azure:rigetti:qpu:cepheus-1-36q,OFFLINE,
2026-08-14T19:37:14+00:00,azure:ionq:qpu:forte-enterprise-1,OFFLINE,
2026-08-14T19:37:14+00:00,ibm:ibm:qpu:boston,ONLINE,
2026-08-14T19:37:14+00:00,ibm:ibm:qpu:miami,ONLINE,
2026-08-14T19:37:14+00:00,rigetti:rigetti:qpu:cepheus-1-108q,ONLINE,
2026-08-14T19:37:14+00:00,aws:rigetti:qpu:cepheus-1-108q,UNAVAILABLE,
2026-08-14T19:37:14+00:00,openquantum:aqt:qpu:ibex-q1,ONLINE,
2026-08-14T19:37:14+00:00,openquantum:ionq:qpu:forte-1,ONLINE,
2026-08-14T19:37:14+00:00,openquantum:ionq:qpu:forte-enterprise,ONLINE,
2026-08-14T19:37:14+00:00,openquantum:iqm:qpu:emerald,ONLINE,
2026-08-14T19:37:14+00:00,openquantum:iqm:qpu:garnet,ONLINE,
2026-08-14T19:37:14+00:00,openquantum:rigetti:qpu:cepheus-1-108q,ONLINE,
2026-08-14T20:15:08+00:00,aws:aqt:qpu:ibex-q1,UNAVAILABLE,
2026-08-14T20:15:08+00:00,aws:quera:qpu:aquila,ONLINE,
2026-08-14T20:15:08+00:00,ibm:ibm:qpu:marrakesh,ONLINE,
2026-08-14T20:15:08+00:00,ibm:ibm:qpu:pittsburgh,ONLINE,
2026-08-14T20:15:08+00:00,azure:pasqal:qpu:fresnel,OFFLINE,
2026-08-14T20:15:08+00:00,aws:iqm:qpu:emerald,ONLINE,
2026-08-14T20:15:08+00:00,azure:ionq:qpu:forte-1,OFFLINE,
2026-08-14T20:15:08+00:00,ibm:ibm:qpu:kingston,ONLINE,
2026-08-14T20:15:08+00:00,aws:ionq:qpu:forte-1,ONLINE,
2026-08-14T20:15:08+00:00,aws:ionq:qpu:forte-enterprise-1,ONLINE,
2026-08-14T20:15:08+00:00,ionq:ionq:qpu:forte-1,UNAVAILABLE,
2026-08-14T20:15:08+00:00,ibm:ibm:qpu:fez,ONLINE,
2026-08-14T20:15:08+00:00,aws:iqm:qpu:garnet,ONLINE,
2026-08-14T20:15:08+00:00,azure:rigetti:qpu:cepheus-1-36q,OFFLINE,
2026-08-14T20:15:08+00:00,azure:ionq:qpu:forte-enterprise-1,OFFLINE,
2026-08-14T20:15:08+00:00,ibm:ibm:qpu:boston,ONLINE,
2026-08-14T20:15:08+00:00,ibm:ibm:qpu:miami,ONLINE,
2026-08-14T20:15:08+00:00,rigetti:rigetti:qpu:cepheus-1-108q,ONLINE,
2026-08-14T20:15:08+00:00,aws:rigetti:qpu:cepheus-1-108q,UNAVAILABLE,
2026-08-14T20:15:08+00:00,openquantum:aqt:qpu:ibex-q1,ONLINE,
2026-08-14T20:15:08+00:00,openquantum:ionq:qpu:forte-1,ONLINE,
2026-08-14T20:15:08+00:00,openquantum:ionq:qpu:forte-enterprise,ONLINE,
2026-08-14T20:15:08+00:00,openquantum:iqm:qpu:emerald,ONLINE,
2026-08-14T20:15:08+00:00,openquantum:iqm:qpu:garnet,ONLINE,
2026-08-14T20:15:08+00:00,openquantum:rigetti:qpu:cepheus-1-108q,ONLINE,
2026-08-14T21:02:13+00:00,aws:aqt:qpu:ibex-q1,UNAVAILABLE,
2026-08-14T21:02:13+00:00,aws:quera:qpu:aquila,ONLINE,
2026-08-14T21:02:13+00:00,ibm:ibm:qpu:marrakesh,ONLINE,
2026-08-14T21:02:13+00:00,ibm:ibm:qpu:pittsburgh,ONLINE,
2026-08-14T21:02:13+00:00,azure:pasqal:qpu:fresnel,OFFLINE,
2026-08-14T21:02:13+00:00,aws:iqm:qpu:emerald,ONLINE,
2026-08-14T21:02:13+00:00,azure:ionq:qpu:forte-1,OFFLINE,
2026-08-14T21:02:13+00:00,ibm:ibm:qpu:kingston,ONLINE,
2026-08-14T21:02:13+00:00,aws:ionq:qpu:forte-1,ONLINE,
2026-08-14T21:02:13+00:00,aws:ionq:qpu:forte-enterprise-1,ONLINE,
2026-08-14T21:02:13+00:00,ionq:ionq:qpu:forte-1,ONLINE,
2026-08-14T21:02:13+00:00,ibm:ibm:qpu:fez,ONLINE,
2026-08-14T21:02:13+00:00,aws:iqm:qpu:garnet,ONLINE,
2026-08-14T21:02:13+00:00,azure:rigetti:qpu:cepheus-1-36q,OFFLINE,
2026-08-14T21:02:13+00:00,azure:ionq:qpu:forte-enterprise-1,OFFLINE,
2026-08-14T21:02:13+00:00,ibm:ibm:qpu:boston,ONLINE,
2026-08-14T21:02:13+00:00,ibm:ibm:qpu:miami,ONLINE,
2026-08-14T21:02:13+00:00,rigetti:rigetti:qpu:cepheus-1-108q,ONLINE,
2026-08-14T21:02:13+00:00,aws:rigetti:qpu:cepheus-1-108q,ONLINE,
2026-08-14T21:02:13+00:00,openquantum:aqt:qpu:ibex-q1,ONLINE,
2026-08-14T21:02:13+00:00,openquantum:ionq:qpu:forte-1,ONLINE,
2026-08-14T21:02:13+00:00,openquantum:ionq:qpu:forte-enterprise,ONLINE,
2026-08-14T21:02:13+00:00,openquantum:iqm:qpu:emerald,ONLINE,
2026-08-14T21:02:13+00:00,openquantum:iqm:qpu:garnet,ONLINE,
2026-08-14T21:02:13+00:00,openquantum:rigetti:qpu:cepheus-1-108q,ONLINE,
2026-08-14T21:59:12+00:00,aws:aqt:qpu:ibex-q1,UNAVAILABLE,
2026-08-14T21:59:12+00:00,aws:quera:qpu:aquila,ONLINE,
2026-08-14T21:59:12+00:00,ibm:ibm:qpu:marrakesh,ONLINE,
2026-08-14T21:59:12+00:00,ibm:ibm:qpu:pittsburgh,ONLINE,
2026-08-14T21:59:12+00:00,azure:pasqal:qpu:fresnel,OFFLINE,
2026-08-14T21:59:12+00:00,aws:iqm:qpu:emerald,ONLINE,
2026-08-14T21:59:12+00:00,azure:ionq:qpu:forte-1,OFFLINE,
2026-08-14T21:59:12+00:00,ibm:ibm:qpu:kingston,ONLINE,
2026-08-14T21:59:12+00:00,aws:ionq:qpu:forte-1,ONLINE,
2026-08-14T21:59:12+00:00,aws:ionq:qpu:forte-enterprise-1,ONLINE,
2026-08-14T21:59:12+00:00,ionq:ionq:qpu:forte-1,ONLINE,
2026-08-14T21:59:12+00:00,ibm:ibm:qpu:fez,ONLINE,
2026-08-14T21:59:12+00:00,aws:iqm:qpu:garnet,ONLINE,
2026-08-14T21:59:12+00:00,azure:rigetti:qpu:cepheus-1-36q,OFFLINE,
2026-08-14T21:59:12+00:00,azure:ionq:qpu:forte-enterprise-1,OFFLINE,
2026-08-14T21:59:12+00:00,ibm:ibm:qpu:boston,ONLINE,
2026-08-14T21:59:12+00:00,ibm:ibm:qpu:miami,ONLINE,
2026-08-14T21:59:12+00:00,rigetti:rigetti:qpu:cepheus-1-108q,ONLINE,
2026-08-14T21:59:12+00:00,aws:rigetti:qpu:cepheus-1-108q,ONLINE,
2026-08-14T21:59:12+00:00,openquantum:aqt:qpu:ibex-q1,ONLINE,
2026-08-14T21:59:12+00:00,openquantum:ionq:qpu:forte-1,ONLINE,
2026-08-14T21:59:12+00:00,openquantum:ionq:qpu:forte-enterprise,ONLINE,
2026-08-14T21:59:12+00:00,openquantum:iqm:qpu:emerald,ONLINE,
2026-08-14T21:59:12+00:00,openquantum:iqm:qpu:garnet,ONLINE,
2026-08-14T21:59:12+00:00,openquantum:rigetti:qpu:cepheus-1-108q,ONLINE,
2026-08-14T22:32:49+00:00,aws:aqt:qpu:ibex-q1,UNAVAILABLE,
2026-08-14T22:32:49+00:00,aws:quera:qpu:aquila,ONLINE,
2026-08-14T22:32:49+00:00,ibm:ibm:qpu:marrakesh,ONLINE,
2026-08-14T22:32:49+00:00,ibm:ibm:qpu:pittsburgh,ONLINE,
2026-08-14T22:32:49+00:00,azure:pasqal:qpu:fresnel,OFFLINE,
2026-08-14T22:32:49+00:00,aws:iqm:qpu:emerald,ONLINE,
2026-08-14T22:32:49+00:00,azure:ionq:qpu:forte-1,OFFLINE,
2026-08-14T22:32:49+00:00,ibm:ibm:qpu:kingston,ONLINE,
2026-08-14T22:32:49+00:00,aws:ionq:qpu:forte-1,ONLINE,
2026-08-14T22:32:49+00:00,aws:ionq:qpu:forte-enterprise-1,ONLINE,
2026-08-14T22:32:49+00:00,ionq:ionq:qpu:forte-1,ONLINE,
2026-08-14T22:32:49+00:00,ibm:ibm:qpu:fez,ONLINE,
2026-08-14T22:32:49+00:00,aws:iqm:qpu:garnet,ONLINE,
2026-08-14T22:32:49+00:00,azure:rigetti:qpu:cepheus-1-36q,OFFLINE,
2026-08-14T22:32:49+00:00,azure:ionq:qpu:forte-enterprise-1,OFFLINE,
2026-08-14T22:32:49+00:00,ibm:ibm:qpu:boston,ONLINE,
2026-08-14T22:32:49+00:00,ibm:ibm:qpu:miami,ONLINE,
2026-08-14T22:32:49+00:00,rigetti:rigetti:qpu:cepheus-1-108q,ONLINE,
2026-08-14T22:32:49+00:00,aws:rigetti:qpu:cepheus-1-108q,ONLINE,
2026-08-14T22:32:49+00:00,openquantum:aqt:qpu:ibex-q1,ONLINE,
2026-08-14T22:32:49+00:00,openquantum:ionq:qpu:forte-1,ONLINE,
2026-08-14T22:32:49+00:00,openquantum:ionq:qpu:forte-enterprise,ONLINE,
2026-08-14T22:32:49+00:00,openquantum:iqm:qpu:emerald,ONLINE,
2026-08-14T22:32:49+00:00,openquantum:iqm:qpu:garnet,ONLINE,
2026-08-14T22:32:49+00:00,openquantum:rigetti:qpu:cepheus-1-108q,ONLINE,
2026-08-14T22:59:46+00:00,aws:aqt:qpu:ibex-q1,UNAVAILABLE,
2026-08-14T22:59:46+00:00,aws:quera:qpu:aquila,ONLINE,
2026-08-14T22:59:46+00:00,ibm:ibm:qpu:marrakesh,ONLINE,
2026-08-14T22:59:46+00:00,ibm:ibm:qpu:pittsburgh,ONLINE,
2026-08-14T22:59:46+00:00,azure:pasqal:qpu:fresnel,OFFLINE,
2026-08-14T22:59:46+00:00,aws:iqm:qpu:emerald,ONLINE,
2026-08-14T22:59:46+00:00,azure:ionq:qpu:forte-1,OFFLINE,
2026-08-14T22:59:46+00:00,ibm:ibm:qpu:kingston,ONLINE,
2026-08-14T22:59:46+00:00,aws:ionq:qpu:forte-1,ONLINE,
2026-08-14T22:59:46+00:00,aws:ionq:qpu:forte-enterprise-1,ONLINE,
2026-08-14T22:59:46+00:00,ionq:ionq:qpu:forte-1,ONLINE,
2026-08-14T22:59:46+00:00,ibm:ibm:qpu:fez,ONLINE,
2026-08-14T22:59:46+00:00,aws:iqm:qpu:garnet,ONLINE,
2026-08-14T22:59:46+00:00,azure:rigetti:qpu:cepheus-1-36q,OFFLINE,
2026-08-14T22:59:46+00:00,azure:ionq:qpu:forte-enterprise-1,OFFLINE,
2026-08-14T22:59:46+00:00,ibm:ibm:qpu:boston,ONLINE,
2026-08-14T22:59:46+00:00,ibm:ibm:qpu:miami,ONLINE,
2026-08-14T22:59:46+00:00,rigetti:rigetti:qpu:cepheus-1-108q,ONLINE,
2026-08-14T22:59:46+00:00,aws:rigetti:qpu:cepheus-1-108q,ONLINE,
2026-08-14T22:59:46+00:00,openquantum:aqt:qpu:ibex-q1,ONLINE,
2026-08-14T22:59:46+00:00,openquantum:ionq:qpu:forte-1,ONLINE,
2026-08-14T22:59:46+00:00,openquantum:ionq:qpu:forte-enterprise,ONLINE,
2026-08-14T22:59:46+00:00,openquantum:iqm:qpu:emerald,ONLINE,
2026-08-14T22:59:46+00:00,openquantum:iqm:qpu:garnet,ONLINE,
2026-08-14T22:59:46+00:00,openquantum:rigetti:qpu:cepheus-1-108q,ONLINE,
2026-08-14T23:29:43+00:00,aws:aqt:qpu:ibex-q1,UNAVAILABLE,
2026-08-14T23:29:43+00:00,aws:quera:qpu:aquila,ONLINE,
2026-08-14T23:29:43+00:00,ibm:ibm:qpu:marrakesh,ONLINE,
2026-08-14T23:29:43+00:00,ibm:ibm:qpu:pittsburgh,ONLINE,
2026-08-14T23:29:43+00:00,azure:pasqal:qpu:fresnel,OFFLINE,
2026-08-14T23:29:43+00:00,aws:iqm:qpu:emerald,ONLINE,
2026-08-14T23:29:43+00:00,azure:ionq:qpu:forte-1,OFFLINE,
2026-08-14T23:29:43+00:00,ibm:ibm:qpu:kingston,ONLINE,
2026-08-14T23:29:43+00:00,aws:ionq:qpu:forte-1,ONLINE,
2026-08-14T23:29:43+00:00,aws:ionq:qpu:forte-enterprise-1,ONLINE,
2026-08-14T23:29:43+00:00,ionq:ionq:qpu:forte-1,ONLINE,
2026-08-14T23:29:43+00:00,ibm:ibm:qpu:fez,ONLINE,
2026-08-14T23:29:43+00:00,aws:iqm:qpu:garnet,ONLINE,
2026-08-14T23:29:43+00:00,azure:rigetti:qpu:cepheus-1-36q,OFFLINE,
2026-08-14T23:29:43+00:00,azure:ionq:qpu:forte-enterprise-1,OFFLINE,
2026-08-14T23:29:43+00:00,ibm:ibm:qpu:boston,ONLINE,
2026-08-14T23:29:43+00:00,ibm:ibm:qpu:miami,ONLINE,
2026-08-14T23:29:43+00:00,rigetti:rigetti:qpu:cepheus-1-108q,ONLINE,
2026-08-14T23:29:43+00:00,aws:rigetti:qpu:cepheus-1-108q,ONLINE,
2026-08-14T23:29:43+00:00,openquantum:aqt:qpu:ibex-q1,ONLINE,
2026-08-14T23:29:43+00:00,openquantum:ionq:qpu:forte-1,ONLINE,
2026-08-14T23:29:43+00:00,openquantum:ionq:qpu:forte-enterprise,ONLINE,
2026-08-14T23:29:43+00:00,openquantum:iqm:qpu:emerald,ONLINE,
2026-08-14T23:29:43+00:00,openquantum:iqm:qpu:garnet,ONLINE,
2026-08-14T23:29:43+00:00,openquantum:rigetti:qpu:cepheus-1-108q,ONLINE,
2026-08-14T23:59:25+00:00,aws:aqt:qpu:ibex-q1,UNAVAILABLE,
2026-08-14T23:59:25+00:00,aws:quera:qpu:aquila,ONLINE,
2026-08-14T23:59:25+00:00,ibm:ibm:qpu:marrakesh,ONLINE,
2026-08-14T23:59:25+00:00,ibm:ibm:qpu:pittsburgh,ONLINE,
2026-08-14T23:59:25+00:00,azure:pasqal:qpu:fresnel,OFFLINE,
2026-08-14T23:59:25+00:00,aws:iqm:qpu:emerald,ONLINE,
2026-08-14T23:59:25+00:00,azure:ionq:qpu:forte-1,OFFLINE,
2026-08-14T23:59:25+00:00,ibm:ibm:qpu:kingston,ONLINE,
2026-08-14T23:59:25+00:00,aws:ionq:qpu:forte-1,ONLINE,
2026-08-14T23:59:25+00:00,aws:ionq:qpu:forte-enterprise-1,ONLINE,
2026-08-14T23:59:25+00:00,ionq:ionq:qpu:forte-1,ONLINE,
2026-08-14T23:59:25+00:00,ibm:ibm:qpu:fez,ONLINE,
2026-08-14T23:59:25+00:00,aws:iqm:qpu:garnet,ONLINE,
2026-08-14T23:59:25+00:00,azure:rigetti:qpu:cepheus-1-36q,OFFLINE,
2026-08-14T23:59:25+00:00,azure:ionq:qpu:forte-enterprise-1,OFFLINE,
2026-08-14T23:59:25+00:00,ibm:ibm:qpu:boston,ONLINE,
2026-08-14T23:59:25+00:00,ibm:ibm:qpu:miami,ONLINE,
2026-08-14T23:59:25+00:00,rigetti:rigetti:qpu:cepheus-1-108q,ONLINE,
2026-08-14T23:59:25+00:00,aws:rigetti:qpu:cepheus-1-108q,ONLINE,
2026-08-14T23:59:25+00:00,openquantum:aqt:qpu:ibex-q1,ONLINE,
2026-08-14T23:59:25+00:00,openquantum:ionq:qpu:forte-1,ONLINE,
2026-08-14T23:59:25+00:00,openquantum:ionq:qpu:forte-enterprise,ONLINE,
2026-08-14T23:59:25+00:00,openquantum:iqm:qpu:emerald,ONLINE,
2026-08-14T23:59:25+00:00,openquantum:iqm:qpu:garnet,ONLINE,
2026-08-14T23:59:25+00:00,openquantum:rigetti:qpu:cepheus-1-108q,ONLINE,
2026-08-15T01:44:12+00:00,aws:aqt:qpu:ibex-q1,UNAVAILABLE,
2026-08-15T01:44:12+00:00,aws:quera:qpu:aquila,ONLINE,
2026-08-15T01:44:12+00:00,ibm:ibm:qpu:marrakesh,ONLINE,
2026-08-15T01:44:12+00:00,ibm:ibm:qpu:pittsburgh,ONLINE,
2026-08-15T01:44:12+00:00,azure:pasqal:qpu:fresnel,OFFLINE,
2026-08-15T01:44:12+00:00,aws:iqm:qpu:emerald,UNAVAILABLE,
2026-08-15T01:44:12+00:00,azure:ionq:qpu:forte-1,OFFLINE,
2026-08-15T01:44:12+00:00,ibm:ibm:qpu:kingston,ONLINE,
2026-08-15T01:44:12+00:00,aws:ionq:qpu:forte-1,ONLINE,
2026-08-15T01:44:12+00:00,aws:ionq:qpu:forte-enterprise-1,ONLINE,
2026-08-15T01:44:12+00:00,ionq:ionq:qpu:forte-1,ONLINE,
2026-08-15T01:44:12+00:00,ibm:ibm:qpu:fez,ONLINE,
2026-08-15T01:44:12+00:00,aws:iqm:qpu:garnet,UNAVAILABLE,
2026-08-15T01:44:12+00:00,azure:rigetti:qpu:cepheus-1-36q,OFFLINE,
2026-08-15T01:44:12+00:00,azure:ionq:qpu:forte-enterprise-1,OFFLINE,
2026-08-15T01:44:12+00:00,ibm:ibm:qpu:boston,ONLINE,
2026-08-15T01:44:12+00:00,ibm:ibm:qpu:miami,ONLINE,
2026-08-15T01:44:12+00:00,rigetti:rigetti:qpu:cepheus-1-108q,ONLINE,
2026-08-15T01:44:12+00:00,aws:rigetti:qpu:cepheus-1-108q,ONLINE,
2026-08-15T01:44:12+00:00,openquantum:aqt:qpu:ibex-q1,ONLINE,
2026-08-15T01:44:12+00:00,openquantum:ionq:qpu:forte-1,ONLINE,
2026-08-15T01:44:12+00:00,openquantum:ionq:qpu:forte-enterprise,ONLINE,
2026-08-15T01:44:12+00:00,openquantum:iqm:qpu:emerald,ONLINE,
2026-08-15T01:44:12+00:00,openquantum:iqm:qpu:garnet,ONLINE,
2026-08-15T01:44:12+00:00,openquantum:rigetti:qpu:cepheus-1-108q,ONLINE,
2026-08-15T02:39:22+00:00,aws:aqt:qpu:ibex-q1,UNAVAILABLE,
2026-08-15T02:39:22+00:00,aws:quera:qpu:aquila,ONLINE,
2026-08-15T02:39:22+00:00,ibm:ibm:qpu:marrakesh,ONLINE,
2026-08-15T02:39:22+00:00,ibm:ibm:qpu:pittsburgh,ONLINE,
2026-08-15T02:39:22+00:00,azure:pasqal:qpu:fresnel,OFFLINE,
2026-08-15T02:39:22+00:00,aws:iqm:qpu:emerald,UNAVAILABLE,
2026-08-15T02:39:22+00:00,azure:ionq:qpu:forte-1,OFFLINE,
2026-08-15T02:39:22+00:00,ibm:ibm:qpu:kingston,ONLINE,
2026-08-15T02:39:22+00:00,aws:ionq:qpu:forte-1,ONLINE,
2026-08-15T02:39:22+00:00,aws:ionq:qpu:forte-enterprise-1,ONLINE,
2026-08-15T02:39:22+00:00,ionq:ionq:qpu:forte-1,ONLINE,
2026-08-15T02:39:22+00:00,ibm:ibm:qpu:fez,ONLINE,
2026-08-15T02:39:22+00:00,aws:iqm:qpu:garnet,UNAVAILABLE,
2026-08-15T02:39:22+00:00,azure:rigetti:qpu:cepheus-1-36q,OFFLINE,
2026-08-15T02:39:22+00:00,azure:ionq:qpu:forte-enterprise-1,OFFLINE,
2026-08-15T02:39:22+00:00,ibm:ibm:qpu:boston,ONLINE,
2026-08-15T02:39:22+00:00,ibm:ibm:qpu:miami,ONLINE,
2026-08-15T02:39:22+00:00,rigetti:rigetti:qpu:cepheus-1-108q,ONLINE,
2026-08-15T02:39:22+00:00,aws:rigetti:qpu:cepheus-1-108q,ONLINE,
2026-08-15T02:39:22+00:00,openquantum:aqt:qpu:ibex-q1,ONLINE,
2026-08-15T02:39:22+00:00,openquantum:ionq:qpu:forte-1,ONLINE,
2026-08-15T02:39:22+00:00,openquantum:ionq:qpu:forte-enterprise,ONLINE,
2026-08-15T02:39:22+00:00,openquantum:iqm:qpu:emerald,ONLINE,
2026-08-15T02:39:22+00:00,openquantum:iqm:qpu:garnet,ONLINE,
2026-08-15T02:39:22+00:00,openquantum:rigetti:qpu:cepheus-1-108q,ONLINE,
2026-08-15T03:22:59+00:00,aws:aqt:qpu:ibex-q1,UNAVAILABLE,
2026-08-15T03:22:59+00:00,aws:quera:qpu:aquila,ONLINE,
2026-08-15T03:22:59+00:00,ibm:ibm:qpu:marrakesh,ONLINE,
2026-08-15T03:22:59+00:00,ibm:ibm:qpu:pittsburgh,ONLINE,
2026-08-15T03:22:59+00:00,azure:pasqal:qpu:fresnel,OFFLINE,
2026-08-15T03:22:59+00:00,aws:iqm:qpu:emerald,UNAVAILABLE,
2026-08-15T03:22:59+00:00,azure:ionq:qpu:forte-1,OFFLINE,
2026-08-15T03:22:59+00:00,ibm:ibm:qpu:kingston,ONLINE,
2026-08-15T03:22:59+00:00,aws:ionq:qpu:forte-1,ONLINE,
2026-08-15T03:22:59+00:00,aws:ionq:qpu:forte-enterprise-1,ONLINE,
2026-08-15T03:22:59+00:00,ionq:ionq:qpu:forte-1,ONLINE,
2026-08-15T03:22:59+00:00,ibm:ibm:qpu:fez,ONLINE,
2026-08-15T03:22:59+00:00,aws:iqm:qpu:garnet,UNAVAILABLE,
2026-08-15T03:22:59+00:00,azure:rigetti:qpu:cepheus-1-36q,OFFLINE,
2026-08-15T03:22:59+00:00,azure:ionq:qpu:forte-enterprise-1,OFFLINE,
2026-08-15T03:22:59+00:00,ibm:ibm:qpu:boston,ONLINE,
2026-08-15T03:22:59+00:00,ibm:ibm:qpu:miami,ONLINE,
2026-08-15T03:22:59+00:00,rigetti:rigetti:qpu:cepheus-1-108q,ONLINE,
2026-08-15T03:22:59+00:00,aws:rigetti:qpu:cepheus-1-108q,ONLINE,
2026-08-15T03:22:59+00:00,openquantum:aqt:qpu:ibex-q1,ONLINE,
2026-08-15T03:22:59+00:00,openquantum:ionq:qpu:forte-1,ONLINE,
2026-08-15T03:22:59+00:00,openquantum:ionq:qpu:forte-enterprise,ONLINE,
2026-08-15T03:22:59+00:00,openquantum:iqm:qpu:emerald,ONLINE,
2026-08-15T03:22:59+00:00,openquantum:iqm:qpu:garnet,ONLINE,
2026-08-15T03:22:59+00:00,openquantum:rigetti:qpu:cepheus-1-108q,ONLINE,
2026-08-15T04:13:59+00:00,aws:aqt:qpu:ibex-q1,UNAVAILABLE,
2026-08-15T04:13:59+00:00,aws:quera:qpu:aquila,ONLINE,
2026-08-15T04:13:59+00:00,ibm:ibm:qpu:marrakesh,ONLINE,
2026-08-15T04:13:59+00:00,ibm:ibm:qpu:pittsburgh,ONLINE,
2026-08-15T04:13:59+00:00,azure:pasqal:qpu:fresnel,OFFLINE,
2026-08-15T04:13:59+00:00,aws:iqm:qpu:emerald,UNAVAILABLE,
2026-08-15T04:13:59+00:00,azure:ionq:qpu:forte-1,OFFLINE,
2026-08-15T04:13:59+00:00,ibm:ibm:qpu:kingston,ONLINE,
2026-08-15T04:13:59+00:00,aws:ionq:qpu:forte-1,ONLINE,
2026-08-15T04:13:59+00:00,aws:ionq:qpu:forte-enterprise-1,ONLINE,
2026-08-15T04:13:59+00:00,ionq:ionq:qpu:forte-1,ONLINE,
2026-08-15T04:13:59+00:00,ibm:ibm:qpu:fez,ONLINE,
2026-08-15T04:13:59+00:00,aws:iqm:qpu:garnet,UNAVAILABLE,
2026-08-15T04:13:59+00:00,azure:rigetti:qpu:cepheus-1-36q,OFFLINE,
2026-08-15T04:13:59+00:00,azure:ionq:qpu:forte-enterprise-1,OFFLINE,
2026-08-15T04:13:59+00:00,ibm:ibm:qpu:boston,ONLINE,
2026-08-15T04:13:59+00:00,ibm:ibm:qpu:miami,ONLINE,
2026-08-15T04:13:59+00:00,rigetti:rigetti:qpu:cepheus-1-108q,ONLINE,
2026-08-15T04:13:59+00:00,aws:rigetti:qpu:cepheus-1-108q,ONLINE,
2026-08-15T04:13:59+00:00,openquantum:aqt:qpu:ibex-q1,ONLINE,
2026-08-15T04:13:59+00:00,openquantum:ionq:qpu:forte-1,ONLINE,
2026-08-15T04:13:59+00:00,openquantum:ionq:qpu:forte-enterprise,ONLINE,
2026-08-15T04:13:59+00:00,openquantum:iqm:qpu:emerald,ONLINE,
2026-08-15T04:13:59+00:00,openquantum:iqm:qpu:garnet,ONLINE,
2026-08-15T04:13:59+00:00,openquantum:rigetti:qpu:cepheus-1-108q,ONLINE,
2026-08-15T05:02:29+00:00,aws:aqt:qpu:ibex-q1,UNAVAILABLE,
2026-08-15T05:02:29+00:00,aws:quera:qpu:aquila,ONLINE,
2026-08-15T05:02:29+00:00,ibm:ibm:qpu:marrakesh,ONLINE,
2026-08-15T05:02:29+00:00,ibm:ibm:qpu:pittsburgh,ONLINE,
2026-08-15T05:02:29+00:00,azure:pasqal:qpu:fresnel,OFFLINE,
2026-08-15T05:02:29+00:00,aws:iqm:qpu:emerald,UNAVAILABLE,
2026-08-15T05:02:29+00:00,azure:ionq:qpu:forte-1,OFFLINE,
2026-08-15T05:02:29+00:00,ibm:ibm:qpu:kingston,ONLINE,
2026-08-15T05:02:29+00:00,aws:ionq:qpu:forte-1,ONLINE,
2026-08-15T05:02:29+00:00,aws:ionq:qpu:forte-enterprise-1,ONLINE,
2026-08-15T05:02:29+00:00,ionq:ionq:qpu:forte-1,ONLINE,
2026-08-15T05:02:29+00:00,ibm:ibm:qpu:fez,ONLINE,
2026-08-15T05:02:29+00:00,aws:iqm:qpu:garnet,UNAVAILABLE,
2026-08-15T05:02:29+00:00,azure:rigetti:qpu:cepheus-1-36q,OFFLINE,
2026-08-15T05:02:29+00:00,azure:ionq:qpu:forte-enterprise-1,OFFLINE,
2026-08-15T05:02:29+00:00,ibm:ibm:qpu:boston,ONLINE,
2026-08-15T05:02:29+00:00,ibm:ibm:qpu:miami,ONLINE,
2026-08-15T05:02:29+00:00,rigetti:rigetti:qpu:cepheus-1-108q,ONLINE,
2026-08-15T05:02:29+00:00,aws:rigetti:qpu:cepheus-1-108q,ONLINE,
2026-08-15T05:02:29+00:00,openquantum:aqt:qpu:ibex-q1,ONLINE,
2026-08-15T05:02:29+00:00,openquantum:ionq:qpu:forte-1,ONLINE,
2026-08-15T05:02:29+00:00,openquantum:ionq:qpu:forte-enterprise,ONLINE,
2026-08-15T05:02:29+00:00,openquantum:iqm:qpu:emerald,ONLINE,
2026-08-15T05:02:29+00:00,openquantum:iqm:qpu:garnet,ONLINE,
2026-08-15T05:02:29+00:00,openquantum:rigetti:qpu:cepheus-1-108q,ONLINE,
2026-08-15T06:00:20+00:00,aws:aqt:qpu:ibex-q1,UNAVAILABLE,
2026-08-15T06:00:20+00:00,aws:quera:qpu:aquila,ONLINE,
2026-08-15T06:00:20+00:00,ibm:ibm:qpu:marrakesh,ONLINE,
2026-08-15T06:00:20+00:00,ibm:ibm:qpu:pittsburgh,ONLINE,
2026-08-15T06:00:20+00:00,azure:pasqal:qpu:fresnel,OFFLINE,
2026-08-15T06:00:20+00:00,aws:iqm:qpu:emerald,UNAVAILABLE,
2026-08-15T06:00:20+00:00,azure:ionq:qpu:forte-1,OFFLINE,
2026-08-15T06:00:20+00:00,ibm:ibm:qpu:kingston,ONLINE,
2026-08-15T06:00:20+00:00,aws:ionq:qpu:forte-1,ONLINE,
2026-08-15T06:00:20+00:00,aws:ionq:qpu:forte-enterprise-1,ONLINE,
2026-08-15T06:00:20+00:00,ionq:ionq:qpu:forte-1,ONLINE,
2026-08-15T06:00:20+00:00,ibm:ibm:qpu:fez,ONLINE,
2026-08-15T06:00:20+00:00,aws:iqm:qpu:garnet,UNAVAILABLE,
2026-08-15T06:00:20+00:00,azure:rigetti:qpu:cepheus-1-36q,OFFLINE,
2026-08-15T06:00:20+00:00,azure:ionq:qpu:forte-enterprise-1,OFFLINE,
2026-08-15T06:00:20+00:00,ibm:ibm:qpu:boston,ONLINE,
2026-08-15T06:00:20+00:00,ibm:ibm:qpu:miami,ONLINE,
2026-08-15T06:00:20+00:00,rigetti:rigetti:qpu:cepheus-1-108q,ONLINE,
2026-08-15T06:00:20+00:00,aws:rigetti:qpu:cepheus-1-108q,ONLINE,
2026-08-15T06:00:20+00:00,openquantum:aqt:qpu:ibex-q1,ONLINE,
2026-08-15T06:00:20+00:00,openquantum:ionq:qpu:forte-1,ONLINE,
2026-08-15T06:00:20+00:00,openquantum:ionq:qpu:forte-enterprise,ONLINE,
2026-08-15T06:00:20+00:00,openquantum:iqm:qpu:emerald,ONLINE,
2026-08-15T06:00:20+00:00,openquantum:iqm:qpu:garnet,ONLINE,
2026-08-15T06:00:20+00:00,openquantum:rigetti:qpu:cepheus-1-108q,ONLINE,
2026-08-15T07:16:31+00:00,aws:aqt:qpu:ibex-q1,UNAVAILABLE,
2026-08-15T07:16:31+00:00,aws:quera:qpu:aquila,ONLINE,
2026-08-15T07:16:31+00:00,ibm:ibm:qpu:marrakesh,ONLINE,
2026-08-15T07:16:31+00:00,ibm:ibm:qpu:pittsburgh,ONLINE,
2026-08-15T07:16:31+00:00,azure:pasqal:qpu:fresnel,OFFLINE,
2026-08-15T07:16:31+00:00,aws:iqm:qpu:emerald,UNAVAILABLE,
2026-08-15T07:16:31+00:00,azure:ionq:qpu:forte-1,OFFLINE,
2026-08-15T07:16:31+00:00,ibm:ibm:qpu:kingston,ONLINE,
2026-08-15T07:16:31+00:00,aws:ionq:qpu:forte-1,ONLINE,
2026-08-15T07:16:31+00:00,aws:ionq:qpu:forte-enterprise-1,ONLINE,
2026-08-15T07:16:31+00:00,ionq:ionq:qpu:forte-1,ONLINE,
2026-08-15T07:16:31+00:00,ibm:ibm:qpu:fez,ONLINE,
2026-08-15T07:16:31+00:00,aws:iqm:qpu:garnet,UNAVAILABLE,
2026-08-15T07:16:31+00:00,azure:rigetti:qpu:cepheus-1-36q,OFFLINE,
2026-08-15T07:16:31+00:00,azure:ionq:qpu:forte-enterprise-1,OFFLINE,
2026-08-15T07:16:31+00:00,ibm:ibm:qpu:boston,ONLINE,
2026-08-15T07:16:31+00:00,ibm:ibm:qpu:miami,ONLINE,
2026-08-15T07:16:31+00:00,rigetti:rigetti:qpu:cepheus-1-108q,ONLINE,
2026-08-15T07:16:31+00:00,aws:rigetti:qpu:cepheus-1-108q,UNAVAILABLE,
2026-08-15T07:16:31+00:00,openquantum:aqt:qpu:ibex-q1,ONLINE,
2026-08-15T07:16:31+00:00,openquantum:ionq:qpu:forte-1,ONLINE,
2026-08-15T07:16:31+00:00,openquantum:ionq:qpu:forte-enterprise,ONLINE,
2026-08-15T07:16:31+00:00,openquantum:iqm:qpu:emerald,ONLINE,
2026-08-15T07:16:31+00:00,openquantum:iqm:qpu:garnet,ONLINE,
2026-08-15T07:16:31+00:00,openquantum:rigetti:qpu:cepheus-1-108q,ONLINE,
2026-08-15T07:59:17+00:00,aws:aqt:qpu:ibex-q1,UNAVAILABLE,
2026-08-15T07:59:17+00:00,aws:quera:qpu:aquila,ONLINE,
2026-08-15T07:59:17+00:00,ibm:ibm:qpu:marrakesh,ONLINE,
2026-08-15T07:59:17+00:00,ibm:ibm:qpu:pittsburgh,ONLINE,
2026-08-15T07:59:17+00:00,azure:pasqal:qpu:fresnel,OFFLINE,
2026-08-15T07:59:17+00:00,aws:iqm:qpu:emerald,UNAVAILABLE,
2026-08-15T07:59:17+00:00,azure:ionq:qpu:forte-1,OFFLINE,
2026-08-15T07:59:17+00:00,ibm:ibm:qpu:kingston,ONLINE,
2026-08-15T07:59:17+00:00,aws:ionq:qpu:forte-1,ONLINE,
2026-08-15T07:59:17+00:00,aws:ionq:qpu:forte-enterprise-1,ONLINE,
2026-08-15T07:59:17+00:00,ionq:ionq:qpu:forte-1,ONLINE,
2026-08-15T07:59:17+00:00,ibm:ibm:qpu:fez,ONLINE,
2026-08-15T07:59:17+00:00,aws:iqm:qpu:garnet,UNAVAILABLE,
2026-08-15T07:59:17+00:00,azure:rigetti:qpu:cepheus-1-36q,OFFLINE,
2026-08-15T07:59:17+00:00,azure:ionq:qpu:forte-enterprise-1,OFFLINE,
2026-08-15T07:59:17+00:00,ibm:ibm:qpu:boston,ONLINE,
2026-08-15T07:59:17+00:00,ibm:ibm:qpu:miami,ONLINE,
2026-08-15T07:59:17+00:00,rigetti:rigetti:qpu:cepheus-1-108q,ONLINE,
2026-08-15T07:59:17+00:00,aws:rigetti:qpu:cepheus-1-108q,UNAVAILABLE,
2026-08-15T07:59:17+00:00,openquantum:aqt:qpu:ibex-q1,ONLINE,
2026-08-15T07:59:17+00:00,openquantum:ionq:qpu:forte-1,ONLINE,
2026-08-15T07:59:17+00:00,openquantum:ionq:qpu:forte-enterprise,ONLINE,
2026-08-15T07:59:17+00:00,openquantum:iqm:qpu:emerald,ONLINE,
2026-08-15T07:59:17+00:00,openquantum:iqm:qpu:garnet,ONLINE,
2026-08-15T07:59:17+00:00,openquantum:rigetti:qpu:cepheus-1-108q,ONLINE,
2026-08-15T08:39:07+00:00,aws:aqt:qpu:ibex-q1,UNAVAILABLE,
2026-08-15T08:39:07+00:00,aws:quera:qpu:aquila,ONLINE,
2026-08-15T08:39:07+00:00,ibm:ibm:qpu:marrakesh,ONLINE,
2026-08-15T08:39:07+00:00,ibm:ibm:qpu:pittsburgh,ONLINE,
2026-08-15T08:39:07+00:00,azure:pasqal:qpu:fresnel,OFFLINE,
2026-08-15T08:39:07+00:00,aws:iqm:qpu:emerald,UNAVAILABLE,
2026-08-15T08:39:07+00:00,azure:ionq:qpu:forte-1,OFFLINE,
2026-08-15T08:39:07+00:00,ibm:ibm:qpu:kingston,ONLINE,
2026-08-15T08:39:07+00:00,aws:ionq:qpu:forte-1,ONLINE,
2026-08-15T08:39:07+00:00,aws:ionq:qpu:forte-enterprise-1,ONLINE,
2026-08-15T08:39:07+00:00,ionq:ionq:qpu:forte-1,ONLINE,
2026-08-15T08:39:07+00:00,ibm:ibm:qpu:fez,ONLINE,
2026-08-15T08:39:07+00:00,aws:iqm:qpu:garnet,UNAVAILABLE,
2026-08-15T08:39:07+00:00,azure:rigetti:qpu:cepheus-1-36q,OFFLINE,
2026-08-15T08:39:07+00:00,azure:ionq:qpu:forte-enterprise-1,OFFLINE,
2026-08-15T08:39:07+00:00,ibm:ibm:qpu:boston,ONLINE,
2026-08-15T08:39:07+00:00,ibm:ibm:qpu:miami,ONLINE,
2026-08-15T08:39:07+00:00,rigetti:rigetti:qpu:cepheus-1-108q,ONLINE,
2026-08-15T08:39:07+00:00,aws:rigetti:qpu:cepheus-1-108q,UNAVAILABLE,
2026-08-15T08:39:07+00:00,openquantum:aqt:qpu:ibex-q1,ONLINE,
2026-08-15T08:39:07+00:00,openquantum:ionq:qpu:forte-1,ONLINE,
2026-08-15T08:39:07+00:00,openquantum:ionq:qpu:forte-enterprise,ONLINE,
2026-08-15T08:39:07+00:00,openquantum:iqm:qpu:emerald,ONLINE,
2026-08-15T08:39:07+00:00,openquantum:iqm:qpu:garnet,ONLINE,
2026-08-15T08:39:07+00:00,openquantum:rigetti:qpu:cepheus-1-108q,ONLINE,
2026-08-15T09:02:35+00:00,aws:aqt:qpu:ibex-q1,UNAVAILABLE,
2026-08-15T09:02:35+00:00,aws:quera:qpu:aquila,ONLINE,
2026-08-15T09:02:35+00:00,ibm:ibm:qpu:marrakesh,ONLINE,
2026-08-15T09:02:35+00:00,ibm:ibm:qpu:pittsburgh,ONLINE,
2026-08-15T09:02:35+00:00,azure:pasqal:qpu:fresnel,OFFLINE,
2026-08-15T09:02:35+00:00,aws:iqm:qpu:emerald,UNAVAILABLE,
2026-08-15T09:02:35+00:00,azure:ionq:qpu:forte-1,OFFLINE,
2026-08-15T09:02:35+00:00,ibm:ibm:qpu:kingston,ONLINE,
2026-08-15T09:02:35+00:00,aws:ionq:qpu:forte-1,ONLINE,
2026-08-15T09:02:35+00:00,aws:ionq:qpu:forte-enterprise-1,ONLINE,
2026-08-15T09:02:35+00:00,ionq:ionq:qpu:forte-1,ONLINE,
2026-08-15T09:02:35+00:00,ibm:ibm:qpu:fez,ONLINE,
2026-08-15T09:02:35+00:00,aws:iqm:qpu:garnet,UNAVAILABLE,
2026-08-15T09:02:35+00:00,azure:rigetti:qpu:cepheus-1-36q,OFFLINE,
2026-08-15T09:02:35+00:00,azure:ionq:qpu:forte-enterprise-1,OFFLINE,
2026-08-15T09:02:35+00:00,ibm:ibm:qpu:boston,ONLINE,
2026-08-15T09:02:35+00:00,ibm:ibm:qpu:miami,ONLINE,
2026-08-15T09:02:35+00:00,rigetti:rigetti:qpu:cepheus-1-108q,ONLINE,
2026-08-15T09:02:35+00:00,aws:rigetti:qpu:cepheus-1-108q,ONLINE,
2026-08-15T09:02:35+00:00,openquantum:aqt:qpu:ibex-q1,ONLINE,
2026-08-15T09:02:35+00:00,openquantum:ionq:qpu:forte-1,ONLINE,
2026-08-15T09:02:35+00:00,openquantum:ionq:qpu:forte-enterprise,ONLINE,
2026-08-15T09:02:35+00:00,openquantum:iqm:qpu:emerald,ONLINE,
2026-08-15T09:02:35+00:00,openquantum:iqm:qpu:garnet,ONLINE,
2026-08-15T09:02:35+00:00,openquantum:rigetti:qpu:cepheus-1-108q,ONLINE,
2026-08-15T09:58:52+00:00,aws:aqt:qpu:ibex-q1,UNAVAILABLE,
2026-08-15T09:58:52+00:00,aws:quera:qpu:aquila,ONLINE,
2026-08-15T09:58:52+00:00,ibm:ibm:qpu:marrakesh,ONLINE,
2026-08-15T09:58:52+00:00,ibm:ibm:qpu:pittsburgh,ONLINE,
2026-08-15T09:58:52+00:00,azure:pasqal:qpu:fresnel,OFFLINE,
2026-08-15T09:58:52+00:00,aws:iqm:qpu:emerald,UNAVAILABLE,
2026-08-15T09:58:52+00:00,azure:ionq:qpu:forte-1,OFFLINE,
2026-08-15T09:58:52+00:00,ibm:ibm:qpu:kingston,ONLINE,
2026-08-15T09:58:52+00:00,aws:ionq:qpu:forte-1,ONLINE,
2026-08-15T09:58:52+00:00,aws:ionq:qpu:forte-enterprise-1,ONLINE,
2026-08-15T09:58:52+00:00,ionq:ionq:qpu:forte-1,ONLINE,
2026-08-15T09:58:52+00:00,ibm:ibm:qpu:fez,ONLINE,
2026-08-15T09:58:52+00:00,aws:iqm:qpu:garnet,UNAVAILABLE,
2026-08-15T09:58:52+00:00,azure:rigetti:qpu:cepheus-1-36q,OFFLINE,
2026-08-15T09:58:52+00:00,azure:ionq:qpu:forte-enterprise-1,OFFLINE,
2026-08-15T09:58:52+00:00,ibm:ibm:qpu:boston,ONLINE,
2026-08-15T09:58:52+00:00,ibm:ibm:qpu:miami,ONLINE,
2026-08-15T09:58:52+00:00,rigetti:rigetti:qpu:cepheus-1-108q,ONLINE,
2026-08-15T09:58:52+00:00,aws:rigetti:qpu:cepheus-1-108q,ONLINE,
2026-08-15T09:58:52+00:00,openquantum:aqt:qpu:ibex-q1,ONLINE,
2026-08-15T09:58:52+00:00,openquantum:ionq:qpu:forte-1,ONLINE,
2026-08-15T09:58:52+00:00,openquantum:ionq:qpu:forte-enterprise,ONLINE,
2026-08-15T09:58:52+00:00,openquantum:iqm:qpu:emerald,ONLINE,
2026-08-15T09:58:52+00:00,openquantum:iqm:qpu:garnet,ONLINE,
2026-08-15T09:58:52+00:00,openquantum:rigetti:qpu:cepheus-1-108q,ONLINE,
2026-08-15T10:30:36+00:00,aws:aqt:qpu:ibex-q1,UNAVAILABLE,
2026-08-15T10:30:36+00:00,aws:quera:qpu:aquila,ONLINE,
2026-08-15T10:30:36+00:00,ibm:ibm:qpu:marrakesh,ONLINE,
2026-08-15T10:30:36+00:00,ibm:ibm:qpu:pittsburgh,ONLINE,
2026-08-15T10:30:36+00:00,azure:pasqal:qpu:fresnel,OFFLINE,
2026-08-15T10:30:36+00:00,aws:iqm:qpu:emerald,UNAVAILABLE,
2026-08-15T10:30:36+00:00,azure:ionq:qpu:forte-1,OFFLINE,
2026-08-15T10:30:36+00:00,ibm:ibm:qpu:kingston,ONLINE,
2026-08-15T10:30:36+00:00,aws:ionq:qpu:forte-1,ONLINE,
2026-08-15T10:30:36+00:00,aws:ionq:qpu:forte-enterprise-1,ONLINE,
2026-08-15T10:30:36+00:00,ionq:ionq:qpu:forte-1,ONLINE,
2026-08-15T10:30:36+00:00,ibm:ibm:qpu:fez,ONLINE,
2026-08-15T10:30:36+00:00,aws:iqm:qpu:garnet,UNAVAILABLE,
2026-08-15T10:30:36+00:00,azure:rigetti:qpu:cepheus-1-36q,OFFLINE,
2026-08-15T10:30:36+00:00,azure:ionq:qpu:forte-enterprise-1,OFFLINE,
2026-08-15T10:30:36+00:00,ibm:ibm:qpu:boston,ONLINE,
2026-08-15T10:30:36+00:00,ibm:ibm:qpu:miami,ONLINE,
2026-08-15T10:30:36+00:00,rigetti:rigetti:qpu:cepheus-1-108q,ONLINE,
2026-08-15T10:30:36+00:00,aws:rigetti:qpu:cepheus-1-108q,ONLINE,
2026-08-15T10:30:36+00:00,openquantum:aqt:qpu:ibex-q1,ONLINE,
2026-08-15T10:30:36+00:00,openquantum:ionq:qpu:forte-1,ONLINE,
2026-08-15T10:30:36+00:00,openquantum:ionq:qpu:forte-enterprise,ONLINE,
2026-08-15T10:30:36+00:00,openquantum:iqm:qpu:emerald,ONLINE,
2026-08-15T10:30:36+00:00,openquantum:iqm:qpu:garnet,ONLINE,
2026-08-15T10:30:36+00:00,openquantum:rigetti:qpu:cepheus-1-108q,ONLINE,
2026-08-15T10:58:10+00:00,aws:aqt:qpu:ibex-q1,UNAVAILABLE,
2026-08-15T10:58:10+00:00,aws:quera:qpu:aquila,ONLINE,
2026-08-15T10:58:10+00:00,ibm:ibm:qpu:marrakesh,ONLINE,
2026-08-15T10:58:10+00:00,ibm:ibm:qpu:pittsburgh,ONLINE,
2026-08-15T10:58:10+00:00,azure:pasqal:qpu:fresnel,OFFLINE,
2026-08-15T10:58:10+00:00,aws:iqm:qpu:emerald,UNAVAILABLE,
2026-08-15T10:58:10+00:00,azure:ionq:qpu:forte-1,OFFLINE,
2026-08-15T10:58:10+00:00,ibm:ibm:qpu:kingston,ONLINE,
2026-08-15T10:58:10+00:00,aws:ionq:qpu:forte-1,ONLINE,
2026-08-15T10:58:10+00:00,aws:ionq:qpu:forte-enterprise-1,ONLINE,
2026-08-15T10:58:10+00:00,ionq:ionq:qpu:forte-1,ONLINE,
2026-08-15T10:58:10+00:00,ibm:ibm:qpu:fez,ONLINE,
2026-08-15T10:58:10+00:00,aws:iqm:qpu:garnet,UNAVAILABLE,
2026-08-15T10:58:10+00:00,azure:rigetti:qpu:cepheus-1-36q,OFFLINE,
2026-08-15T10:58:10+00:00,azure:ionq:qpu:forte-enterprise-1,OFFLINE,
2026-08-15T10:58:10+00:00,ibm:ibm:qpu:boston,ONLINE,
2026-08-15T10:58:10+00:00,ibm:ibm:qpu:miami,ONLINE,
2026-08-15T10:58:10+00:00,rigetti:rigetti:qpu:cepheus-1-108q,ONLINE,
2026-08-15T10:58:10+00:00,aws:rigetti:qpu:cepheus-1-108q,ONLINE,
2026-08-15T10:58:10+00:00,openquantum:aqt:qpu:ibex-q1,ONLINE,
2026-08-15T10:58:10+00:00,openquantum:ionq:qpu:forte-1,ONLINE,
2026-08-15T10:58:10+00:00,openquantum:ionq:qpu:forte-enterprise,ONLINE,
2026-08-15T10:58:10+00:00,openquantum:iqm:qpu:emerald,ONLINE,
2026-08-15T10:58:10+00:00,openquantum:iqm:qpu:garnet,ONLINE,
2026-08-15T10:58:10+00:00,openquantum:rigetti:qpu:cepheus-1-108q,ONLINE,
2026-08-15T11:27:36+00:00,aws:aqt:qpu:ibex-q1,UNAVAILABLE,
2026-08-15T11:27:36+00:00,aws:quera:qpu:aquila,ONLINE,
2026-08-15T11:27:36+00:00,ibm:ibm:qpu:marrakesh,ONLINE,
2026-08-15T11:27:36+00:00,ibm:ibm:qpu:pittsburgh,ONLINE,
2026-08-15T11:27:36+00:00,azure:pasqal:qpu:fresnel,OFFLINE,
2026-08-15T11:27:36+00:00,aws:iqm:qpu:emerald,UNAVAILABLE,
2026-08-15T11:27:36+00:00,azure:ionq:qpu:forte-1,OFFLINE,
2026-08-15T11:27:36+00:00,ibm:ibm:qpu:kingston,ONLINE,
2026-08-15T11:27:36+00:00,aws:ionq:qpu:forte-1,ONLINE,
2026-08-15T11:27:36+00:00,aws:ionq:qpu:forte-enterprise-1,ONLINE,
2026-08-15T11:27:36+00:00,ionq:ionq:qpu:forte-1,ONLINE,
2026-08-15T11:27:36+00:00,ibm:ibm:qpu:fez,ONLINE,
2026-08-15T11:27:36+00:00,aws:iqm:qpu:garnet,UNAVAILABLE,
2026-08-15T11:27:36+00:00,azure:rigetti:qpu:cepheus-1-36q,OFFLINE,
2026-08-15T11:27:36+00:00,azure:ionq:qpu:forte-enterprise-1,OFFLINE,
2026-08-15T11:27:36+00:00,ibm:ibm:qpu:boston,ONLINE,
2026-08-15T11:27:36+00:00,ibm:ibm:qpu:miami,ONLINE,
2026-08-15T11:27:36+00:00,rigetti:rigetti:qpu:cepheus-1-108q,ONLINE,
2026-08-15T11:27:36+00:00,aws:rigetti:qpu:cepheus-1-108q,ONLINE,
2026-08-15T11:27:36+00:00,openquantum:aqt:qpu:ibex-q1,ONLINE,
2026-08-15T11:27:36+00:00,openquantum:ionq:qpu:forte-1,ONLINE,
2026-08-15T11:27:36+00:00,openquantum:ionq:qpu:forte-enterprise,ONLINE,
2026-08-15T11:27:36+00:00,openquantum:iqm:qpu:emerald,ONLINE,
2026-08-15T11:27:36+00:00,openquantum:iqm:qpu:garnet,ONLINE,
2026-08-15T11:27:36+00:00,openquantum:rigetti:qpu:cepheus-1-108q,ONLINE,
2026-08-15T11:57:05+00:00,aws:aqt:qpu:ibex-q1,UNAVAILABLE,
2026-08-15T11:57:05+00:00,aws:quera:qpu:aquila,ONLINE,
2026-08-15T11:57:05+00:00,ibm:ibm:qpu:marrakesh,ONLINE,
2026-08-15T11:57:05+00:00,ibm:ibm:qpu:pittsburgh,ONLINE,
2026-08-15T11:57:05+00:00,azure:pasqal:qpu:fresnel,OFFLINE,
2026-08-15T11:57:05+00:00,aws:iqm:qpu:emerald,UNAVAILABLE,
2026-08-15T11:57:05+00:00,azure:ionq:qpu:forte-1,OFFLINE,
2026-08-15T11:57:05+00:00,ibm:ibm:qpu:kingston,ONLINE,
2026-08-15T11:57:05+00:00,aws:ionq:qpu:forte-1,ONLINE,
2026-08-15T11:57:05+00:00,aws:ionq:qpu:forte-enterprise-1,ONLINE,
2026-08-15T11:57:05+00:00,ionq:ionq:qpu:forte-1,ONLINE,
2026-08-15T11:57:05+00:00,ibm:ibm:qpu:fez,ONLINE,
2026-08-15T11:57:05+00:00,aws:iqm:qpu:garnet,UNAVAILABLE,
2026-08-15T11:57:05+00:00,azure:rigetti:qpu:cepheus-1-36q,OFFLINE,
2026-08-15T11:57:05+00:00,azure:ionq:qpu:forte-enterprise-1,OFFLINE,
2026-08-15T11:57:05+00:00,ibm:ibm:qpu:boston,ONLINE,
2026-08-15T11:57:05+00:00,ibm:ibm:qpu:miami,ONLINE,
2026-08-15T11:57:05+00:00,rigetti:rigetti:qpu:cepheus-1-108q,ONLINE,
2026-08-15T11:57:05+00:00,aws:rigetti:qpu:cepheus-1-108q,ONLINE,
2026-08-15T11:57:05+00:00,openquantum:aqt:qpu:ibex-q1,ONLINE,
2026-08-15T11:57:05+00:00,openquantum:ionq:qpu:forte-1,ONLINE,
2026-08-15T11:57:05+00:00,openquantum:ionq:qpu:forte-enterprise,ONLINE,
2026-08-15T11:57:05+00:00,openquantum:iqm:qpu:emerald,ONLINE,
2026-08-15T11:57:05+00:00,openquantum:iqm:qpu:garnet,ONLINE,
2026-08-15T11:57:05+00:00,openquantum:rigetti:qpu:cepheus-1-108q,ONLINE,
2026-08-15T12:46:11+00:00,aws:aqt:qpu:ibex-q1,UNAVAILABLE,
2026-08-15T12:46:11+00:00,aws:quera:qpu:aquila,UNAVAILABLE,
2026-08-15T12:46:11+00:00,ibm:ibm:qpu:marrakesh,ONLINE,
2026-08-15T12:46:11+00:00,ibm:ibm:qpu:pittsburgh,ONLINE,
2026-08-15T12:46:11+00:00,azure:pasqal:qpu:fresnel,OFFLINE,
2026-08-15T12:46:11+00:00,aws:iqm:qpu:emerald,UNAVAILABLE,
2026-08-15T12:46:11+00:00,azure:ionq:qpu:forte-1,OFFLINE,
2026-08-15T12:46:11+00:00,ibm:ibm:qpu:kingston,ONLINE,
2026-08-15T12:46:11+00:00,aws:ionq:qpu:forte-1,ONLINE,
2026-08-15T12:46:11+00:00,aws:ionq:qpu:forte-enterprise-1,ONLINE,
2026-08-15T12:46:11+00:00,ionq:ionq:qpu:forte-1,ONLINE,
2026-08-15T12:46:11+00:00,ibm:ibm:qpu:fez,ONLINE,
2026-08-15T12:46:11+00:00,aws:iqm:qpu:garnet,UNAVAILABLE,
2026-08-15T12:46:11+00:00,azure:rigetti:qpu:cepheus-1-36q,OFFLINE,
2026-08-15T12:46:11+00:00,azure:ionq:qpu:forte-enterprise-1,OFFLINE,
2026-08-15T12:46:11+00:00,ibm:ibm:qpu:boston,ONLINE,
2026-08-15T12:46:11+00:00,ibm:ibm:qpu:miami,ONLINE,
2026-08-15T12:46:11+00:00,rigetti:rigetti:qpu:cepheus-1-108q,ONLINE,
2026-08-15T12:46:11+00:00,aws:rigetti:qpu:cepheus-1-108q,ONLINE,
2026-08-15T12:46:11+00:00,openquantum:aqt:qpu:ibex-q1,ONLINE,
2026-08-15T12:46:11+00:00,openquantum:ionq:qpu:forte-1,ONLINE,
2026-08-15T12:46:11+00:00,openquantum:ionq:qpu:forte-enterprise,ONLINE,
2026-08-15T12:46:11+00:00,openquantum:iqm:qpu:emerald,ONLINE,
2026-08-15T12:46:11+00:00,openquantum:iqm:qpu:garnet,ONLINE,
2026-08-15T12:46:11+00:00,openquantum:rigetti:qpu:cepheus-1-108q,ONLINE,
2026-08-15T13:29:42+00:00,aws:aqt:qpu:ibex-q1,UNAVAILABLE,
2026-08-15T13:29:42+00:00,aws:quera:qpu:aquila,ONLINE,
2026-08-15T13:29:42+00:00,ibm:ibm:qpu:marrakesh,ONLINE,
2026-08-15T13:29:42+00:00,ibm:ibm:qpu:pittsburgh,ONLINE,
2026-08-15T13:29:42+00:00,azure:pasqal:qpu:fresnel,OFFLINE,
2026-08-15T13:29:42+00:00,aws:iqm:qpu:emerald,UNAVAILABLE,
2026-08-15T13:29:42+00:00,azure:ionq:qpu:forte-1,OFFLINE,
2026-08-15T13:29:42+00:00,ibm:ibm:qpu:kingston,ONLINE,
2026-08-15T13:29:42+00:00,aws:ionq:qpu:forte-1,ONLINE,
2026-08-15T13:29:42+00:00,aws:ionq:qpu:forte-enterprise-1,ONLINE,
2026-08-15T13:29:42+00:00,ionq:ionq:qpu:forte-1,ONLINE,
2026-08-15T13:29:42+00:00,ibm:ibm:qpu:fez,ONLINE,
2026-08-15T13:29:42+00:00,aws:iqm:qpu:garnet,UNAVAILABLE,
2026-08-15T13:29:42+00:00,azure:rigetti:qpu:cepheus-1-36q,OFFLINE,
2026-08-15T13:29:42+00:00,azure:ionq:qpu:forte-enterprise-1,OFFLINE,
2026-08-15T13:29:42+00:00,ibm:ibm:qpu:boston,ONLINE,
2026-08-15T13:29:42+00:00,ibm:ibm:qpu:miami,ONLINE,
2026-08-15T13:29:42+00:00,rigetti:rigetti:qpu:cepheus-1-108q,ONLINE,
2026-08-15T13:29:42+00:00,aws:rigetti:qpu:cepheus-1-108q,ONLINE,
2026-08-15T13:29:42+00:00,openquantum:aqt:qpu:ibex-q1,ONLINE,
2026-08-15T13:29:42+00:00,openquantum:ionq:qpu:forte-1,ONLINE,
2026-08-15T13:29:42+00:00,openquantum:ionq:qpu:forte-enterprise,ONLINE,
2026-08-15T13:29:42+00:00,openquantum:iqm:qpu:emerald,ONLINE,
2026-08-15T13:29:42+00:00,openquantum:iqm:qpu:garnet,ONLINE,
2026-08-15T13:29:42+00:00,openquantum:rigetti:qpu:cepheus-1-108q,ONLINE,
2026-08-15T13:59:05+00:00,aws:aqt:qpu:ibex-q1,UNAVAILABLE,
2026-08-15T13:59:05+00:00,aws:quera:qpu:aquila,ONLINE,
2026-08-15T13:59:05+00:00,ibm:ibm:qpu:marrakesh,ONLINE,
2026-08-15T13:59:05+00:00,ibm:ibm:qpu:pittsburgh,ONLINE,
2026-08-15T13:59:05+00:00,azure:pasqal:qpu:fresnel,OFFLINE,
2026-08-15T13:59:05+00:00,aws:iqm:qpu:emerald,UNAVAILABLE,
2026-08-15T13:59:05+00:00,azure:ionq:qpu:forte-1,OFFLINE,
2026-08-15T13:59:05+00:00,ibm:ibm:qpu:kingston,ONLINE,
2026-08-15T13:59:05+00:00,aws:ionq:qpu:forte-1,ONLINE,
2026-08-15T13:59:05+00:00,aws:ionq:qpu:forte-enterprise-1,ONLINE,
2026-08-15T13:59:05+00:00,ionq:ionq:qpu:forte-1,ONLINE,
2026-08-15T13:59:05+00:00,ibm:ibm:qpu:fez,ONLINE,
2026-08-15T13:59:05+00:00,aws:iqm:qpu:garnet,UNAVAILABLE,
2026-08-15T13:59:05+00:00,azure:rigetti:qpu:cepheus-1-36q,OFFLINE,
2026-08-15T13:59:05+00:00,azure:ionq:qpu:forte-enterprise-1,OFFLINE,
2026-08-15T13:59:05+00:00,ibm:ibm:qpu:boston,ONLINE,
2026-08-15T13:59:05+00:00,ibm:ibm:qpu:miami,ONLINE,
2026-08-15T13:59:05+00:00,rigetti:rigetti:qpu:cepheus-1-108q,ONLINE,
2026-08-15T13:59:05+00:00,aws:rigetti:qpu:cepheus-1-108q,ONLINE,
2026-08-15T13:59:05+00:00,openquantum:aqt:qpu:ibex-q1,ONLINE,
2026-08-15T13:59:05+00:00,openquantum:ionq:qpu:forte-1,ONLINE,
2026-08-15T13:59:05+00:00,openquantum:ionq:qpu:forte-enterprise,ONLINE,
2026-08-15T13:59:05+00:00,openquantum:iqm:qpu:emerald,ONLINE,
2026-08-15T13:59:05+00:00,openquantum:iqm:qpu:garnet,ONLINE,
2026-08-15T13:59:05+00:00,openquantum:rigetti:qpu:cepheus-1-108q,ONLINE,
2026-08-15T14:31:04+00:00,aws:aqt:qpu:ibex-q1,UNAVAILABLE,
2026-08-15T14:31:04+00:00,aws:quera:qpu:aquila,ONLINE,
2026-08-15T14:31:04+00:00,ibm:ibm:qpu:marrakesh,ONLINE,
2026-08-15T14:31:04+00:00,ibm:ibm:qpu:pittsburgh,ONLINE,
2026-08-15T14:31:04+00:00,azure:pasqal:qpu:fresnel,OFFLINE,
2026-08-15T14:31:04+00:00,aws:iqm:qpu:emerald,UNAVAILABLE,
2026-08-15T14:31:04+00:00,azure:ionq:qpu:forte-1,OFFLINE,
2026-08-15T14:31:04+00:00,ibm:ibm:qpu:kingston,ONLINE,
2026-08-15T14:31:04+00:00,aws:ionq:qpu:forte-1,ONLINE,
2026-08-15T14:31:04+00:00,aws:ionq:qpu:forte-enterprise-1,ONLINE,
2026-08-15T14:31:04+00:00,ionq:ionq:qpu:forte-1,ONLINE,
2026-08-15T14:31:04+00:00,ibm:ibm:qpu:fez,ONLINE,
2026-08-15T14:31:04+00:00,aws:iqm:qpu:garnet,UNAVAILABLE,
2026-08-15T14:31:04+00:00,azure:rigetti:qpu:cepheus-1-36q,OFFLINE,
2026-08-15T14:31:04+00:00,azure:ionq:qpu:forte-enterprise-1,OFFLINE,
2026-08-15T14:31:04+00:00,ibm:ibm:qpu:boston,ONLINE,
2026-08-15T14:31:04+00:00,ibm:ibm:qpu:miami,ONLINE,
2026-08-15T14:31:04+00:00,rigetti:rigetti:qpu:cepheus-1-108q,ONLINE,
2026-08-15T14:31:04+00:00,aws:rigetti:qpu:cepheus-1-108q,ONLINE,
2026-08-15T14:31:04+00:00,openquantum:aqt:qpu:ibex-q1,ONLINE,
2026-08-15T14:31:04+00:00,openquantum:ionq:qpu:forte-1,ONLINE,
2026-08-15T14:31:04+00:00,openquantum:ionq:qpu:forte-enterprise,ONLINE,
2026-08-15T14:31:04+00:00,openquantum:iqm:qpu:emerald,ONLINE,
2026-08-15T14:31:04+00:00,openquantum:iqm:qpu:garnet,ONLINE,
2026-08-15T14:31:04+00:00,openquantum:rigetti:qpu:cepheus-1-108q,ONLINE,
2026-08-15T14:59:01+00:00,aws:aqt:qpu:ibex-q1,UNAVAILABLE,
2026-08-15T14:59:01+00:00,aws:quera:qpu:aquila,ONLINE,
2026-08-15T14:59:01+00:00,ibm:ibm:qpu:marrakesh,ONLINE,
2026-08-15T14:59:01+00:00,ibm:ibm:qpu:pittsburgh,ONLINE,
2026-08-15T14:59:01+00:00,azure:pasqal:qpu:fresnel,OFFLINE,
2026-08-15T14:59:01+00:00,aws:iqm:qpu:emerald,UNAVAILABLE,
2026-08-15T14:59:01+00:00,azure:ionq:qpu:forte-1,OFFLINE,
2026-08-15T14:59:01+00:00,ibm:ibm:qpu:kingston,ONLINE,
2026-08-15T14:59:01+00:00,aws:ionq:qpu:forte-1,ONLINE,
2026-08-15T14:59:01+00:00,aws:ionq:qpu:forte-enterprise-1,ONLINE,
2026-08-15T14:59:01+00:00,ionq:ionq:qpu:forte-1,ONLINE,
2026-08-15T14:59:01+00:00,ibm:ibm:qpu:fez,ONLINE,
2026-08-15T14:59:01+00:00,aws:iqm:qpu:garnet,UNAVAILABLE,
2026-08-15T14:59:01+00:00,azure:rigetti:qpu:cepheus-1-36q,OFFLINE,
2026-08-15T14:59:01+00:00,azure:ionq:qpu:forte-enterprise-1,OFFLINE,
2026-08-15T14:59:01+00:00,ibm:ibm:qpu:boston,ONLINE,
2026-08-15T14:59:01+00:00,ibm:ibm:qpu:miami,ONLINE,
2026-08-15T14:59:01+00:00,rigetti:rigetti:qpu:cepheus-1-108q,ONLINE,
2026-08-15T14:59:01+00:00,aws:rigetti:qpu:cepheus-1-108q,ONLINE,
2026-08-15T14:59:01+00:00,openquantum:aqt:qpu:ibex-q1,ONLINE,
2026-08-15T14:59:01+00:00,openquantum:ionq:qpu:forte-1,ONLINE,
2026-08-15T14:59:01+00:00,openquantum:ionq:qpu:forte-enterprise,ONLINE,
2026-08-15T14:59:01+00:00,openquantum:iqm:qpu:emerald,ONLINE,
2026-08-15T14:59:01+00:00,openquantum:iqm:qpu:garnet,ONLINE,
2026-08-15T14:59:01+00:00,openquantum:rigetti:qpu:cepheus-1-108q,ONLINE,
2026-08-15T15:29:19+00:00,aws:aqt:qpu:ibex-q1,UNAVAILABLE,
2026-08-15T15:29:19+00:00,aws:quera:qpu:aquila,ONLINE,
2026-08-15T15:29:19+00:00,ibm:ibm:qpu:marrakesh,ONLINE,
2026-08-15T15:29:19+00:00,ibm:ibm:qpu:pittsburgh,ONLINE,
2026-08-15T15:29:19+00:00,azure:pasqal:qpu:fresnel,OFFLINE,
2026-08-15T15:29:19+00:00,aws:iqm:qpu:emerald,UNAVAILABLE,
2026-08-15T15:29:19+00:00,azure:ionq:qpu:forte-1,OFFLINE,
2026-08-15T15:29:19+00:00,ibm:ibm:qpu:kingston,ONLINE,
2026-08-15T15:29:19+00:00,aws:ionq:qpu:forte-1,ONLINE,
2026-08-15T15:29:19+00:00,aws:ionq:qpu:forte-enterprise-1,ONLINE,
2026-08-15T15:29:19+00:00,ionq:ionq:qpu:forte-1,ONLINE,
2026-08-15T15:29:19+00:00,ibm:ibm:qpu:fez,ONLINE,
2026-08-15T15:29:19+00:00,aws:iqm:qpu:garnet,UNAVAILABLE,
2026-08-15T15:29:19+00:00,azure:rigetti:qpu:cepheus-1-36q,OFFLINE,
2026-08-15T15:29:19+00:00,azure:ionq:qpu:forte-enterprise-1,OFFLINE,
2026-08-15T15:29:19+00:00,ibm:ibm:qpu:boston,ONLINE,
2026-08-15T15:29:19+00:00,ibm:ibm:qpu:miami,ONLINE,
2026-08-15T15:29:19+00:00,rigetti:rigetti:qpu:cepheus-1-108q,ONLINE,
2026-08-15T15:29:19+00:00,aws:rigetti:qpu:cepheus-1-108q,ONLINE,
2026-08-15T15:29:19+00:00,openquantum:aqt:qpu:ibex-q1,ONLINE,
2026-08-15T15:29:19+00:00,openquantum:ionq:qpu:forte-1,ONLINE,
2026-08-15T15:29:19+00:00,openquantum:ionq:qpu:forte-enterprise,ONLINE,
2026-08-15T15:29:19+00:00,openquantum:iqm:qpu:emerald,ONLINE,
2026-08-15T15:29:19+00:00,openquantum:iqm:qpu:garnet,ONLINE,
2026-08-15T15:29:19+00:00,openquantum:rigetti:qpu:cepheus-1-108q,ONLINE,
2026-08-15T15:57:03+00:00,aws:aqt:qpu:ibex-q1,UNAVAILABLE,
2026-08-15T15:57:03+00:00,aws:quera:qpu:aquila,ONLINE,
2026-08-15T15:57:03+00:00,ibm:ibm:qpu:marrakesh,ONLINE,
2026-08-15T15:57:03+00:00,ibm:ibm:qpu:pittsburgh,ONLINE,
2026-08-15T15:57:03+00:00,azure:pasqal:qpu:fresnel,OFFLINE,
2026-08-15T15:57:03+00:00,aws:iqm:qpu:emerald,UNAVAILABLE,
2026-08-15T15:57:03+00:00,azure:ionq:qpu:forte-1,OFFLINE,
2026-08-15T15:57:03+00:00,ibm:ibm:qpu:kingston,ONLINE,
2026-08-15T15:57:03+00:00,aws:ionq:qpu:forte-1,ONLINE,
2026-08-15T15:57:03+00:00,aws:ionq:qpu:forte-enterprise-1,ONLINE,
2026-08-15T15:57:03+00:00,ionq:ionq:qpu:forte-1,ONLINE,
2026-08-15T15:57:03+00:00,ibm:ibm:qpu:fez,ONLINE,
2026-08-15T15:57:03+00:00,aws:iqm:qpu:garnet,UNAVAILABLE,
2026-08-15T15:57:03+00:00,azure:rigetti:qpu:cepheus-1-36q,OFFLINE,
2026-08-15T15:57:03+00:00,azure:ionq:qpu:forte-enterprise-1,OFFLINE,
2026-08-15T15:57:03+00:00,ibm:ibm:qpu:boston,ONLINE,
2026-08-15T15:57:03+00:00,ibm:ibm:qpu:miami,ONLINE,
2026-08-15T15:57:03+00:00,rigetti:rigetti:qpu:cepheus-1-108q,ONLINE,
2026-08-15T15:57:03+00:00,aws:rigetti:qpu:cepheus-1-108q,ONLINE,
2026-08-15T15:57:03+00:00,openquantum:aqt:qpu:ibex-q1,ONLINE,
2026-08-15T15:57:03+00:00,openquantum:ionq:qpu:forte-1,ONLINE,
2026-08-15T15:57:03+00:00,openquantum:ionq:qpu:forte-enterprise,ONLINE,
2026-08-15T15:57:03+00:00,openquantum:iqm:qpu:emerald,ONLINE,
2026-08-15T15:57:03+00:00,openquantum:iqm:qpu:garnet,ONLINE,
2026-08-15T15:57:03+00:00,openquantum:rigetti:qpu:cepheus-1-108q,ONLINE,
2026-08-15T16:30:07+00:00,aws:aqt:qpu:ibex-q1,UNAVAILABLE,
2026-08-15T16:30:07+00:00,aws:quera:qpu:aquila,ONLINE,
2026-08-15T16:30:07+00:00,ibm:ibm:qpu:marrakesh,ONLINE,
2026-08-15T16:30:07+00:00,ibm:ibm:qpu:pittsburgh,ONLINE,
2026-08-15T16:30:07+00:00,azure:pasqal:qpu:fresnel,OFFLINE,
2026-08-15T16:30:07+00:00,aws:iqm:qpu:emerald,UNAVAILABLE,
2026-08-15T16:30:07+00:00,azure:ionq:qpu:forte-1,OFFLINE,
2026-08-15T16:30:07+00:00,ibm:ibm:qpu:kingston,ONLINE,
2026-08-15T16:30:07+00:00,aws:ionq:qpu:forte-1,ONLINE,
2026-08-15T16:30:07+00:00,aws:ionq:qpu:forte-enterprise-1,ONLINE,
2026-08-15T16:30:07+00:00,ionq:ionq:qpu:forte-1,ONLINE,
2026-08-15T16:30:07+00:00,ibm:ibm:qpu:fez,ONLINE,
2026-08-15T16:30:07+00:00,aws:iqm:qpu:garnet,UNAVAILABLE,
2026-08-15T16:30:07+00:00,azure:rigetti:qpu:cepheus-1-36q,OFFLINE,
2026-08-15T16:30:07+00:00,azure:ionq:qpu:forte-enterprise-1,OFFLINE,
2026-08-15T16:30:07+00:00,ibm:ibm:qpu:boston,ONLINE,
2026-08-15T16:30:07+00:00,ibm:ibm:qpu:miami,ONLINE,
2026-08-15T16:30:07+00:00,rigetti:rigetti:qpu:cepheus-1-108q,ONLINE,
2026-08-15T16:30:07+00:00,aws:rigetti:qpu:cepheus-1-108q,ONLINE,
2026-08-15T16:30:07+00:00,openquantum:aqt:qpu:ibex-q1,ONLINE,
2026-08-15T16:30:07+00:00,openquantum:ionq:qpu:forte-1,ONLINE,
2026-08-15T16:30:07+00:00,openquantum:ionq:qpu:forte-enterprise,ONLINE,
2026-08-15T16:30:07+00:00,openquantum:iqm:qpu:emerald,ONLINE,
2026-08-15T16:30:07+00:00,openquantum:iqm:qpu:garnet,ONLINE,
2026-08-15T16:30:07+00:00,openquantum:rigetti:qpu:cepheus-1-108q,ONLINE,
2026-08-15T17:00:09+00:00,aws:aqt:qpu:ibex-q1,UNAVAILABLE,
2026-08-15T17:00:09+00:00,aws:quera:qpu:aquila,ONLINE,
2026-08-15T17:00:09+00:00,ibm:ibm:qpu:marrakesh,ONLINE,
2026-08-15T17:00:09+00:00,ibm:ibm:qpu:pittsburgh,ONLINE,
2026-08-15T17:00:09+00:00,azure:pasqal:qpu:fresnel,OFFLINE,
2026-08-15T17:00:09+00:00,aws:iqm:qpu:emerald,UNAVAILABLE,
2026-08-15T17:00:09+00:00,azure:ionq:qpu:forte-1,OFFLINE,
2026-08-15T17:00:09+00:00,ibm:ibm:qpu:kingston,ONLINE,
2026-08-15T17:00:09+00:00,aws:ionq:qpu:forte-1,ONLINE,
2026-08-15T17:00:09+00:00,aws:ionq:qpu:forte-enterprise-1,ONLINE,
2026-08-15T17:00:09+00:00,ionq:ionq:qpu:forte-1,ONLINE,
2026-08-15T17:00:09+00:00,ibm:ibm:qpu:fez,ONLINE,
2026-08-15T17:00:09+00:00,aws:iqm:qpu:garnet,UNAVAILABLE,
2026-08-15T17:00:09+00:00,azure:rigetti:qpu:cepheus-1-36q,OFFLINE,
2026-08-15T17:00:09+00:00,azure:ionq:qpu:forte-enterprise-1,OFFLINE,
2026-08-15T17:00:09+00:00,ibm:ibm:qpu:boston,ONLINE,
2026-08-15T17:00:09+00:00,ibm:ibm:qpu:miami,ONLINE,
2026-08-15T17:00:09+00:00,rigetti:rigetti:qpu:cepheus-1-108q,ONLINE,
2026-08-15T17:00:09+00:00,aws:rigetti:qpu:cepheus-1-108q,ONLINE,
2026-08-15T17:00:09+00:00,openquantum:aqt:qpu:ibex-q1,ONLINE,
2026-08-15T17:00:09+00:00,openquantum:ionq:qpu:forte-1,ONLINE,
2026-08-15T17:00:09+00:00,openquantum:ionq:qpu:forte-enterprise,ONLINE,
2026-08-15T17:00:09+00:00,openquantum:iqm:qpu:emerald,ONLINE,
2026-08-15T17:00:09+00:00,openquantum:iqm:qpu:garnet,ONLINE,
2026-08-15T17:00:09+00:00,openquantum:rigetti:qpu:cepheus-1-108q,ONLINE,
2026-08-15T17:57:17+00:00,aws:aqt:qpu:ibex-q1,UNAVAILABLE,
2026-08-15T17:57:17+00:00,aws:quera:qpu:aquila,ONLINE,
2026-08-15T17:57:17+00:00,ibm:ibm:qpu:marrakesh,ONLINE,
2026-08-15T17:57:17+00:00,ibm:ibm:qpu:pittsburgh,ONLINE,
2026-08-15T17:57:17+00:00,azure:pasqal:qpu:fresnel,OFFLINE,
2026-08-15T17:57:17+00:00,aws:iqm:qpu:emerald,UNAVAILABLE,
2026-08-15T17:57:17+00:00,azure:ionq:qpu:forte-1,OFFLINE,
2026-08-15T17:57:17+00:00,ibm:ibm:qpu:kingston,ONLINE,
2026-08-15T17:57:17+00:00,aws:ionq:qpu:forte-1,ONLINE,
2026-08-15T17:57:17+00:00,aws:ionq:qpu:forte-enterprise-1,ONLINE,
2026-08-15T17:57:17+00:00,ionq:ionq:qpu:forte-1,ONLINE,
2026-08-15T17:57:17+00:00,ibm:ibm:qpu:fez,ONLINE,
2026-08-15T17:57:17+00:00,aws:iqm:qpu:garnet,UNAVAILABLE,
2026-08-15T17:57:17+00:00,azure:rigetti:qpu:cepheus-1-36q,OFFLINE,
2026-08-15T17:57:17+00:00,azure:ionq:qpu:forte-enterprise-1,OFFLINE,
2026-08-15T17:57:17+00:00,ibm:ibm:qpu:boston,ONLINE,
2026-08-15T17:57:17+00:00,ibm:ibm:qpu:miami,ONLINE,
2026-08-15T17:57:17+00:00,rigetti:rigetti:qpu:cepheus-1-108q,ONLINE,
2026-08-15T17:57:17+00:00,aws:rigetti:qpu:cepheus-1-108q,ONLINE,
2026-08-15T17:57:17+00:00,openquantum:aqt:qpu:ibex-q1,ONLINE,
2026-08-15T17:57:17+00:00,openquantum:ionq:qpu:forte-1,ONLINE,
2026-08-15T17:57:17+00:00,openquantum:ionq:qpu:forte-enterprise,ONLINE,
2026-08-15T17:57:17+00:00,openquantum:iqm:qpu:emerald,ONLINE,
2026-08-15T17:57:17+00:00,openquantum:iqm:qpu:garnet,ONLINE,
2026-08-15T17:57:17+00:00,openquantum:rigetti:qpu:cepheus-1-108q,ONLINE,
2026-08-15T18:36:49+00:00,aws:aqt:qpu:ibex-q1,UNAVAILABLE,
2026-08-15T18:36:49+00:00,aws:quera:qpu:aquila,ONLINE,
2026-08-15T18:36:49+00:00,ibm:ibm:qpu:marrakesh,ONLINE,
2026-08-15T18:36:49+00:00,ibm:ibm:qpu:pittsburgh,ONLINE,
2026-08-15T18:36:49+00:00,azure:pasqal:qpu:fresnel,OFFLINE,
2026-08-15T18:36:49+00:00,aws:iqm:qpu:emerald,UNAVAILABLE,
2026-08-15T18:36:49+00:00,azure:ionq:qpu:forte-1,OFFLINE,
2026-08-15T18:36:49+00:00,ibm:ibm:qpu:kingston,ONLINE,
2026-08-15T18:36:49+00:00,aws:ionq:qpu:forte-1,ONLINE,
2026-08-15T18:36:49+00:00,aws:ionq:qpu:forte-enterprise-1,ONLINE,
2026-08-15T18:36:49+00:00,ionq:ionq:qpu:forte-1,ONLINE,
2026-08-15T18:36:49+00:00,ibm:ibm:qpu:fez,ONLINE,
2026-08-15T18:36:49+00:00,aws:iqm:qpu:garnet,UNAVAILABLE,
2026-08-15T18:36:49+00:00,azure:rigetti:qpu:cepheus-1-36q,OFFLINE,
2026-08-15T18:36:49+00:00,azure:ionq:qpu:forte-enterprise-1,OFFLINE,
2026-08-15T18:36:49+00:00,ibm:ibm:qpu:boston,ONLINE,
2026-08-15T18:36:49+00:00,ibm:ibm:qpu:miami,ONLINE,
2026-08-15T18:36:49+00:00,rigetti:rigetti:qpu:cepheus-1-108q,ONLINE,
2026-08-15T18:36:49+00:00,aws:rigetti:qpu:cepheus-1-108q,ONLINE,
2026-08-15T18:36:49+00:00,openquantum:aqt:qpu:ibex-q1,ONLINE,
2026-08-15T18:36:49+00:00,openquantum:ionq:qpu:forte-1,ONLINE,
2026-08-15T18:36:49+00:00,openquantum:ionq:qpu:forte-enterprise,ONLINE,
2026-08-15T18:36:49+00:00,openquantum:iqm:qpu:emerald,ONLINE,
2026-08-15T18:36:49+00:00,openquantum:iqm:qpu:garnet,ONLINE,
2026-08-15T18:36:49+00:00,openquantum:rigetti:qpu:cepheus-1-108q,ONLINE,
2026-08-15T19:02:43+00:00,aws:aqt:qpu:ibex-q1,UNAVAILABLE,
2026-08-15T19:02:43+00:00,aws:quera:qpu:aquila,ONLINE,
2026-08-15T19:02:43+00:00,ibm:ibm:qpu:marrakesh,ONLINE,
2026-08-15T19:02:43+00:00,ibm:ibm:qpu:pittsburgh,ONLINE,
2026-08-15T19:02:43+00:00,azure:pasqal:qpu:fresnel,OFFLINE,
2026-08-15T19:02:43+00:00,aws:iqm:qpu:emerald,UNAVAILABLE,
2026-08-15T19:02:43+00:00,azure:ionq:qpu:forte-1,OFFLINE,
2026-08-15T19:02:43+00:00,ibm:ibm:qpu:kingston,ONLINE,
2026-08-15T19:02:43+00:00,aws:ionq:qpu:forte-1,ONLINE,
2026-08-15T19:02:43+00:00,aws:ionq:qpu:forte-enterprise-1,ONLINE,
2026-08-15T19:02:43+00:00,ionq:ionq:qpu:forte-1,ONLINE,
2026-08-15T19:02:43+00:00,ibm:ibm:qpu:fez,ONLINE,
2026-08-15T19:02:43+00:00,aws:iqm:qpu:garnet,UNAVAILABLE,
2026-08-15T19:02:43+00:00,azure:rigetti:qpu:cepheus-1-36q,OFFLINE,
2026-08-15T19:02:43+00:00,azure:ionq:qpu:forte-enterprise-1,OFFLINE,
2026-08-15T19:02:43+00:00,ibm:ibm:qpu:boston,ONLINE,
2026-08-15T19:02:43+00:00,ibm:ibm:qpu:miami,ONLINE,
2026-08-15T19:02:43+00:00,rigetti:rigetti:qpu:cepheus-1-108q,ONLINE,
2026-08-15T19:02:43+00:00,aws:rigetti:qpu:cepheus-1-108q,UNAVAILABLE,
2026-08-15T19:02:43+00:00,openquantum:aqt:qpu:ibex-q1,ONLINE,
2026-08-15T19:02:43+00:00,openquantum:ionq:qpu:forte-1,ONLINE,
2026-08-15T19:02:43+00:00,openquantum:ionq:qpu:forte-enterprise,ONLINE,
2026-08-15T19:02:43+00:00,openquantum:iqm:qpu:emerald,ONLINE,
2026-08-15T19:02:43+00:00,openquantum:iqm:qpu:garnet,ONLINE,
2026-08-15T19:02:43+00:00,openquantum:rigetti:qpu:cepheus-1-108q,ONLINE,
2026-08-15T19:56:01+00:00,aws:aqt:qpu:ibex-q1,UNAVAILABLE,
2026-08-15T19:56:01+00:00,aws:quera:qpu:aquila,ONLINE,
2026-08-15T19:56:01+00:00,ibm:ibm:qpu:marrakesh,ONLINE,
2026-08-15T19:56:01+00:00,ibm:ibm:qpu:pittsburgh,ONLINE,
2026-08-15T19:56:01+00:00,azure:pasqal:qpu:fresnel,OFFLINE,
2026-08-15T19:56:01+00:00,aws:iqm:qpu:emerald,UNAVAILABLE,
2026-08-15T19:56:01+00:00,azure:ionq:qpu:forte-1,OFFLINE,
2026-08-15T19:56:01+00:00,ibm:ibm:qpu:kingston,ONLINE,
2026-08-15T19:56:01+00:00,aws:ionq:qpu:forte-1,ONLINE,
2026-08-15T19:56:01+00:00,aws:ionq:qpu:forte-enterprise-1,ONLINE,
2026-08-15T19:56:01+00:00,ionq:ionq:qpu:forte-1,ONLINE,
2026-08-15T19:56:01+00:00,ibm:ibm:qpu:fez,ONLINE,
2026-08-15T19:56:01+00:00,aws:iqm:qpu:garnet,UNAVAILABLE,
2026-08-15T19:56:01+00:00,azure:rigetti:qpu:cepheus-1-36q,OFFLINE,
2026-08-15T19:56:01+00:00,azure:ionq:qpu:forte-enterprise-1,OFFLINE,
2026-08-15T19:56:01+00:00,ibm:ibm:qpu:boston,ONLINE,
2026-08-15T19:56:01+00:00,ibm:ibm:qpu:miami,ONLINE,
2026-08-15T19:56:01+00:00,rigetti:rigetti:qpu:cepheus-1-108q,ONLINE,
2026-08-15T19:56:01+00:00,aws:rigetti:qpu:cepheus-1-108q,UNAVAILABLE,
2026-08-15T19:56:01+00:00,openquantum:aqt:qpu:ibex-q1,ONLINE,
2026-08-15T19:56:01+00:00,openquantum:ionq:qpu:forte-1,ONLINE,
2026-08-15T19:56:01+00:00,openquantum:ionq:qpu:forte-enterprise,ONLINE,
2026-08-15T19:56:01+00:00,openquantum:iqm:qpu:emerald,ONLINE,
2026-08-15T19:56:01+00:00,openquantum:iqm:qpu:garnet,ONLINE,
2026-08-15T19:56:01+00:00,openquantum:rigetti:qpu:cepheus-1-108q,ONLINE,
2026-08-15T20:24:16+00:00,aws:aqt:qpu:ibex-q1,UNAVAILABLE,
2026-08-15T20:24:16+00:00,aws:quera:qpu:aquila,ONLINE,
2026-08-15T20:24:16+00:00,ibm:ibm:qpu:marrakesh,ONLINE,
2026-08-15T20:24:16+00:00,ibm:ibm:qpu:pittsburgh,ONLINE,
2026-08-15T20:24:16+00:00,azure:pasqal:qpu:fresnel,OFFLINE,
2026-08-15T20:24:16+00:00,aws:iqm:qpu:emerald,UNAVAILABLE,
2026-08-15T20:24:16+00:00,azure:ionq:qpu:forte-1,OFFLINE,
2026-08-15T20:24:16+00:00,ibm:ibm:qpu:kingston,ONLINE,
2026-08-15T20:24:16+00:00,aws:ionq:qpu:forte-1,ONLINE,
2026-08-15T20:24:16+00:00,aws:ionq:qpu:forte-enterprise-1,ONLINE,
2026-08-15T20:24:16+00:00,ionq:ionq:qpu:forte-1,ONLINE,
2026-08-15T20:24:16+00:00,ibm:ibm:qpu:fez,ONLINE,
2026-08-15T20:24:16+00:00,aws:iqm:qpu:garnet,UNAVAILABLE,
2026-08-15T20:24:16+00:00,azure:rigetti:qpu:cepheus-1-36q,OFFLINE,
2026-08-15T20:24:16+00:00,azure:ionq:qpu:forte-enterprise-1,OFFLINE,
2026-08-15T20:24:16+00:00,ibm:ibm:qpu:boston,ONLINE,
2026-08-15T20:24:16+00:00,ibm:ibm:qpu:miami,ONLINE,
2026-08-15T20:24:16+00:00,rigetti:rigetti:qpu:cepheus-1-108q,ONLINE,
2026-08-15T20:24:16+00:00,aws:rigetti:qpu:cepheus-1-108q,UNAVAILABLE,
2026-08-15T20:24:16+00:00,openquantum:aqt:qpu:ibex-q1,ONLINE,
2026-08-15T20:24:16+00:00,openquantum:ionq:qpu:forte-1,ONLINE,
2026-08-15T20:24:16+00:00,openquantum:ionq:qpu:forte-enterprise,ONLINE,
2026-08-15T20:24:16+00:00,openquantum:iqm:qpu:emerald,ONLINE,
2026-08-15T20:24:16+00:00,openquantum:iqm:qpu:garnet,ONLINE,
2026-08-15T20:24:16+00:00,openquantum:rigetti:qpu:cepheus-1-108q,ONLINE,
2026-08-15T20:59:24+00:00,aws:aqt:qpu:ibex-q1,UNAVAILABLE,
2026-08-15T20:59:24+00:00,aws:quera:qpu:aquila,ONLINE,
2026-08-15T20:59:24+00:00,ibm:ibm:qpu:marrakesh,ONLINE,
2026-08-15T20:59:24+00:00,ibm:ibm:qpu:pittsburgh,ONLINE,
2026-08-15T20:59:24+00:00,azure:pasqal:qpu:fresnel,OFFLINE,
2026-08-15T20:59:24+00:00,aws:iqm:qpu:emerald,UNAVAILABLE,
2026-08-15T20:59:24+00:00,azure:ionq:qpu:forte-1,OFFLINE,
2026-08-15T20:59:24+00:00,ibm:ibm:qpu:kingston,ONLINE,
2026-08-15T20:59:24+00:00,aws:ionq:qpu:forte-1,ONLINE,
2026-08-15T20:59:24+00:00,aws:ionq:qpu:forte-enterprise-1,ONLINE,
2026-08-15T20:59:24+00:00,ionq:ionq:qpu:forte-1,ONLINE,
2026-08-15T20:59:24+00:00,ibm:ibm:qpu:fez,ONLINE,
2026-08-15T20:59:24+00:00,aws:iqm:qpu:garnet,UNAVAILABLE,
2026-08-15T20:59:24+00:00,azure:rigetti:qpu:cepheus-1-36q,OFFLINE,
2026-08-15T20:59:24+00:00,azure:ionq:qpu:forte-enterprise-1,OFFLINE,
2026-08-15T20:59:24+00:00,ibm:ibm:qpu:boston,ONLINE,
2026-08-15T20:59:24+00:00,ibm:ibm:qpu:miami,ONLINE,
2026-08-15T20:59:24+00:00,rigetti:rigetti:qpu:cepheus-1-108q,ONLINE,
2026-08-15T20:59:24+00:00,aws:rigetti:qpu:cepheus-1-108q,UNAVAILABLE,
2026-08-15T20:59:24+00:00,openquantum:aqt:qpu:ibex-q1,ONLINE,
2026-08-15T20:59:24+00:00,openquantum:ionq:qpu:forte-1,ONLINE,
2026-08-15T20:59:24+00:00,openquantum:ionq:qpu:forte-enterprise,ONLINE,
2026-08-15T20:59:24+00:00,openquantum:iqm:qpu:emerald,ONLINE,
2026-08-15T20:59:24+00:00,openquantum:iqm:qpu:garnet,ONLINE,
2026-08-15T20:59:24+00:00,openquantum:rigetti:qpu:cepheus-1-108q,ONLINE,
2026-08-15T21:28:50+00:00,aws:aqt:qpu:ibex-q1,UNAVAILABLE,
2026-08-15T21:28:50+00:00,aws:quera:qpu:aquila,ONLINE,
2026-08-15T21:28:50+00:00,ibm:ibm:qpu:marrakesh,ONLINE,
2026-08-15T21:28:50+00:00,ibm:ibm:qpu:pittsburgh,ONLINE,
2026-08-15T21:28:50+00:00,azure:pasqal:qpu:fresnel,OFFLINE,
2026-08-15T21:28:50+00:00,aws:iqm:qpu:emerald,UNAVAILABLE,
2026-08-15T21:28:50+00:00,azure:ionq:qpu:forte-1,OFFLINE,
2026-08-15T21:28:50+00:00,ibm:ibm:qpu:kingston,ONLINE,
2026-08-15T21:28:50+00:00,aws:ionq:qpu:forte-1,ONLINE,
2026-08-15T21:28:50+00:00,aws:ionq:qpu:forte-enterprise-1,ONLINE,
2026-08-15T21:28:50+00:00,ionq:ionq:qpu:forte-1,ONLINE,
2026-08-15T21:28:50+00:00,ibm:ibm:qpu:fez,ONLINE,
2026-08-15T21:28:50+00:00,aws:iqm:qpu:garnet,UNAVAILABLE,
2026-08-15T21:28:50+00:00,azure:rigetti:qpu:cepheus-1-36q,OFFLINE,
2026-08-15T21:28:50+00:00,azure:ionq:qpu:forte-enterprise-1,OFFLINE,
2026-08-15T21:28:50+00:00,ibm:ibm:qpu:boston,ONLINE,
2026-08-15T21:28:50+00:00,ibm:ibm:qpu:miami,ONLINE,
2026-08-15T21:28:50+00:00,rigetti:rigetti:qpu:cepheus-1-108q,ONLINE,
2026-08-15T21:28:50+00:00,aws:rigetti:qpu:cepheus-1-108q,ONLINE,
2026-08-15T21:28:50+00:00,openquantum:aqt:qpu:ibex-q1,ONLINE,
2026-08-15T21:28:50+00:00,openquantum:ionq:qpu:forte-1,ONLINE,
2026-08-15T21:28:50+00:00,openquantum:ionq:qpu:forte-enterprise,ONLINE,
2026-08-15T21:28:50+00:00,openquantum:iqm:qpu:emerald,ONLINE,
2026-08-15T21:28:50+00:00,openquantum:iqm:qpu:garnet,ONLINE,
2026-08-15T21:28:50+00:00,openquantum:rigetti:qpu:cepheus-1-108q,ONLINE,
2026-08-15T21:56:26+00:00,aws:aqt:qpu:ibex-q1,UNAVAILABLE,
2026-08-15T21:56:26+00:00,aws:quera:qpu:aquila,ONLINE,
2026-08-15T21:56:26+00:00,ibm:ibm:qpu:marrakesh,ONLINE,
2026-08-15T21:56:26+00:00,ibm:ibm:qpu:pittsburgh,ONLINE,
2026-08-15T21:56:26+00:00,azure:pasqal:qpu:fresnel,OFFLINE,
2026-08-15T21:56:26+00:00,aws:iqm:qpu:emerald,UNAVAILABLE,
2026-08-15T21:56:26+00:00,azure:ionq:qpu:forte-1,OFFLINE,
2026-08-15T21:56:26+00:00,ibm:ibm:qpu:kingston,ONLINE,
2026-08-15T21:56:26+00:00,aws:ionq:qpu:forte-1,ONLINE,
2026-08-15T21:56:26+00:00,aws:ionq:qpu:forte-enterprise-1,ONLINE,
2026-08-15T21:56:26+00:00,ionq:ionq:qpu:forte-1,ONLINE,
2026-08-15T21:56:26+00:00,ibm:ibm:qpu:fez,ONLINE,
2026-08-15T21:56:26+00:00,aws:iqm:qpu:garnet,UNAVAILABLE,
2026-08-15T21:56:26+00:00,azure:rigetti:qpu:cepheus-1-36q,OFFLINE,
2026-08-15T21:56:26+00:00,azure:ionq:qpu:forte-enterprise-1,OFFLINE,
2026-08-15T21:56:26+00:00,ibm:ibm:qpu:boston,ONLINE,
2026-08-15T21:56:26+00:00,ibm:ibm:qpu:miami,ONLINE,
2026-08-15T21:56:26+00:00,rigetti:rigetti:qpu:cepheus-1-108q,ONLINE,
2026-08-15T21:56:26+00:00,aws:rigetti:qpu:cepheus-1-108q,ONLINE,
2026-08-15T21:56:26+00:00,openquantum:aqt:qpu:ibex-q1,ONLINE,
2026-08-15T21:56:26+00:00,openquantum:ionq:qpu:forte-1,ONLINE,
2026-08-15T21:56:26+00:00,openquantum:ionq:qpu:forte-enterprise,ONLINE,
2026-08-15T21:56:26+00:00,openquantum:iqm:qpu:emerald,ONLINE,
2026-08-15T21:56:26+00:00,openquantum:iqm:qpu:garnet,ONLINE,
2026-08-15T21:56:26+00:00,openquantum:rigetti:qpu:cepheus-1-108q,ONLINE,
2026-08-15T22:24:26+00:00,aws:aqt:qpu:ibex-q1,UNAVAILABLE,
2026-08-15T22:24:26+00:00,aws:quera:qpu:aquila,ONLINE,
2026-08-15T22:24:26+00:00,ibm:ibm:qpu:marrakesh,ONLINE,
2026-08-15T22:24:26+00:00,ibm:ibm:qpu:pittsburgh,ONLINE,
2026-08-15T22:24:26+00:00,azure:pasqal:qpu:fresnel,OFFLINE,
2026-08-15T22:24:26+00:00,aws:iqm:qpu:emerald,UNAVAILABLE,
2026-08-15T22:24:26+00:00,azure:ionq:qpu:forte-1,OFFLINE,
2026-08-15T22:24:26+00:00,ibm:ibm:qpu:kingston,ONLINE,
2026-08-15T22:24:26+00:00,aws:ionq:qpu:forte-1,ONLINE,
2026-08-15T22:24:26+00:00,aws:ionq:qpu:forte-enterprise-1,ONLINE,
2026-08-15T22:24:26+00:00,ionq:ionq:qpu:forte-1,ONLINE,
2026-08-15T22:24:26+00:00,ibm:ibm:qpu:fez,ONLINE,
2026-08-15T22:24:26+00:00,aws:iqm:qpu:garnet,UNAVAILABLE,
2026-08-15T22:24:26+00:00,azure:rigetti:qpu:cepheus-1-36q,OFFLINE,
2026-08-15T22:24:26+00:00,azure:ionq:qpu:forte-enterprise-1,OFFLINE,
2026-08-15T22:24:26+00:00,ibm:ibm:qpu:boston,ONLINE,
2026-08-15T22:24:26+00:00,ibm:ibm:qpu:miami,ONLINE,
2026-08-15T22:24:26+00:00,rigetti:rigetti:qpu:cepheus-1-108q,ONLINE,
2026-08-15T22:24:26+00:00,aws:rigetti:qpu:cepheus-1-108q,ONLINE,
2026-08-15T22:24:26+00:00,openquantum:aqt:qpu:ibex-q1,ONLINE,
2026-08-15T22:24:26+00:00,openquantum:ionq:qpu:forte-1,ONLINE,
2026-08-15T22:24:26+00:00,openquantum:ionq:qpu:forte-enterprise,ONLINE,
2026-08-15T22:24:26+00:00,openquantum:iqm:qpu:emerald,ONLINE,
2026-08-15T22:24:26+00:00,openquantum:iqm:qpu:garnet,ONLINE,
2026-08-15T22:24:26+00:00,openquantum:rigetti:qpu:cepheus-1-108q,ONLINE,
2026-08-15T22:58:24+00:00,aws:aqt:qpu:ibex-q1,UNAVAILABLE,
2026-08-15T22:58:24+00:00,aws:quera:qpu:aquila,ONLINE,
2026-08-15T22:58:24+00:00,ibm:ibm:qpu:marrakesh,ONLINE,
2026-08-15T22:58:24+00:00,ibm:ibm:qpu:pittsburgh,ONLINE,
2026-08-15T22:58:24+00:00,azure:pasqal:qpu:fresnel,OFFLINE,
2026-08-15T22:58:24+00:00,aws:iqm:qpu:emerald,UNAVAILABLE,
2026-08-15T22:58:24+00:00,azure:ionq:qpu:forte-1,OFFLINE,
2026-08-15T22:58:24+00:00,ibm:ibm:qpu:kingston,ONLINE,
2026-08-15T22:58:24+00:00,aws:ionq:qpu:forte-1,ONLINE,
2026-08-15T22:58:24+00:00,aws:ionq:qpu:forte-enterprise-1,ONLINE,
2026-08-15T22:58:24+00:00,ionq:ionq:qpu:forte-1,ONLINE,
2026-08-15T22:58:24+00:00,ibm:ibm:qpu:fez,ONLINE,
2026-08-15T22:58:24+00:00,aws:iqm:qpu:garnet,UNAVAILABLE,
2026-08-15T22:58:24+00:00,azure:rigetti:qpu:cepheus-1-36q,OFFLINE,
2026-08-15T22:58:24+00:00,azure:ionq:qpu:forte-enterprise-1,OFFLINE,
2026-08-15T22:58:24+00:00,ibm:ibm:qpu:boston,ONLINE,
2026-08-15T22:58:24+00:00,ibm:ibm:qpu:miami,ONLINE,
2026-08-15T22:58:24+00:00,rigetti:rigetti:qpu:cepheus-1-108q,ONLINE,
2026-08-15T22:58:24+00:00,aws:rigetti:qpu:cepheus-1-108q,ONLINE,
2026-08-15T22:58:24+00:00,openquantum:aqt:qpu:ibex-q1,ONLINE,
2026-08-15T22:58:24+00:00,openquantum:ionq:qpu:forte-1,ONLINE,
2026-08-15T22:58:24+00:00,openquantum:ionq:qpu:forte-enterprise,ONLINE,
2026-08-15T22:58:24+00:00,openquantum:iqm:qpu:emerald,ONLINE,
2026-08-15T22:58:24+00:00,openquantum:iqm:qpu:garnet,ONLINE,
2026-08-15T22:58:24+00:00,openquantum:rigetti:qpu:cepheus-1-108q,ONLINE,
2026-08-15T23:27:16+00:00,aws:aqt:qpu:ibex-q1,UNAVAILABLE,
2026-08-15T23:27:16+00:00,aws:quera:qpu:aquila,ONLINE,
2026-08-15T23:27:16+00:00,ibm:ibm:qpu:marrakesh,ONLINE,
2026-08-15T23:27:16+00:00,ibm:ibm:qpu:pittsburgh,ONLINE,
2026-08-15T23:27:16+00:00,azure:pasqal:qpu:fresnel,OFFLINE,
2026-08-15T23:27:16+00:00,aws:iqm:qpu:emerald,UNAVAILABLE,
2026-08-15T23:27:16+00:00,azure:ionq:qpu:forte-1,OFFLINE,
2026-08-15T23:27:16+00:00,ibm:ibm:qpu:kingston,ONLINE,
2026-08-15T23:27:16+00:00,aws:ionq:qpu:forte-1,ONLINE,
2026-08-15T23:27:16+00:00,aws:ionq:qpu:forte-enterprise-1,ONLINE,
2026-08-15T23:27:16+00:00,ionq:ionq:qpu:forte-1,ONLINE,
2026-08-15T23:27:16+00:00,ibm:ibm:qpu:fez,ONLINE,
2026-08-15T23:27:16+00:00,aws:iqm:qpu:garnet,UNAVAILABLE,
2026-08-15T23:27:16+00:00,azure:rigetti:qpu:cepheus-1-36q,OFFLINE,
2026-08-15T23:27:16+00:00,azure:ionq:qpu:forte-enterprise-1,OFFLINE,
2026-08-15T23:27:16+00:00,ibm:ibm:qpu:boston,ONLINE,
2026-08-15T23:27:16+00:00,ibm:ibm:qpu:miami,ONLINE,
2026-08-15T23:27:16+00:00,rigetti:rigetti:qpu:cepheus-1-108q,ONLINE,
2026-08-15T23:27:16+00:00,aws:rigetti:qpu:cepheus-1-108q,ONLINE,
2026-08-15T23:27:16+00:00,openquantum:aqt:qpu:ibex-q1,ONLINE,
2026-08-15T23:27:16+00:00,openquantum:ionq:qpu:forte-1,ONLINE,
2026-08-15T23:27:16+00:00,openquantum:ionq:qpu:forte-enterprise,ONLINE,
2026-08-15T23:27:16+00:00,openquantum:iqm:qpu:emerald,ONLINE,
2026-08-15T23:27:16+00:00,openquantum:iqm:qpu:garnet,ONLINE,
2026-08-15T23:27:16+00:00,openquantum:rigetti:qpu:cepheus-1-108q,ONLINE,
2026-08-15T23:57:08+00:00,aws:aqt:qpu:ibex-q1,UNAVAILABLE,
2026-08-15T23:57:08+00:00,aws:quera:qpu:aquila,ONLINE,
2026-08-15T23:57:08+00:00,ibm:ibm:qpu:marrakesh,ONLINE,
2026-08-15T23:57:08+00:00,ibm:ibm:qpu:pittsburgh,ONLINE,
2026-08-15T23:57:08+00:00,azure:pasqal:qpu:fresnel,OFFLINE,
2026-08-15T23:57:08+00:00,aws:iqm:qpu:emerald,UNAVAILABLE,
2026-08-15T23:57:08+00:00,azure:ionq:qpu:forte-1,OFFLINE,
2026-08-15T23:57:08+00:00,ibm:ibm:qpu:kingston,ONLINE,
2026-08-15T23:57:08+00:00,aws:ionq:qpu:forte-1,ONLINE,
2026-08-15T23:57:08+00:00,aws:ionq:qpu:forte-enterprise-1,ONLINE,
2026-08-15T23:57:08+00:00,ionq:ionq:qpu:forte-1,ONLINE,
2026-08-15T23:57:08+00:00,ibm:ibm:qpu:fez,ONLINE,
2026-08-15T23:57:08+00:00,aws:iqm:qpu:garnet,UNAVAILABLE,
2026-08-15T23:57:08+00:00,azure:rigetti:qpu:cepheus-1-36q,OFFLINE,
2026-08-15T23:57:08+00:00,azure:ionq:qpu:forte-enterprise-1,OFFLINE,
2026-08-15T23:57:08+00:00,ibm:ibm:qpu:boston,ONLINE,
2026-08-15T23:57:08+00:00,ibm:ibm:qpu:miami,ONLINE,
2026-08-15T23:57:08+00:00,rigetti:rigetti:qpu:cepheus-1-108q,ONLINE,
2026-08-15T23:57:08+00:00,aws:rigetti:qpu:cepheus-1-108q,ONLINE,
2026-08-15T23:57:08+00:00,openquantum:aqt:qpu:ibex-q1,ONLINE,
2026-08-15T23:57:08+00:00,openquantum:ionq:qpu:forte-1,ONLINE,
2026-08-15T23:57:08+00:00,openquantum:ionq:qpu:forte-enterprise,ONLINE,
2026-08-15T23:57:08+00:00,openquantum:iqm:qpu:emerald,ONLINE,
2026-08-15T23:57:08+00:00,openquantum:iqm:qpu:garnet,ONLINE,
2026-08-15T23:57:08+00:00,openquantum:rigetti:qpu:cepheus-1-108q,ONLINE,
2026-08-16T01:40:45+00:00,aws:aqt:qpu:ibex-q1,UNAVAILABLE,
2026-08-16T01:40:45+00:00,aws:quera:qpu:aquila,ONLINE,
2026-08-16T01:40:45+00:00,ibm:ibm:qpu:marrakesh,ONLINE,
2026-08-16T01:40:45+00:00,ibm:ibm:qpu:pittsburgh,ONLINE,
2026-08-16T01:40:45+00:00,azure:pasqal:qpu:fresnel,OFFLINE,
2026-08-16T01:40:45+00:00,aws:iqm:qpu:emerald,UNAVAILABLE,
2026-08-16T01:40:45+00:00,azure:ionq:qpu:forte-1,OFFLINE,
2026-08-16T01:40:45+00:00,ibm:ibm:qpu:kingston,ONLINE,
2026-08-16T01:40:45+00:00,aws:ionq:qpu:forte-1,ONLINE,
2026-08-16T01:40:45+00:00,aws:ionq:qpu:forte-enterprise-1,ONLINE,
2026-08-16T01:40:45+00:00,ionq:ionq:qpu:forte-1,ONLINE,
2026-08-16T01:40:45+00:00,ibm:ibm:qpu:fez,ONLINE,
2026-08-16T01:40:45+00:00,aws:iqm:qpu:garnet,UNAVAILABLE,
2026-08-16T01:40:45+00:00,azure:rigetti:qpu:cepheus-1-36q,OFFLINE,
2026-08-16T01:40:45+00:00,azure:ionq:qpu:forte-enterprise-1,OFFLINE,
2026-08-16T01:40:45+00:00,ibm:ibm:qpu:boston,ONLINE,
2026-08-16T01:40:45+00:00,ibm:ibm:qpu:miami,ONLINE,
2026-08-16T01:40:45+00:00,rigetti:rigetti:qpu:cepheus-1-108q,ONLINE,
2026-08-16T01:40:45+00:00,aws:rigetti:qpu:cepheus-1-108q,ONLINE,
2026-08-16T01:40:45+00:00,openquantum:aqt:qpu:ibex-q1,ONLINE,
2026-08-16T01:40:45+00:00,openquantum:ionq:qpu:forte-1,ONLINE,
2026-08-16T01:40:45+00:00,openquantum:ionq:qpu:forte-enterprise,ONLINE,
2026-08-16T01:40:45+00:00,openquantum:iqm:qpu:emerald,ONLINE,
2026-08-16T01:40:45+00:00,openquantum:iqm:qpu:garnet,ONLINE,
2026-08-16T01:40:45+00:00,openquantum:rigetti:qpu:cepheus-1-108q,ONLINE,
2026-08-16T02:47:14+00:00,aws:aqt:qpu:ibex-q1,UNAVAILABLE,
2026-08-16T02:47:14+00:00,aws:quera:qpu:aquila,ONLINE,
2026-08-16T02:47:14+00:00,ibm:ibm:qpu:marrakesh,ONLINE,
2026-08-16T02:47:14+00:00,ibm:ibm:qpu:pittsburgh,ONLINE,
2026-08-16T02:47:14+00:00,azure:pasqal:qpu:fresnel,OFFLINE,
2026-08-16T02:47:14+00:00,aws:iqm:qpu:emerald,UNAVAILABLE,
2026-08-16T02:47:14+00:00,azure:ionq:qpu:forte-1,OFFLINE,
2026-08-16T02:47:14+00:00,ibm:ibm:qpu:kingston,ONLINE,
2026-08-16T02:47:14+00:00,aws:ionq:qpu:forte-1,ONLINE,
2026-08-16T02:47:14+00:00,aws:ionq:qpu:forte-enterprise-1,ONLINE,
2026-08-16T02:47:14+00:00,ionq:ionq:qpu:forte-1,ONLINE,
2026-08-16T02:47:14+00:00,ibm:ibm:qpu:fez,ONLINE,
2026-08-16T02:47:14+00:00,aws:iqm:qpu:garnet,UNAVAILABLE,
2026-08-16T02:47:14+00:00,azure:rigetti:qpu:cepheus-1-36q,OFFLINE,
2026-08-16T02:47:14+00:00,azure:ionq:qpu:forte-enterprise-1,OFFLINE,
2026-08-16T02:47:14+00:00,ibm:ibm:qpu:boston,ONLINE,
2026-08-16T02:47:14+00:00,ibm:ibm:qpu:miami,ONLINE,
2026-08-16T02:47:14+00:00,rigetti:rigetti:qpu:cepheus-1-108q,ONLINE,
2026-08-16T02:47:14+00:00,aws:rigetti:qpu:cepheus-1-108q,ONLINE,
2026-08-16T02:47:14+00:00,openquantum:aqt:qpu:ibex-q1,ONLINE,
2026-08-16T02:47:14+00:00,openquantum:ionq:qpu:forte-1,ONLINE,
2026-08-16T02:47:14+00:00,openquantum:ionq:qpu:forte-enterprise,ONLINE,
2026-08-16T02:47:14+00:00,openquantum:iqm:qpu:emerald,ONLINE,
2026-08-16T02:47:14+00:00,openquantum:iqm:qpu:garnet,ONLINE,
2026-08-16T02:47:14+00:00,openquantum:rigetti:qpu:cepheus-1-108q,ONLINE,
2026-08-16T03:47:18+00:00,aws:aqt:qpu:ibex-q1,UNAVAILABLE,
2026-08-16T03:47:18+00:00,aws:quera:qpu:aquila,ONLINE,
2026-08-16T03:47:18+00:00,ibm:ibm:qpu:marrakesh,ONLINE,
2026-08-16T03:47:18+00:00,ibm:ibm:qpu:pittsburgh,ONLINE,
2026-08-16T03:47:18+00:00,azure:pasqal:qpu:fresnel,OFFLINE,
2026-08-16T03:47:18+00:00,aws:iqm:qpu:emerald,UNAVAILABLE,
2026-08-16T03:47:18+00:00,azure:ionq:qpu:forte-1,OFFLINE,
2026-08-16T03:47:18+00:00,ibm:ibm:qpu:kingston,ONLINE,
2026-08-16T03:47:18+00:00,aws:ionq:qpu:forte-1,ONLINE,
2026-08-16T03:47:18+00:00,aws:ionq:qpu:forte-enterprise-1,ONLINE,
2026-08-16T03:47:18+00:00,ionq:ionq:qpu:forte-1,ONLINE,
2026-08-16T03:47:18+00:00,ibm:ibm:qpu:fez,ONLINE,
2026-08-16T03:47:18+00:00,aws:iqm:qpu:garnet,UNAVAILABLE,
2026-08-16T03:47:18+00:00,azure:rigetti:qpu:cepheus-1-36q,OFFLINE,
2026-08-16T03:47:18+00:00,azure:ionq:qpu:forte-enterprise-1,OFFLINE,
2026-08-16T03:47:18+00:00,ibm:ibm:qpu:boston,ONLINE,
2026-08-16T03:47:18+00:00,ibm:ibm:qpu:miami,ONLINE,
2026-08-16T03:47:18+00:00,rigetti:rigetti:qpu:cepheus-1-108q,ONLINE,
2026-08-16T03:47:18+00:00,aws:rigetti:qpu:cepheus-1-108q,ONLINE,
2026-08-16T03:47:18+00:00,openquantum:aqt:qpu:ibex-q1,ONLINE,
2026-08-16T03:47:18+00:00,openquantum:ionq:qpu:forte-1,ONLINE,
2026-08-16T03:47:18+00:00,openquantum:ionq:qpu:forte-enterprise,ONLINE,
2026-08-16T03:47:18+00:00,openquantum:iqm:qpu:emerald,ONLINE,
2026-08-16T03:47:18+00:00,openquantum:iqm:qpu:garnet,ONLINE,
2026-08-16T03:47:18+00:00,openquantum:rigetti:qpu:cepheus-1-108q,ONLINE,
2026-08-16T04:34:46+00:00,aws:aqt:qpu:ibex-q1,UNAVAILABLE,
2026-08-16T04:34:46+00:00,aws:quera:qpu:aquila,ONLINE,
2026-08-16T04:34:46+00:00,ibm:ibm:qpu:marrakesh,ONLINE,
2026-08-16T04:34:46+00:00,ibm:ibm:qpu:pittsburgh,ONLINE,
2026-08-16T04:34:46+00:00,azure:pasqal:qpu:fresnel,OFFLINE,
2026-08-16T04:34:46+00:00,aws:iqm:qpu:emerald,UNAVAILABLE,
2026-08-16T04:34:46+00:00,azure:ionq:qpu:forte-1,OFFLINE,
2026-08-16T04:34:46+00:00,ibm:ibm:qpu:kingston,ONLINE,
2026-08-16T04:34:46+00:00,aws:ionq:qpu:forte-1,ONLINE,
2026-08-16T04:34:46+00:00,aws:ionq:qpu:forte-enterprise-1,ONLINE,
2026-08-16T04:34:46+00:00,ionq:ionq:qpu:forte-1,ONLINE,
2026-08-16T04:34:46+00:00,ibm:ibm:qpu:fez,ONLINE,
2026-08-16T04:34:46+00:00,aws:iqm:qpu:garnet,UNAVAILABLE,
2026-08-16T04:34:46+00:00,azure:rigetti:qpu:cepheus-1-36q,OFFLINE,
2026-08-16T04:34:46+00:00,azure:ionq:qpu:forte-enterprise-1,OFFLINE,
2026-08-16T04:34:46+00:00,ibm:ibm:qpu:boston,ONLINE,
2026-08-16T04:34:46+00:00,ibm:ibm:qpu:miami,ONLINE,
2026-08-16T04:34:46+00:00,rigetti:rigetti:qpu:cepheus-1-108q,ONLINE,
2026-08-16T04:34:46+00:00,aws:rigetti:qpu:cepheus-1-108q,ONLINE,
2026-08-16T04:34:46+00:00,openquantum:aqt:qpu:ibex-q1,ONLINE,
2026-08-16T04:34:46+00:00,openquantum:ionq:qpu:forte-1,ONLINE,
2026-08-16T04:34:46+00:00,openquantum:ionq:qpu:forte-enterprise,ONLINE,
2026-08-16T04:34:46+00:00,openquantum:iqm:qpu:emerald,ONLINE,
2026-08-16T04:34:46+00:00,openquantum:iqm:qpu:garnet,ONLINE,
2026-08-16T04:34:46+00:00,openquantum:rigetti:qpu:cepheus-1-108q,ONLINE,
2026-08-16T05:05:36+00:00,aws:aqt:qpu:ibex-q1,UNAVAILABLE,
2026-08-16T05:05:36+00:00,aws:quera:qpu:aquila,ONLINE,
2026-08-16T05:05:36+00:00,ibm:ibm:qpu:marrakesh,ONLINE,
2026-08-16T05:05:36+00:00,ibm:ibm:qpu:pittsburgh,ONLINE,
2026-08-16T05:05:36+00:00,azure:pasqal:qpu:fresnel,OFFLINE,
2026-08-16T05:05:36+00:00,aws:iqm:qpu:emerald,UNAVAILABLE,
2026-08-16T05:05:36+00:00,azure:ionq:qpu:forte-1,OFFLINE,
2026-08-16T05:05:36+00:00,ibm:ibm:qpu:kingston,ONLINE,
2026-08-16T05:05:36+00:00,aws:ionq:qpu:forte-1,ONLINE,
2026-08-16T05:05:36+00:00,aws:ionq:qpu:forte-enterprise-1,ONLINE,
2026-08-16T05:05:36+00:00,ionq:ionq:qpu:forte-1,ONLINE,
2026-08-16T05:05:36+00:00,ibm:ibm:qpu:fez,ONLINE,
2026-08-16T05:05:36+00:00,aws:iqm:qpu:garnet,UNAVAILABLE,
2026-08-16T05:05:36+00:00,azure:rigetti:qpu:cepheus-1-36q,OFFLINE,
2026-08-16T05:05:36+00:00,azure:ionq:qpu:forte-enterprise-1,OFFLINE,
2026-08-16T05:05:36+00:00,ibm:ibm:qpu:boston,ONLINE,
2026-08-16T05:05:36+00:00,ibm:ibm:qpu:miami,ONLINE,
2026-08-16T05:05:36+00:00,rigetti:rigetti:qpu:cepheus-1-108q,ONLINE,
2026-08-16T05:05:36+00:00,aws:rigetti:qpu:cepheus-1-108q,ONLINE,
2026-08-16T05:05:36+00:00,openquantum:aqt:qpu:ibex-q1,ONLINE,
2026-08-16T05:05:36+00:00,openquantum:ionq:qpu:forte-1,ONLINE,
2026-08-16T05:05:36+00:00,openquantum:ionq:qpu:forte-enterprise,ONLINE,
2026-08-16T05:05:36+00:00,openquantum:iqm:qpu:emerald,ONLINE,
2026-08-16T05:05:36+00:00,openquantum:iqm:qpu:garnet,ONLINE,
2026-08-16T05:05:36+00:00,openquantum:rigetti:qpu:cepheus-1-108q,ONLINE,
2026-08-16T06:01:21+00:00,aws:aqt:qpu:ibex-q1,UNAVAILABLE,
2026-08-16T06:01:21+00:00,aws:quera:qpu:aquila,ONLINE,
2026-08-16T06:01:21+00:00,ibm:ibm:qpu:marrakesh,ONLINE,
2026-08-16T06:01:21+00:00,ibm:ibm:qpu:pittsburgh,ONLINE,
2026-08-16T06:01:21+00:00,azure:pasqal:qpu:fresnel,OFFLINE,
2026-08-16T06:01:21+00:00,aws:iqm:qpu:emerald,UNAVAILABLE,
2026-08-16T06:01:21+00:00,azure:ionq:qpu:forte-1,OFFLINE,
2026-08-16T06:01:21+00:00,ibm:ibm:qpu:kingston,ONLINE,
2026-08-16T06:01:21+00:00,aws:ionq:qpu:forte-1,ONLINE,
2026-08-16T06:01:21+00:00,aws:ionq:qpu:forte-enterprise-1,ONLINE,
2026-08-16T06:01:21+00:00,ionq:ionq:qpu:forte-1,ONLINE,
2026-08-16T06:01:21+00:00,ibm:ibm:qpu:fez,ONLINE,
2026-08-16T06:01:21+00:00,aws:iqm:qpu:garnet,UNAVAILABLE,
2026-08-16T06:01:21+00:00,azure:rigetti:qpu:cepheus-1-36q,OFFLINE,
2026-08-16T06:01:21+00:00,azure:ionq:qpu:forte-enterprise-1,OFFLINE,
2026-08-16T06:01:21+00:00,ibm:ibm:qpu:boston,ONLINE,
2026-08-16T06:01:21+00:00,ibm:ibm:qpu:miami,ONLINE,
2026-08-16T06:01:21+00:00,rigetti:rigetti:qpu:cepheus-1-108q,ONLINE,
2026-08-16T06:01:21+00:00,aws:rigetti:qpu:cepheus-1-108q,ONLINE,
2026-08-16T06:01:21+00:00,openquantum:aqt:qpu:ibex-q1,ONLINE,
2026-08-16T06:01:21+00:00,openquantum:ionq:qpu:forte-1,ONLINE,
2026-08-16T06:01:21+00:00,openquantum:ionq:qpu:forte-enterprise,ONLINE,
2026-08-16T06:01:21+00:00,openquantum:iqm:qpu:emerald,ONLINE,
2026-08-16T06:01:21+00:00,openquantum:iqm:qpu:garnet,ONLINE,
2026-08-16T06:01:21+00:00,openquantum:rigetti:qpu:cepheus-1-108q,ONLINE,
2026-08-16T07:18:15+00:00,aws:aqt:qpu:ibex-q1,UNAVAILABLE,
2026-08-16T07:18:15+00:00,aws:quera:qpu:aquila,ONLINE,
2026-08-16T07:18:15+00:00,ibm:ibm:qpu:marrakesh,ONLINE,
2026-08-16T07:18:15+00:00,ibm:ibm:qpu:pittsburgh,ONLINE,
2026-08-16T07:18:15+00:00,azure:pasqal:qpu:fresnel,OFFLINE,
2026-08-16T07:18:15+00:00,aws:iqm:qpu:emerald,UNAVAILABLE,
2026-08-16T07:18:15+00:00,azure:ionq:qpu:forte-1,OFFLINE,
2026-08-16T07:18:15+00:00,ibm:ibm:qpu:kingston,ONLINE,
2026-08-16T07:18:15+00:00,aws:ionq:qpu:forte-1,ONLINE,
2026-08-16T07:18:15+00:00,aws:ionq:qpu:forte-enterprise-1,ONLINE,
2026-08-16T07:18:15+00:00,ionq:ionq:qpu:forte-1,ONLINE,
2026-08-16T07:18:15+00:00,ibm:ibm:qpu:fez,ONLINE,
2026-08-16T07:18:15+00:00,aws:iqm:qpu:garnet,UNAVAILABLE,
2026-08-16T07:18:15+00:00,azure:rigetti:qpu:cepheus-1-36q,OFFLINE,
2026-08-16T07:18:15+00:00,azure:ionq:qpu:forte-enterprise-1,OFFLINE,
2026-08-16T07:18:15+00:00,ibm:ibm:qpu:boston,ONLINE,
2026-08-16T07:18:15+00:00,ibm:ibm:qpu:miami,ONLINE,
2026-08-16T07:18:15+00:00,rigetti:rigetti:qpu:cepheus-1-108q,ONLINE,
2026-08-16T07:18:15+00:00,aws:rigetti:qpu:cepheus-1-108q,UNAVAILABLE,
2026-08-16T07:18:15+00:00,openquantum:aqt:qpu:ibex-q1,ONLINE,
2026-08-16T07:18:15+00:00,openquantum:ionq:qpu:forte-1,ONLINE,
2026-08-16T07:18:15+00:00,openquantum:ionq:qpu:forte-enterprise,ONLINE,
2026-08-16T07:18:15+00:00,openquantum:iqm:qpu:emerald,ONLINE,
2026-08-16T07:18:15+00:00,openquantum:iqm:qpu:garnet,ONLINE,
2026-08-16T07:18:15+00:00,openquantum:rigetti:qpu:cepheus-1-108q,ONLINE,
2026-08-16T08:00:43+00:00,aws:aqt:qpu:ibex-q1,UNAVAILABLE,
2026-08-16T08:00:43+00:00,aws:quera:qpu:aquila,ONLINE,
2026-08-16T08:00:43+00:00,ibm:ibm:qpu:marrakesh,ONLINE,
2026-08-16T08:00:43+00:00,ibm:ibm:qpu:pittsburgh,ONLINE,
2026-08-16T08:00:43+00:00,azure:pasqal:qpu:fresnel,OFFLINE,
2026-08-16T08:00:43+00:00,aws:iqm:qpu:emerald,UNAVAILABLE,
2026-08-16T08:00:43+00:00,azure:ionq:qpu:forte-1,OFFLINE,
2026-08-16T08:00:43+00:00,ibm:ibm:qpu:kingston,ONLINE,
2026-08-16T08:00:43+00:00,aws:ionq:qpu:forte-1,ONLINE,
2026-08-16T08:00:43+00:00,aws:ionq:qpu:forte-enterprise-1,ONLINE,
2026-08-16T08:00:43+00:00,ionq:ionq:qpu:forte-1,ONLINE,
2026-08-16T08:00:43+00:00,ibm:ibm:qpu:fez,ONLINE,
2026-08-16T08:00:43+00:00,aws:iqm:qpu:garnet,UNAVAILABLE,
2026-08-16T08:00:43+00:00,azure:rigetti:qpu:cepheus-1-36q,OFFLINE,
2026-08-16T08:00:43+00:00,azure:ionq:qpu:forte-enterprise-1,OFFLINE,
2026-08-16T08:00:43+00:00,ibm:ibm:qpu:boston,ONLINE,
2026-08-16T08:00:43+00:00,ibm:ibm:qpu:miami,ONLINE,
2026-08-16T08:00:43+00:00,rigetti:rigetti:qpu:cepheus-1-108q,ONLINE,
2026-08-16T08:00:43+00:00,aws:rigetti:qpu:cepheus-1-108q,UNAVAILABLE,
2026-08-16T08:00:43+00:00,openquantum:aqt:qpu:ibex-q1,ONLINE,
2026-08-16T08:00:43+00:00,openquantum:ionq:qpu:forte-1,ONLINE,
2026-08-16T08:00:43+00:00,openquantum:ionq:qpu:forte-enterprise,ONLINE,
2026-08-16T08:00:43+00:00,openquantum:iqm:qpu:emerald,ONLINE,
2026-08-16T08:00:43+00:00,openquantum:iqm:qpu:garnet,ONLINE,
2026-08-16T08:00:43+00:00,openquantum:rigetti:qpu:cepheus-1-108q,ONLINE,
2026-08-16T09:02:51+00:00,aws:aqt:qpu:ibex-q1,UNAVAILABLE,
2026-08-16T09:02:51+00:00,aws:quera:qpu:aquila,ONLINE,
2026-08-16T09:02:51+00:00,ibm:ibm:qpu:marrakesh,ONLINE,
2026-08-16T09:02:51+00:00,ibm:ibm:qpu:pittsburgh,ONLINE,
2026-08-16T09:02:51+00:00,azure:pasqal:qpu:fresnel,OFFLINE,
2026-08-16T09:02:51+00:00,aws:iqm:qpu:emerald,UNAVAILABLE,
2026-08-16T09:02:51+00:00,azure:ionq:qpu:forte-1,OFFLINE,
2026-08-16T09:02:51+00:00,ibm:ibm:qpu:kingston,ONLINE,
2026-08-16T09:02:51+00:00,aws:ionq:qpu:forte-1,ONLINE,
2026-08-16T09:02:51+00:00,aws:ionq:qpu:forte-enterprise-1,ONLINE,
2026-08-16T09:02:51+00:00,ionq:ionq:qpu:forte-1,ONLINE,
2026-08-16T09:02:51+00:00,ibm:ibm:qpu:fez,ONLINE,
2026-08-16T09:02:51+00:00,aws:iqm:qpu:garnet,UNAVAILABLE,
2026-08-16T09:02:51+00:00,azure:rigetti:qpu:cepheus-1-36q,OFFLINE,
2026-08-16T09:02:51+00:00,azure:ionq:qpu:forte-enterprise-1,OFFLINE,
2026-08-16T09:02:51+00:00,ibm:ibm:qpu:boston,ONLINE,
2026-08-16T09:02:51+00:00,ibm:ibm:qpu:miami,ONLINE,
2026-08-16T09:02:51+00:00,rigetti:rigetti:qpu:cepheus-1-108q,ONLINE,
2026-08-16T09:02:51+00:00,aws:rigetti:qpu:cepheus-1-108q,ONLINE,
2026-08-16T09:02:51+00:00,openquantum:aqt:qpu:ibex-q1,ONLINE,
2026-08-16T09:02:51+00:00,openquantum:ionq:qpu:forte-1,ONLINE,
2026-08-16T09:02:51+00:00,openquantum:ionq:qpu:forte-enterprise,ONLINE,
2026-08-16T09:02:51+00:00,openquantum:iqm:qpu:emerald,ONLINE,
2026-08-16T09:02:51+00:00,openquantum:iqm:qpu:garnet,ONLINE,
2026-08-16T09:02:51+00:00,openquantum:rigetti:qpu:cepheus-1-108q,ONLINE,
2026-08-16T09:59:55+00:00,aws:aqt:qpu:ibex-q1,UNAVAILABLE,
2026-08-16T09:59:55+00:00,aws:quera:qpu:aquila,ONLINE,
2026-08-16T09:59:55+00:00,ibm:ibm:qpu:marrakesh,ONLINE,
2026-08-16T09:59:55+00:00,ibm:ibm:qpu:pittsburgh,ONLINE,
2026-08-16T09:59:55+00:00,azure:pasqal:qpu:fresnel,OFFLINE,
2026-08-16T09:59:55+00:00,aws:iqm:qpu:emerald,UNAVAILABLE,
2026-08-16T09:59:55+00:00,azure:ionq:qpu:forte-1,OFFLINE,
2026-08-16T09:59:55+00:00,ibm:ibm:qpu:kingston,ONLINE,
2026-08-16T09:59:55+00:00,aws:ionq:qpu:forte-1,ONLINE,
2026-08-16T09:59:55+00:00,aws:ionq:qpu:forte-enterprise-1,ONLINE,
2026-08-16T09:59:55+00:00,ionq:ionq:qpu:forte-1,ONLINE,
2026-08-16T09:59:55+00:00,ibm:ibm:qpu:fez,ONLINE,
2026-08-16T09:59:55+00:00,aws:iqm:qpu:garnet,UNAVAILABLE,
2026-08-16T09:59:55+00:00,azure:rigetti:qpu:cepheus-1-36q,OFFLINE,
2026-08-16T09:59:55+00:00,azure:ionq:qpu:forte-enterprise-1,OFFLINE,
2026-08-16T09:59:55+00:00,ibm:ibm:qpu:boston,ONLINE,
2026-08-16T09:59:55+00:00,ibm:ibm:qpu:miami,ONLINE,
2026-08-16T09:59:55+00:00,rigetti:rigetti:qpu:cepheus-1-108q,ONLINE,
2026-08-16T09:59:55+00:00,aws:rigetti:qpu:cepheus-1-108q,ONLINE,
2026-08-16T09:59:55+00:00,openquantum:aqt:qpu:ibex-q1,ONLINE,
2026-08-16T09:59:55+00:00,openquantum:ionq:qpu:forte-1,ONLINE,
2026-08-16T09:59:55+00:00,openquantum:ionq:qpu:forte-enterprise,ONLINE,
2026-08-16T09:59:55+00:00,openquantum:iqm:qpu:emerald,ONLINE,
2026-08-16T09:59:55+00:00,openquantum:iqm:qpu:garnet,ONLINE,
2026-08-16T09:59:55+00:00,openquantum:rigetti:qpu:cepheus-1-108q,ONLINE,
2026-08-16T10:32:02+00:00,aws:aqt:qpu:ibex-q1,UNAVAILABLE,
2026-08-16T10:32:02+00:00,aws:quera:qpu:aquila,ONLINE,
2026-08-16T10:32:02+00:00,ibm:ibm:qpu:marrakesh,ONLINE,
2026-08-16T10:32:02+00:00,ibm:ibm:qpu:pittsburgh,ONLINE,
2026-08-16T10:32:02+00:00,azure:pasqal:qpu:fresnel,OFFLINE,
2026-08-16T10:32:02+00:00,aws:iqm:qpu:emerald,UNAVAILABLE,
2026-08-16T10:32:02+00:00,azure:ionq:qpu:forte-1,OFFLINE,
2026-08-16T10:32:02+00:00,ibm:ibm:qpu:kingston,ONLINE,
2026-08-16T10:32:02+00:00,aws:ionq:qpu:forte-1,ONLINE,
2026-08-16T10:32:02+00:00,aws:ionq:qpu:forte-enterprise-1,ONLINE,
2026-08-16T10:32:02+00:00,ionq:ionq:qpu:forte-1,ONLINE,
2026-08-16T10:32:02+00:00,ibm:ibm:qpu:fez,ONLINE,
2026-08-16T10:32:02+00:00,aws:iqm:qpu:garnet,UNAVAILABLE,
2026-08-16T10:32:02+00:00,azure:rigetti:qpu:cepheus-1-36q,OFFLINE,
2026-08-16T10:32:02+00:00,azure:ionq:qpu:forte-enterprise-1,OFFLINE,
2026-08-16T10:32:02+00:00,ibm:ibm:qpu:boston,ONLINE,
2026-08-16T10:32:02+00:00,ibm:ibm:qpu:miami,ONLINE,
2026-08-16T10:32:02+00:00,rigetti:rigetti:qpu:cepheus-1-108q,ONLINE,
2026-08-16T10:32:02+00:00,aws:rigetti:qpu:cepheus-1-108q,ONLINE,
2026-08-16T10:32:02+00:00,openquantum:aqt:qpu:ibex-q1,ONLINE,
2026-08-16T10:32:02+00:00,openquantum:ionq:qpu:forte-1,ONLINE,
2026-08-16T10:32:02+00:00,openquantum:ionq:qpu:forte-enterprise,ONLINE,
2026-08-16T10:32:02+00:00,openquantum:iqm:qpu:emerald,ONLINE,
2026-08-16T10:32:02+00:00,openquantum:iqm:qpu:garnet,ONLINE,
2026-08-16T10:32:02+00:00,openquantum:rigetti:qpu:cepheus-1-108q,ONLINE,
2026-08-16T10:59:06+00:00,aws:aqt:qpu:ibex-q1,UNAVAILABLE,
2026-08-16T10:59:06+00:00,aws:quera:qpu:aquila,ONLINE,
2026-08-16T10:59:06+00:00,ibm:ibm:qpu:marrakesh,ONLINE,
2026-08-16T10:59:06+00:00,ibm:ibm:qpu:pittsburgh,ONLINE,
2026-08-16T10:59:06+00:00,azure:pasqal:qpu:fresnel,OFFLINE,
2026-08-16T10:59:06+00:00,aws:iqm:qpu:emerald,UNAVAILABLE,
2026-08-16T10:59:06+00:00,azure:ionq:qpu:forte-1,OFFLINE,
2026-08-16T10:59:06+00:00,ibm:ibm:qpu:kingston,ONLINE,
2026-08-16T10:59:06+00:00,aws:ionq:qpu:forte-1,ONLINE,
2026-08-16T10:59:06+00:00,aws:ionq:qpu:forte-enterprise-1,ONLINE,
2026-08-16T10:59:06+00:00,ionq:ionq:qpu:forte-1,ONLINE,
2026-08-16T10:59:06+00:00,ibm:ibm:qpu:fez,ONLINE,
2026-08-16T10:59:06+00:00,aws:iqm:qpu:garnet,UNAVAILABLE,
2026-08-16T10:59:06+00:00,azure:rigetti:qpu:cepheus-1-36q,OFFLINE,
2026-08-16T10:59:06+00:00,azure:ionq:qpu:forte-enterprise-1,OFFLINE,
2026-08-16T10:59:06+00:00,ibm:ibm:qpu:boston,ONLINE,
2026-08-16T10:59:06+00:00,ibm:ibm:qpu:miami,ONLINE,
2026-08-16T10:59:06+00:00,rigetti:rigetti:qpu:cepheus-1-108q,ONLINE,
2026-08-16T10:59:06+00:00,aws:rigetti:qpu:cepheus-1-108q,ONLINE,
2026-08-16T10:59:06+00:00,openquantum:aqt:qpu:ibex-q1,ONLINE,
2026-08-16T10:59:06+00:00,openquantum:ionq:qpu:forte-1,ONLINE,
2026-08-16T10:59:06+00:00,openquantum:ionq:qpu:forte-enterprise,ONLINE,
2026-08-16T10:59:06+00:00,openquantum:iqm:qpu:emerald,ONLINE,
2026-08-16T10:59:06+00:00,openquantum:iqm:qpu:garnet,ONLINE,
2026-08-16T10:59:06+00:00,openquantum:rigetti:qpu:cepheus-1-108q,ONLINE,
2026-08-16T11:28:18+00:00,aws:aqt:qpu:ibex-q1,UNAVAILABLE,
2026-08-16T11:28:18+00:00,aws:quera:qpu:aquila,ONLINE,
2026-08-16T11:28:18+00:00,ibm:ibm:qpu:marrakesh,ONLINE,
2026-08-16T11:28:18+00:00,ibm:ibm:qpu:pittsburgh,ONLINE,
2026-08-16T11:28:18+00:00,azure:pasqal:qpu:fresnel,OFFLINE,
2026-08-16T11:28:18+00:00,aws:iqm:qpu:emerald,UNAVAILABLE,
2026-08-16T11:28:18+00:00,azure:ionq:qpu:forte-1,OFFLINE,
2026-08-16T11:28:18+00:00,ibm:ibm:qpu:kingston,ONLINE,
2026-08-16T11:28:18+00:00,aws:ionq:qpu:forte-1,ONLINE,
2026-08-16T11:28:18+00:00,aws:ionq:qpu:forte-enterprise-1,ONLINE,
2026-08-16T11:28:18+00:00,ionq:ionq:qpu:forte-1,ONLINE,
2026-08-16T11:28:18+00:00,ibm:ibm:qpu:fez,ONLINE,
2026-08-16T11:28:18+00:00,aws:iqm:qpu:garnet,UNAVAILABLE,
2026-08-16T11:28:18+00:00,azure:rigetti:qpu:cepheus-1-36q,OFFLINE,
2026-08-16T11:28:18+00:00,azure:ionq:qpu:forte-enterprise-1,OFFLINE,
2026-08-16T11:28:18+00:00,ibm:ibm:qpu:boston,ONLINE,
2026-08-16T11:28:18+00:00,ibm:ibm:qpu:miami,ONLINE,
2026-08-16T11:28:18+00:00,rigetti:rigetti:qpu:cepheus-1-108q,ONLINE,
2026-08-16T11:28:18+00:00,aws:rigetti:qpu:cepheus-1-108q,ONLINE,
2026-08-16T11:28:18+00:00,openquantum:aqt:qpu:ibex-q1,ONLINE,
2026-08-16T11:28:18+00:00,openquantum:ionq:qpu:forte-1,ONLINE,
2026-08-16T11:28:18+00:00,openquantum:ionq:qpu:forte-enterprise,ONLINE,
2026-08-16T11:28:18+00:00,openquantum:iqm:qpu:emerald,ONLINE,
2026-08-16T11:28:18+00:00,openquantum:iqm:qpu:garnet,ONLINE,
2026-08-16T11:28:18+00:00,openquantum:rigetti:qpu:cepheus-1-108q,ONLINE,
2026-08-16T11:56:54+00:00,aws:aqt:qpu:ibex-q1,UNAVAILABLE,
2026-08-16T11:56:54+00:00,aws:quera:qpu:aquila,ONLINE,
2026-08-16T11:56:54+00:00,ibm:ibm:qpu:marrakesh,ONLINE,
2026-08-16T11:56:54+00:00,ibm:ibm:qpu:pittsburgh,ONLINE,
2026-08-16T11:56:54+00:00,azure:pasqal:qpu:fresnel,OFFLINE,
2026-08-16T11:56:54+00:00,aws:iqm:qpu:emerald,UNAVAILABLE,
2026-08-16T11:56:54+00:00,azure:ionq:qpu:forte-1,OFFLINE,
2026-08-16T11:56:54+00:00,ibm:ibm:qpu:kingston,ONLINE,
2026-08-16T11:56:54+00:00,aws:ionq:qpu:forte-1,ONLINE,
2026-08-16T11:56:54+00:00,aws:ionq:qpu:forte-enterprise-1,ONLINE,
2026-08-16T11:56:54+00:00,ionq:ionq:qpu:forte-1,ONLINE,
2026-08-16T11:56:54+00:00,ibm:ibm:qpu:fez,ONLINE,
2026-08-16T11:56:54+00:00,aws:iqm:qpu:garnet,UNAVAILABLE,
2026-08-16T11:56:54+00:00,azure:rigetti:qpu:cepheus-1-36q,OFFLINE,
2026-08-16T11:56:54+00:00,azure:ionq:qpu:forte-enterprise-1,OFFLINE,
2026-08-16T11:56:54+00:00,ibm:ibm:qpu:boston,ONLINE,
2026-08-16T11:56:54+00:00,ibm:ibm:qpu:miami,ONLINE,
2026-08-16T11:56:54+00:00,rigetti:rigetti:qpu:cepheus-1-108q,ONLINE,
2026-08-16T11:56:54+00:00,aws:rigetti:qpu:cepheus-1-108q,ONLINE,
2026-08-16T11:56:54+00:00,openquantum:aqt:qpu:ibex-q1,ONLINE,
2026-08-16T11:56:54+00:00,openquantum:ionq:qpu:forte-1,ONLINE,
2026-08-16T11:56:54+00:00,openquantum:ionq:qpu:forte-enterprise,ONLINE,
2026-08-16T11:56:54+00:00,openquantum:iqm:qpu:emerald,ONLINE,
2026-08-16T11:56:54+00:00,openquantum:iqm:qpu:garnet,ONLINE,
2026-08-16T11:56:54+00:00,openquantum:rigetti:qpu:cepheus-1-108q,ONLINE,
2026-08-16T12:47:21+00:00,aws:aqt:qpu:ibex-q1,UNAVAILABLE,
2026-08-16T12:47:21+00:00,aws:quera:qpu:aquila,UNAVAILABLE,
2026-08-16T12:47:21+00:00,ibm:ibm:qpu:marrakesh,ONLINE,
2026-08-16T12:47:21+00:00,ibm:ibm:qpu:pittsburgh,ONLINE,
2026-08-16T12:47:21+00:00,azure:pasqal:qpu:fresnel,OFFLINE,
2026-08-16T12:47:21+00:00,aws:iqm:qpu:emerald,UNAVAILABLE,
2026-08-16T12:47:21+00:00,azure:ionq:qpu:forte-1,OFFLINE,
2026-08-16T12:47:21+00:00,ibm:ibm:qpu:kingston,ONLINE,
2026-08-16T12:47:21+00:00,aws:ionq:qpu:forte-1,ONLINE,
2026-08-16T12:47:21+00:00,aws:ionq:qpu:forte-enterprise-1,ONLINE,
2026-08-16T12:47:21+00:00,ionq:ionq:qpu:forte-1,ONLINE,
2026-08-16T12:47:21+00:00,ibm:ibm:qpu:fez,ONLINE,
2026-08-16T12:47:21+00:00,aws:iqm:qpu:garnet,UNAVAILABLE,
2026-08-16T12:47:21+00:00,azure:rigetti:qpu:cepheus-1-36q,OFFLINE,
2026-08-16T12:47:21+00:00,azure:ionq:qpu:forte-enterprise-1,OFFLINE,
2026-08-16T12:47:21+00:00,ibm:ibm:qpu:boston,ONLINE,
2026-08-16T12:47:21+00:00,ibm:ibm:qpu:miami,ONLINE,
2026-08-16T12:47:21+00:00,rigetti:rigetti:qpu:cepheus-1-108q,ONLINE,
2026-08-16T12:47:21+00:00,aws:rigetti:qpu:cepheus-1-108q,ONLINE,
2026-08-16T12:47:21+00:00,openquantum:aqt:qpu:ibex-q1,ONLINE,
2026-08-16T12:47:21+00:00,openquantum:ionq:qpu:forte-1,ONLINE,
2026-08-16T12:47:21+00:00,openquantum:ionq:qpu:forte-enterprise,ONLINE,
2026-08-16T12:47:21+00:00,openquantum:iqm:qpu:emerald,ONLINE,
2026-08-16T12:47:21+00:00,openquantum:iqm:qpu:garnet,ONLINE,
2026-08-16T12:47:21+00:00,openquantum:rigetti:qpu:cepheus-1-108q,ONLINE,
2026-08-16T13:30:58+00:00,aws:aqt:qpu:ibex-q1,UNAVAILABLE,
2026-08-16T13:30:58+00:00,aws:quera:qpu:aquila,ONLINE,
2026-08-16T13:30:58+00:00,ibm:ibm:qpu:marrakesh,ONLINE,
2026-08-16T13:30:58+00:00,ibm:ibm:qpu:pittsburgh,ONLINE,
2026-08-16T13:30:58+00:00,azure:pasqal:qpu:fresnel,OFFLINE,
2026-08-16T13:30:58+00:00,aws:iqm:qpu:emerald,UNAVAILABLE,
2026-08-16T13:30:58+00:00,azure:ionq:qpu:forte-1,OFFLINE,
2026-08-16T13:30:58+00:00,ibm:ibm:qpu:kingston,ONLINE,
2026-08-16T13:30:58+00:00,aws:ionq:qpu:forte-1,ONLINE,
2026-08-16T13:30:58+00:00,aws:ionq:qpu:forte-enterprise-1,ONLINE,
2026-08-16T13:30:58+00:00,ionq:ionq:qpu:forte-1,ONLINE,
2026-08-16T13:30:58+00:00,ibm:ibm:qpu:fez,ONLINE,
2026-08-16T13:30:58+00:00,aws:iqm:qpu:garnet,UNAVAILABLE,
2026-08-16T13:30:58+00:00,azure:rigetti:qpu:cepheus-1-36q,OFFLINE,
2026-08-16T13:30:58+00:00,azure:ionq:qpu:forte-enterprise-1,OFFLINE,
2026-08-16T13:30:58+00:00,ibm:ibm:qpu:boston,ONLINE,
2026-08-16T13:30:58+00:00,ibm:ibm:qpu:miami,ONLINE,
2026-08-16T13:30:58+00:00,rigetti:rigetti:qpu:cepheus-1-108q,ONLINE,
2026-08-16T13:30:58+00:00,aws:rigetti:qpu:cepheus-1-108q,ONLINE,
2026-08-16T13:30:58+00:00,openquantum:aqt:qpu:ibex-q1,ONLINE,
2026-08-16T13:30:58+00:00,openquantum:ionq:qpu:forte-1,ONLINE,
2026-08-16T13:30:58+00:00,openquantum:ionq:qpu:forte-enterprise,ONLINE,
2026-08-16T13:30:58+00:00,openquantum:iqm:qpu:emerald,ONLINE,
2026-08-16T13:30:58+00:00,openquantum:iqm:qpu:garnet,ONLINE,
2026-08-16T13:30:58+00:00,openquantum:rigetti:qpu:cepheus-1-108q,ONLINE,
2026-08-16T13:59:29+00:00,aws:aqt:qpu:ibex-q1,UNAVAILABLE,
2026-08-16T13:59:29+00:00,aws:quera:qpu:aquila,ONLINE,
2026-08-16T13:59:29+00:00,ibm:ibm:qpu:marrakesh,ONLINE,
2026-08-16T13:59:29+00:00,ibm:ibm:qpu:pittsburgh,ONLINE,
2026-08-16T13:59:29+00:00,azure:pasqal:qpu:fresnel,OFFLINE,
2026-08-16T13:59:29+00:00,aws:iqm:qpu:emerald,UNAVAILABLE,
2026-08-16T13:59:29+00:00,azure:ionq:qpu:forte-1,OFFLINE,
2026-08-16T13:59:29+00:00,ibm:ibm:qpu:kingston,ONLINE,
2026-08-16T13:59:29+00:00,aws:ionq:qpu:forte-1,ONLINE,
2026-08-16T13:59:29+00:00,aws:ionq:qpu:forte-enterprise-1,ONLINE,
2026-08-16T13:59:29+00:00,ionq:ionq:qpu:forte-1,ONLINE,
2026-08-16T13:59:29+00:00,ibm:ibm:qpu:fez,ONLINE,
2026-08-16T13:59:29+00:00,aws:iqm:qpu:garnet,UNAVAILABLE,
2026-08-16T13:59:29+00:00,azure:rigetti:qpu:cepheus-1-36q,OFFLINE,
2026-08-16T13:59:29+00:00,azure:ionq:qpu:forte-enterprise-1,OFFLINE,
2026-08-16T13:59:29+00:00,ibm:ibm:qpu:boston,ONLINE,
2026-08-16T13:59:29+00:00,ibm:ibm:qpu:miami,ONLINE,
2026-08-16T13:59:29+00:00,rigetti:rigetti:qpu:cepheus-1-108q,ONLINE,
2026-08-16T13:59:29+00:00,aws:rigetti:qpu:cepheus-1-108q,ONLINE,
2026-08-16T13:59:29+00:00,openquantum:aqt:qpu:ibex-q1,ONLINE,
2026-08-16T13:59:29+00:00,openquantum:ionq:qpu:forte-1,ONLINE,
2026-08-16T13:59:29+00:00,openquantum:ionq:qpu:forte-enterprise,ONLINE,
2026-08-16T13:59:29+00:00,openquantum:iqm:qpu:emerald,ONLINE,
2026-08-16T13:59:29+00:00,openquantum:iqm:qpu:garnet,ONLINE,
2026-08-16T13:59:29+00:00,openquantum:rigetti:qpu:cepheus-1-108q,ONLINE,
2026-08-16T14:31:22+00:00,aws:aqt:qpu:ibex-q1,UNAVAILABLE,
2026-08-16T14:31:22+00:00,aws:quera:qpu:aquila,ONLINE,
2026-08-16T14:31:22+00:00,ibm:ibm:qpu:marrakesh,ONLINE,
2026-08-16T14:31:22+00:00,ibm:ibm:qpu:pittsburgh,ONLINE,
2026-08-16T14:31:22+00:00,azure:pasqal:qpu:fresnel,OFFLINE,
2026-08-16T14:31:22+00:00,aws:iqm:qpu:emerald,UNAVAILABLE,
2026-08-16T14:31:22+00:00,azure:ionq:qpu:forte-1,OFFLINE,
2026-08-16T14:31:22+00:00,ibm:ibm:qpu:kingston,ONLINE,
2026-08-16T14:31:22+00:00,aws:ionq:qpu:forte-1,ONLINE,
2026-08-16T14:31:22+00:00,aws:ionq:qpu:forte-enterprise-1,ONLINE,
2026-08-16T14:31:22+00:00,ionq:ionq:qpu:forte-1,ONLINE,
2026-08-16T14:31:22+00:00,ibm:ibm:qpu:fez,ONLINE,
2026-08-16T14:31:22+00:00,aws:iqm:qpu:garnet,UNAVAILABLE,
2026-08-16T14:31:22+00:00,azure:rigetti:qpu:cepheus-1-36q,OFFLINE,
2026-08-16T14:31:22+00:00,azure:ionq:qpu:forte-enterprise-1,OFFLINE,
2026-08-16T14:31:22+00:00,ibm:ibm:qpu:boston,ONLINE,
2026-08-16T14:31:22+00:00,ibm:ibm:qpu:miami,ONLINE,
2026-08-16T14:31:22+00:00,rigetti:rigetti:qpu:cepheus-1-108q,ONLINE,
2026-08-16T14:31:22+00:00,aws:rigetti:qpu:cepheus-1-108q,ONLINE,
2026-08-16T14:31:22+00:00,openquantum:aqt:qpu:ibex-q1,ONLINE,
2026-08-16T14:31:22+00:00,openquantum:ionq:qpu:forte-1,ONLINE,
2026-08-16T14:31:22+00:00,openquantum:ionq:qpu:forte-enterprise,ONLINE,
2026-08-16T14:31:22+00:00,openquantum:iqm:qpu:emerald,ONLINE,
2026-08-16T14:31:22+00:00,openquantum:iqm:qpu:garnet,ONLINE,
2026-08-16T14:31:22+00:00,openquantum:rigetti:qpu:cepheus-1-108q,ONLINE,
2026-08-16T14:59:18+00:00,aws:aqt:qpu:ibex-q1,UNAVAILABLE,
2026-08-16T14:59:18+00:00,aws:quera:qpu:aquila,ONLINE,
2026-08-16T14:59:18+00:00,ibm:ibm:qpu:marrakesh,ONLINE,
2026-08-16T14:59:18+00:00,ibm:ibm:qpu:pittsburgh,ONLINE,
2026-08-16T14:59:18+00:00,azure:pasqal:qpu:fresnel,OFFLINE,
2026-08-16T14:59:18+00:00,aws:iqm:qpu:emerald,UNAVAILABLE,
2026-08-16T14:59:18+00:00,azure:ionq:qpu:forte-1,OFFLINE,
2026-08-16T14:59:18+00:00,ibm:ibm:qpu:kingston,ONLINE,
2026-08-16T14:59:18+00:00,aws:ionq:qpu:forte-1,ONLINE,
2026-08-16T14:59:18+00:00,aws:ionq:qpu:forte-enterprise-1,ONLINE,
2026-08-16T14:59:18+00:00,ionq:ionq:qpu:forte-1,ONLINE,
2026-08-16T14:59:18+00:00,ibm:ibm:qpu:fez,ONLINE,
2026-08-16T14:59:18+00:00,aws:iqm:qpu:garnet,UNAVAILABLE,
2026-08-16T14:59:18+00:00,azure:rigetti:qpu:cepheus-1-36q,OFFLINE,
2026-08-16T14:59:18+00:00,azure:ionq:qpu:forte-enterprise-1,OFFLINE,
2026-08-16T14:59:18+00:00,ibm:ibm:qpu:boston,ONLINE,
2026-08-16T14:59:18+00:00,ibm:ibm:qpu:miami,ONLINE,
2026-08-16T14:59:18+00:00,rigetti:rigetti:qpu:cepheus-1-108q,ONLINE,
2026-08-16T14:59:18+00:00,aws:rigetti:qpu:cepheus-1-108q,ONLINE,
2026-08-16T14:59:18+00:00,openquantum:aqt:qpu:ibex-q1,ONLINE,
2026-08-16T14:59:18+00:00,openquantum:ionq:qpu:forte-1,ONLINE,
2026-08-16T14:59:18+00:00,openquantum:ionq:qpu:forte-enterprise,ONLINE,
2026-08-16T14:59:18+00:00,openquantum:iqm:qpu:emerald,ONLINE,
2026-08-16T14:59:18+00:00,openquantum:iqm:qpu:garnet,ONLINE,
2026-08-16T14:59:18+00:00,openquantum:rigetti:qpu:cepheus-1-108q,ONLINE,
2026-08-16T15:29:51+00:00,aws:aqt:qpu:ibex-q1,UNAVAILABLE,
2026-08-16T15:29:51+00:00,aws:quera:qpu:aquila,ONLINE,
2026-08-16T15:29:51+00:00,ibm:ibm:qpu:marrakesh,ONLINE,
2026-08-16T15:29:51+00:00,ibm:ibm:qpu:pittsburgh,ONLINE,
2026-08-16T15:29:51+00:00,azure:pasqal:qpu:fresnel,OFFLINE,
2026-08-16T15:29:51+00:00,aws:iqm:qpu:emerald,UNAVAILABLE,
2026-08-16T15:29:51+00:00,azure:ionq:qpu:forte-1,OFFLINE,
2026-08-16T15:29:51+00:00,ibm:ibm:qpu:kingston,ONLINE,
2026-08-16T15:29:51+00:00,aws:ionq:qpu:forte-1,ONLINE,
2026-08-16T15:29:51+00:00,aws:ionq:qpu:forte-enterprise-1,ONLINE,
2026-08-16T15:29:51+00:00,ionq:ionq:qpu:forte-1,ONLINE,
2026-08-16T15:29:51+00:00,ibm:ibm:qpu:fez,ONLINE,
2026-08-16T15:29:51+00:00,aws:iqm:qpu:garnet,UNAVAILABLE,
2026-08-16T15:29:51+00:00,azure:rigetti:qpu:cepheus-1-36q,OFFLINE,
2026-08-16T15:29:51+00:00,azure:ionq:qpu:forte-enterprise-1,OFFLINE,
2026-08-16T15:29:51+00:00,ibm:ibm:qpu:boston,ONLINE,
2026-08-16T15:29:51+00:00,ibm:ibm:qpu:miami,ONLINE,
2026-08-16T15:29:51+00:00,rigetti:rigetti:qpu:cepheus-1-108q,ONLINE,
2026-08-16T15:29:51+00:00,aws:rigetti:qpu:cepheus-1-108q,ONLINE,
2026-08-16T15:29:51+00:00,openquantum:aqt:qpu:ibex-q1,ONLINE,
2026-08-16T15:29:51+00:00,openquantum:ionq:qpu:forte-1,ONLINE,
2026-08-16T15:29:51+00:00,openquantum:ionq:qpu:forte-enterprise,ONLINE,
2026-08-16T15:29:51+00:00,openquantum:iqm:qpu:emerald,ONLINE,
2026-08-16T15:29:51+00:00,openquantum:iqm:qpu:garnet,ONLINE,
2026-08-16T15:29:51+00:00,openquantum:rigetti:qpu:cepheus-1-108q,ONLINE,
2026-08-16T15:57:42+00:00,aws:aqt:qpu:ibex-q1,UNAVAILABLE,
2026-08-16T15:57:42+00:00,aws:quera:qpu:aquila,ONLINE,
2026-08-16T15:57:42+00:00,ibm:ibm:qpu:marrakesh,ONLINE,
2026-08-16T15:57:42+00:00,ibm:ibm:qpu:pittsburgh,ONLINE,
2026-08-16T15:57:42+00:00,azure:pasqal:qpu:fresnel,OFFLINE,
2026-08-16T15:57:42+00:00,aws:iqm:qpu:emerald,UNAVAILABLE,
2026-08-16T15:57:42+00:00,azure:ionq:qpu:forte-1,OFFLINE,
2026-08-16T15:57:42+00:00,ibm:ibm:qpu:kingston,ONLINE,
2026-08-16T15:57:42+00:00,aws:ionq:qpu:forte-1,ONLINE,
2026-08-16T15:57:42+00:00,aws:ionq:qpu:forte-enterprise-1,ONLINE,
2026-08-16T15:57:42+00:00,ionq:ionq:qpu:forte-1,ONLINE,
2026-08-16T15:57:42+00:00,ibm:ibm:qpu:fez,ONLINE,
2026-08-16T15:57:42+00:00,aws:iqm:qpu:garnet,UNAVAILABLE,
2026-08-16T15:57:42+00:00,azure:rigetti:qpu:cepheus-1-36q,OFFLINE,
2026-08-16T15:57:42+00:00,azure:ionq:qpu:forte-enterprise-1,OFFLINE,
2026-08-16T15:57:42+00:00,ibm:ibm:qpu:boston,ONLINE,
2026-08-16T15:57:42+00:00,ibm:ibm:qpu:miami,ONLINE,
2026-08-16T15:57:42+00:00,rigetti:rigetti:qpu:cepheus-1-108q,ONLINE,
2026-08-16T15:57:42+00:00,aws:rigetti:qpu:cepheus-1-108q,ONLINE,
2026-08-16T15:57:42+00:00,openquantum:aqt:qpu:ibex-q1,ONLINE,
2026-08-16T15:57:42+00:00,openquantum:ionq:qpu:forte-1,ONLINE,
2026-08-16T15:57:42+00:00,openquantum:ionq:qpu:forte-enterprise,ONLINE,
2026-08-16T15:57:42+00:00,openquantum:iqm:qpu:emerald,ONLINE,
2026-08-16T15:57:42+00:00,openquantum:iqm:qpu:garnet,ONLINE,
2026-08-16T15:57:42+00:00,openquantum:rigetti:qpu:cepheus-1-108q,ONLINE,
2026-08-16T16:32:44+00:00,aws:aqt:qpu:ibex-q1,UNAVAILABLE,
2026-08-16T16:32:44+00:00,aws:quera:qpu:aquila,ONLINE,
2026-08-16T16:32:44+00:00,ibm:ibm:qpu:marrakesh,ONLINE,
2026-08-16T16:32:44+00:00,ibm:ibm:qpu:pittsburgh,ONLINE,
2026-08-16T16:32:44+00:00,azure:pasqal:qpu:fresnel,OFFLINE,
2026-08-16T16:32:44+00:00,aws:iqm:qpu:emerald,UNAVAILABLE,
2026-08-16T16:32:44+00:00,azure:ionq:qpu:forte-1,OFFLINE,
2026-08-16T16:32:44+00:00,ibm:ibm:qpu:kingston,ONLINE,
2026-08-16T16:32:44+00:00,aws:ionq:qpu:forte-1,ONLINE,
2026-08-16T16:32:44+00:00,aws:ionq:qpu:forte-enterprise-1,ONLINE,
2026-08-16T16:32:44+00:00,ionq:ionq:qpu:forte-1,ONLINE,
2026-08-16T16:32:44+00:00,ibm:ibm:qpu:fez,ONLINE,
2026-08-16T16:32:44+00:00,aws:iqm:qpu:garnet,UNAVAILABLE,
2026-08-16T16:32:44+00:00,azure:rigetti:qpu:cepheus-1-36q,OFFLINE,
2026-08-16T16:32:44+00:00,azure:ionq:qpu:forte-enterprise-1,OFFLINE,
2026-08-16T16:32:44+00:00,ibm:ibm:qpu:boston,ONLINE,
2026-08-16T16:32:44+00:00,ibm:ibm:qpu:miami,ONLINE,
2026-08-16T16:32:44+00:00,rigetti:rigetti:qpu:cepheus-1-108q,ONLINE,
2026-08-16T16:32:44+00:00,aws:rigetti:qpu:cepheus-1-108q,ONLINE,
2026-08-16T16:32:44+00:00,openquantum:aqt:qpu:ibex-q1,ONLINE,
2026-08-16T16:32:44+00:00,openquantum:ionq:qpu:forte-1,ONLINE,
2026-08-16T16:32:44+00:00,openquantum:ionq:qpu:forte-enterprise,ONLINE,
2026-08-16T16:32:44+00:00,openquantum:iqm:qpu:emerald,ONLINE,
2026-08-16T16:32:44+00:00,openquantum:iqm:qpu:garnet,ONLINE,
2026-08-16T16:32:44+00:00,openquantum:rigetti:qpu:cepheus-1-108q,ONLINE,
2026-08-16T17:00:38+00:00,aws:aqt:qpu:ibex-q1,UNAVAILABLE,
2026-08-16T17:00:38+00:00,aws:quera:qpu:aquila,ONLINE,
2026-08-16T17:00:38+00:00,ibm:ibm:qpu:marrakesh,UNAVAILABLE,
2026-08-16T17:00:38+00:00,ibm:ibm:qpu:pittsburgh,ONLINE,
2026-08-16T17:00:38+00:00,azure:pasqal:qpu:fresnel,OFFLINE,
2026-08-16T17:00:38+00:00,aws:iqm:qpu:emerald,UNAVAILABLE,
2026-08-16T17:00:38+00:00,azure:ionq:qpu:forte-1,OFFLINE,
2026-08-16T17:00:38+00:00,ibm:ibm:qpu:kingston,ONLINE,
2026-08-16T17:00:38+00:00,aws:ionq:qpu:forte-1,ONLINE,
2026-08-16T17:00:38+00:00,aws:ionq:qpu:forte-enterprise-1,ONLINE,
2026-08-16T17:00:38+00:00,ionq:ionq:qpu:forte-1,ONLINE,
2026-08-16T17:00:38+00:00,ibm:ibm:qpu:fez,ONLINE,
2026-08-16T17:00:38+00:00,aws:iqm:qpu:garnet,UNAVAILABLE,
2026-08-16T17:00:38+00:00,azure:rigetti:qpu:cepheus-1-36q,OFFLINE,
2026-08-16T17:00:38+00:00,azure:ionq:qpu:forte-enterprise-1,OFFLINE,
2026-08-16T17:00:38+00:00,ibm:ibm:qpu:boston,ONLINE,
2026-08-16T17:00:38+00:00,ibm:ibm:qpu:miami,ONLINE,
2026-08-16T17:00:38+00:00,rigetti:rigetti:qpu:cepheus-1-108q,ONLINE,
2026-08-16T17:00:38+00:00,aws:rigetti:qpu:cepheus-1-108q,ONLINE,
2026-08-16T17:00:38+00:00,openquantum:aqt:qpu:ibex-q1,ONLINE,
2026-08-16T17:00:38+00:00,openquantum:ionq:qpu:forte-1,ONLINE,
2026-08-16T17:00:38+00:00,openquantum:ionq:qpu:forte-enterprise,ONLINE,
2026-08-16T17:00:38+00:00,openquantum:iqm:qpu:emerald,ONLINE,
2026-08-16T17:00:38+00:00,openquantum:iqm:qpu:garnet,ONLINE,
2026-08-16T17:00:38+00:00,openquantum:rigetti:qpu:cepheus-1-108q,ONLINE,
2026-08-16T17:56:00+00:00,aws:aqt:qpu:ibex-q1,UNAVAILABLE,
2026-08-16T17:56:00+00:00,aws:quera:qpu:aquila,ONLINE,
2026-08-16T17:56:00+00:00,ibm:ibm:qpu:marrakesh,UNAVAILABLE,
2026-08-16T17:56:00+00:00,ibm:ibm:qpu:pittsburgh,ONLINE,
2026-08-16T17:56:00+00:00,azure:pasqal:qpu:fresnel,OFFLINE,
2026-08-16T17:56:00+00:00,aws:iqm:qpu:emerald,UNAVAILABLE,
2026-08-16T17:56:00+00:00,azure:ionq:qpu:forte-1,OFFLINE,
2026-08-16T17:56:00+00:00,ibm:ibm:qpu:kingston,ONLINE,
2026-08-16T17:56:00+00:00,aws:ionq:qpu:forte-1,ONLINE,
2026-08-16T17:56:00+00:00,aws:ionq:qpu:forte-enterprise-1,ONLINE,
2026-08-16T17:56:00+00:00,ionq:ionq:qpu:forte-1,ONLINE,
2026-08-16T17:56:00+00:00,ibm:ibm:qpu:fez,ONLINE,
2026-08-16T17:56:00+00:00,aws:iqm:qpu:garnet,UNAVAILABLE,
2026-08-16T17:56:00+00:00,azure:rigetti:qpu:cepheus-1-36q,OFFLINE,
2026-08-16T17:56:00+00:00,azure:ionq:qpu:forte-enterprise-1,OFFLINE,
2026-08-16T17:56:00+00:00,ibm:ibm:qpu:boston,ONLINE,
2026-08-16T17:56:00+00:00,ibm:ibm:qpu:miami,ONLINE,
2026-08-16T17:56:00+00:00,rigetti:rigetti:qpu:cepheus-1-108q,ONLINE,
2026-08-16T17:56:00+00:00,aws:rigetti:qpu:cepheus-1-108q,ONLINE,
2026-08-16T17:56:00+00:00,openquantum:aqt:qpu:ibex-q1,ONLINE,
2026-08-16T17:56:00+00:00,openquantum:ionq:qpu:forte-1,ONLINE,
2026-08-16T17:56:00+00:00,openquantum:ionq:qpu:forte-enterprise,ONLINE,
2026-08-16T17:56:00+00:00,openquantum:iqm:qpu:emerald,ONLINE,
2026-08-16T17:56:00+00:00,openquantum:iqm:qpu:garnet,ONLINE,
2026-08-16T17:56:00+00:00,openquantum:rigetti:qpu:cepheus-1-108q,ONLINE,
2026-08-16T18:30:56+00:00,aws:aqt:qpu:ibex-q1,UNAVAILABLE,
2026-08-16T18:30:56+00:00,aws:quera:qpu:aquila,ONLINE,
2026-08-16T18:30:56+00:00,ibm:ibm:qpu:marrakesh,ONLINE,
2026-08-16T18:30:56+00:00,ibm:ibm:qpu:pittsburgh,ONLINE,
2026-08-16T18:30:56+00:00,azure:pasqal:qpu:fresnel,OFFLINE,
2026-08-16T18:30:56+00:00,aws:iqm:qpu:emerald,UNAVAILABLE,
2026-08-16T18:30:56+00:00,azure:ionq:qpu:forte-1,OFFLINE,
2026-08-16T18:30:56+00:00,ibm:ibm:qpu:kingston,ONLINE,
2026-08-16T18:30:56+00:00,aws:ionq:qpu:forte-1,ONLINE,
2026-08-16T18:30:56+00:00,aws:ionq:qpu:forte-enterprise-1,ONLINE,
2026-08-16T18:30:56+00:00,ionq:ionq:qpu:forte-1,UNAVAILABLE,
2026-08-16T18:30:56+00:00,ibm:ibm:qpu:fez,ONLINE,
2026-08-16T18:30:56+00:00,aws:iqm:qpu:garnet,UNAVAILABLE,
2026-08-16T18:30:56+00:00,azure:rigetti:qpu:cepheus-1-36q,OFFLINE,
2026-08-16T18:30:56+00:00,azure:ionq:qpu:forte-enterprise-1,OFFLINE,
2026-08-16T18:30:56+00:00,ibm:ibm:qpu:boston,ONLINE,
2026-08-16T18:30:56+00:00,ibm:ibm:qpu:miami,ONLINE,
2026-08-16T18:30:56+00:00,rigetti:rigetti:qpu:cepheus-1-108q,ONLINE,
2026-08-16T18:30:56+00:00,aws:rigetti:qpu:cepheus-1-108q,ONLINE,
2026-08-16T18:30:56+00:00,openquantum:aqt:qpu:ibex-q1,ONLINE,
2026-08-16T18:30:56+00:00,openquantum:ionq:qpu:forte-1,ONLINE,
2026-08-16T18:30:56+00:00,openquantum:ionq:qpu:forte-enterprise,ONLINE,
2026-08-16T18:30:56+00:00,openquantum:iqm:qpu:emerald,ONLINE,
2026-08-16T18:30:56+00:00,openquantum:iqm:qpu:garnet,ONLINE,
2026-08-16T18:30:56+00:00,openquantum:rigetti:qpu:cepheus-1-108q,ONLINE,
2026-08-16T19:03:05+00:00,aws:aqt:qpu:ibex-q1,UNAVAILABLE,
2026-08-16T19:03:05+00:00,aws:quera:qpu:aquila,ONLINE,
2026-08-16T19:03:05+00:00,ibm:ibm:qpu:marrakesh,ONLINE,
2026-08-16T19:03:05+00:00,ibm:ibm:qpu:pittsburgh,ONLINE,
2026-08-16T19:03:05+00:00,azure:pasqal:qpu:fresnel,OFFLINE,
2026-08-16T19:03:05+00:00,aws:iqm:qpu:emerald,UNAVAILABLE,
2026-08-16T19:03:05+00:00,azure:ionq:qpu:forte-1,OFFLINE,
2026-08-16T19:03:05+00:00,ibm:ibm:qpu:kingston,ONLINE,
2026-08-16T19:03:05+00:00,aws:ionq:qpu:forte-1,ONLINE,
2026-08-16T19:03:05+00:00,aws:ionq:qpu:forte-enterprise-1,ONLINE,
2026-08-16T19:03:05+00:00,ionq:ionq:qpu:forte-1,UNAVAILABLE,
2026-08-16T19:03:05+00:00,ibm:ibm:qpu:fez,ONLINE,
2026-08-16T19:03:05+00:00,aws:iqm:qpu:garnet,UNAVAILABLE,
2026-08-16T19:03:05+00:00,azure:rigetti:qpu:cepheus-1-36q,OFFLINE,
2026-08-16T19:03:05+00:00,azure:ionq:qpu:forte-enterprise-1,OFFLINE,
2026-08-16T19:03:05+00:00,ibm:ibm:qpu:boston,ONLINE,
2026-08-16T19:03:05+00:00,ibm:ibm:qpu:miami,ONLINE,
2026-08-16T19:03:05+00:00,rigetti:rigetti:qpu:cepheus-1-108q,ONLINE,
2026-08-16T19:03:05+00:00,aws:rigetti:qpu:cepheus-1-108q,UNAVAILABLE,
2026-08-16T19:03:05+00:00,openquantum:aqt:qpu:ibex-q1,ONLINE,
2026-08-16T19:03:05+00:00,openquantum:ionq:qpu:forte-1,ONLINE,
2026-08-16T19:03:05+00:00,openquantum:ionq:qpu:forte-enterprise,ONLINE,
2026-08-16T19:03:05+00:00,openquantum:iqm:qpu:emerald,ONLINE,
2026-08-16T19:03:05+00:00,openquantum:iqm:qpu:garnet,ONLINE,
2026-08-16T19:03:05+00:00,openquantum:rigetti:qpu:cepheus-1-108q,ONLINE,
2026-08-16T19:55:25+00:00,aws:aqt:qpu:ibex-q1,UNAVAILABLE,
2026-08-16T19:55:25+00:00,aws:quera:qpu:aquila,ONLINE,
2026-08-16T19:55:25+00:00,ibm:ibm:qpu:marrakesh,ONLINE,
2026-08-16T19:55:25+00:00,ibm:ibm:qpu:pittsburgh,ONLINE,
2026-08-16T19:55:25+00:00,azure:pasqal:qpu:fresnel,OFFLINE,
2026-08-16T19:55:25+00:00,aws:iqm:qpu:emerald,UNAVAILABLE,
2026-08-16T19:55:25+00:00,azure:ionq:qpu:forte-1,OFFLINE,
2026-08-16T19:55:25+00:00,ibm:ibm:qpu:kingston,ONLINE,
2026-08-16T19:55:25+00:00,aws:ionq:qpu:forte-1,ONLINE,
2026-08-16T19:55:25+00:00,aws:ionq:qpu:forte-enterprise-1,ONLINE,
2026-08-16T19:55:25+00:00,ionq:ionq:qpu:forte-1,UNAVAILABLE,
2026-08-16T19:55:25+00:00,ibm:ibm:qpu:fez,ONLINE,
2026-08-16T19:55:25+00:00,aws:iqm:qpu:garnet,UNAVAILABLE,
2026-08-16T19:55:25+00:00,azure:rigetti:qpu:cepheus-1-36q,OFFLINE,
2026-08-16T19:55:25+00:00,azure:ionq:qpu:forte-enterprise-1,OFFLINE,
2026-08-16T19:55:25+00:00,ibm:ibm:qpu:boston,ONLINE,
2026-08-16T19:55:25+00:00,ibm:ibm:qpu:miami,ONLINE,
2026-08-16T19:55:25+00:00,rigetti:rigetti:qpu:cepheus-1-108q,ONLINE,
2026-08-16T19:55:25+00:00,aws:rigetti:qpu:cepheus-1-108q,UNAVAILABLE,
2026-08-16T19:55:25+00:00,openquantum:aqt:qpu:ibex-q1,ONLINE,
2026-08-16T19:55:25+00:00,openquantum:ionq:qpu:forte-1,ONLINE,
2026-08-16T19:55:25+00:00,openquantum:ionq:qpu:forte-enterprise,ONLINE,
2026-08-16T19:55:25+00:00,openquantum:iqm:qpu:emerald,ONLINE,
2026-08-16T19:55:25+00:00,openquantum:iqm:qpu:garnet,ONLINE,
2026-08-16T19:55:25+00:00,openquantum:rigetti:qpu:cepheus-1-108q,ONLINE,
2026-08-16T20:21:46+00:00,aws:aqt:qpu:ibex-q1,UNAVAILABLE,
2026-08-16T20:21:46+00:00,aws:quera:qpu:aquila,ONLINE,
2026-08-16T20:21:46+00:00,ibm:ibm:qpu:marrakesh,ONLINE,
2026-08-16T20:21:46+00:00,ibm:ibm:qpu:pittsburgh,ONLINE,
2026-08-16T20:21:46+00:00,azure:pasqal:qpu:fresnel,OFFLINE,
2026-08-16T20:21:46+00:00,aws:iqm:qpu:emerald,UNAVAILABLE,
2026-08-16T20:21:46+00:00,azure:ionq:qpu:forte-1,OFFLINE,
2026-08-16T20:21:46+00:00,ibm:ibm:qpu:kingston,ONLINE,
2026-08-16T20:21:46+00:00,aws:ionq:qpu:forte-1,ONLINE,
2026-08-16T20:21:46+00:00,aws:ionq:qpu:forte-enterprise-1,ONLINE,
2026-08-16T20:21:46+00:00,ionq:ionq:qpu:forte-1,UNAVAILABLE,
2026-08-16T20:21:46+00:00,ibm:ibm:qpu:fez,ONLINE,
2026-08-16T20:21:46+00:00,aws:iqm:qpu:garnet,UNAVAILABLE,
2026-08-16T20:21:46+00:00,azure:rigetti:qpu:cepheus-1-36q,OFFLINE,
2026-08-16T20:21:46+00:00,azure:ionq:qpu:forte-enterprise-1,OFFLINE,
2026-08-16T20:21:46+00:00,ibm:ibm:qpu:boston,ONLINE,
2026-08-16T20:21:46+00:00,ibm:ibm:qpu:miami,ONLINE,
2026-08-16T20:21:46+00:00,rigetti:rigetti:qpu:cepheus-1-108q,ONLINE,
2026-08-16T20:21:46+00:00,aws:rigetti:qpu:cepheus-1-108q,UNAVAILABLE,
2026-08-16T20:21:46+00:00,openquantum:aqt:qpu:ibex-q1,ONLINE,
2026-08-16T20:21:46+00:00,openquantum:ionq:qpu:forte-1,ONLINE,
2026-08-16T20:21:46+00:00,openquantum:ionq:qpu:forte-enterprise,ONLINE,
2026-08-16T20:21:46+00:00,openquantum:iqm:qpu:emerald,ONLINE,
2026-08-16T20:21:46+00:00,openquantum:iqm:qpu:garnet,ONLINE,
2026-08-16T20:21:46+00:00,openquantum:rigetti:qpu:cepheus-1-108q,ONLINE,
2026-08-16T20:58:15+00:00,aws:aqt:qpu:ibex-q1,UNAVAILABLE,
2026-08-16T20:58:15+00:00,aws:quera:qpu:aquila,ONLINE,
2026-08-16T20:58:15+00:00,ibm:ibm:qpu:marrakesh,ONLINE,
2026-08-16T20:58:15+00:00,ibm:ibm:qpu:pittsburgh,ONLINE,
2026-08-16T20:58:15+00:00,azure:pasqal:qpu:fresnel,OFFLINE,
2026-08-16T20:58:15+00:00,aws:iqm:qpu:emerald,UNAVAILABLE,
2026-08-16T20:58:15+00:00,azure:ionq:qpu:forte-1,OFFLINE,
2026-08-16T20:58:15+00:00,ibm:ibm:qpu:kingston,ONLINE,
2026-08-16T20:58:15+00:00,aws:ionq:qpu:forte-1,ONLINE,
2026-08-16T20:58:15+00:00,aws:ionq:qpu:forte-enterprise-1,ONLINE,
2026-08-16T20:58:15+00:00,ionq:ionq:qpu:forte-1,UNAVAILABLE,
2026-08-16T20:58:15+00:00,ibm:ibm:qpu:fez,ONLINE,
2026-08-16T20:58:15+00:00,aws:iqm:qpu:garnet,UNAVAILABLE,
2026-08-16T20:58:15+00:00,azure:rigetti:qpu:cepheus-1-36q,OFFLINE,
2026-08-16T20:58:15+00:00,azure:ionq:qpu:forte-enterprise-1,OFFLINE,
2026-08-16T20:58:15+00:00,ibm:ibm:qpu:boston,ONLINE,
2026-08-16T20:58:15+00:00,ibm:ibm:qpu:miami,ONLINE,
2026-08-16T20:58:15+00:00,rigetti:rigetti:qpu:cepheus-1-108q,ONLINE,
2026-08-16T20:58:15+00:00,aws:rigetti:qpu:cepheus-1-108q,UNAVAILABLE,
2026-08-16T20:58:15+00:00,openquantum:aqt:qpu:ibex-q1,ONLINE,
2026-08-16T20:58:15+00:00,openquantum:ionq:qpu:forte-1,ONLINE,
2026-08-16T20:58:15+00:00,openquantum:ionq:qpu:forte-enterprise,ONLINE,
2026-08-16T20:58:15+00:00,openquantum:iqm:qpu:emerald,ONLINE,
2026-08-16T20:58:15+00:00,openquantum:iqm:qpu:garnet,ONLINE,
2026-08-16T20:58:15+00:00,openquantum:rigetti:qpu:cepheus-1-108q,ONLINE,
2026-08-16T21:27:26+00:00,aws:aqt:qpu:ibex-q1,UNAVAILABLE,
2026-08-16T21:27:26+00:00,aws:quera:qpu:aquila,ONLINE,
2026-08-16T21:27:26+00:00,ibm:ibm:qpu:marrakesh,ONLINE,
2026-08-16T21:27:26+00:00,ibm:ibm:qpu:pittsburgh,ONLINE,
2026-08-16T21:27:26+00:00,azure:pasqal:qpu:fresnel,OFFLINE,
2026-08-16T21:27:26+00:00,aws:iqm:qpu:emerald,UNAVAILABLE,
2026-08-16T21:27:26+00:00,azure:ionq:qpu:forte-1,OFFLINE,
2026-08-16T21:27:26+00:00,ibm:ibm:qpu:kingston,ONLINE,
2026-08-16T21:27:26+00:00,aws:ionq:qpu:forte-1,ONLINE,
2026-08-16T21:27:26+00:00,aws:ionq:qpu:forte-enterprise-1,ONLINE,
2026-08-16T21:27:26+00:00,ionq:ionq:qpu:forte-1,UNAVAILABLE,
2026-08-16T21:27:26+00:00,ibm:ibm:qpu:fez,ONLINE,
2026-08-16T21:27:26+00:00,aws:iqm:qpu:garnet,UNAVAILABLE,
2026-08-16T21:27:26+00:00,azure:rigetti:qpu:cepheus-1-36q,OFFLINE,
2026-08-16T21:27:26+00:00,azure:ionq:qpu:forte-enterprise-1,OFFLINE,
2026-08-16T21:27:26+00:00,ibm:ibm:qpu:boston,ONLINE,
2026-08-16T21:27:26+00:00,ibm:ibm:qpu:miami,ONLINE,
2026-08-16T21:27:26+00:00,rigetti:rigetti:qpu:cepheus-1-108q,ONLINE,
2026-08-16T21:27:26+00:00,aws:rigetti:qpu:cepheus-1-108q,ONLINE,
2026-08-16T21:27:26+00:00,openquantum:aqt:qpu:ibex-q1,ONLINE,
2026-08-16T21:27:26+00:00,openquantum:ionq:qpu:forte-1,ONLINE,
2026-08-16T21:27:26+00:00,openquantum:ionq:qpu:forte-enterprise,ONLINE,
2026-08-16T21:27:26+00:00,openquantum:iqm:qpu:emerald,ONLINE,
2026-08-16T21:27:26+00:00,openquantum:iqm:qpu:garnet,ONLINE,
2026-08-16T21:27:26+00:00,openquantum:rigetti:qpu:cepheus-1-108q,ONLINE,
2026-08-16T21:56:32+00:00,aws:aqt:qpu:ibex-q1,UNAVAILABLE,
2026-08-16T21:56:32+00:00,aws:quera:qpu:aquila,ONLINE,
2026-08-16T21:56:32+00:00,ibm:ibm:qpu:marrakesh,ONLINE,
2026-08-16T21:56:32+00:00,ibm:ibm:qpu:pittsburgh,ONLINE,
2026-08-16T21:56:32+00:00,azure:pasqal:qpu:fresnel,OFFLINE,
2026-08-16T21:56:32+00:00,aws:iqm:qpu:emerald,UNAVAILABLE,
2026-08-16T21:56:32+00:00,azure:ionq:qpu:forte-1,OFFLINE,
2026-08-16T21:56:32+00:00,ibm:ibm:qpu:kingston,ONLINE,
2026-08-16T21:56:32+00:00,aws:ionq:qpu:forte-1,ONLINE,
2026-08-16T21:56:32+00:00,aws:ionq:qpu:forte-enterprise-1,ONLINE,
2026-08-16T21:56:32+00:00,ionq:ionq:qpu:forte-1,ONLINE,
2026-08-16T21:56:32+00:00,ibm:ibm:qpu:fez,ONLINE,
2026-08-16T21:56:32+00:00,aws:iqm:qpu:garnet,UNAVAILABLE,
2026-08-16T21:56:32+00:00,azure:rigetti:qpu:cepheus-1-36q,OFFLINE,
2026-08-16T21:56:32+00:00,azure:ionq:qpu:forte-enterprise-1,OFFLINE,
2026-08-16T21:56:32+00:00,ibm:ibm:qpu:boston,ONLINE,
2026-08-16T21:56:32+00:00,ibm:ibm:qpu:miami,ONLINE,
2026-08-16T21:56:32+00:00,rigetti:rigetti:qpu:cepheus-1-108q,ONLINE,
2026-08-16T21:56:32+00:00,aws:rigetti:qpu:cepheus-1-108q,ONLINE,
2026-08-16T21:56:32+00:00,openquantum:aqt:qpu:ibex-q1,ONLINE,
2026-08-16T21:56:32+00:00,openquantum:ionq:qpu:forte-1,ONLINE,
2026-08-16T21:56:32+00:00,openquantum:ionq:qpu:forte-enterprise,ONLINE,
2026-08-16T21:56:32+00:00,openquantum:iqm:qpu:emerald,ONLINE,
2026-08-16T21:56:32+00:00,openquantum:iqm:qpu:garnet,ONLINE,
2026-08-16T21:56:32+00:00,openquantum:rigetti:qpu:cepheus-1-108q,ONLINE,
2026-08-16T22:24:21+00:00,aws:aqt:qpu:ibex-q1,UNAVAILABLE,
2026-08-16T22:24:21+00:00,aws:quera:qpu:aquila,ONLINE,
2026-08-16T22:24:21+00:00,ibm:ibm:qpu:marrakesh,ONLINE,
2026-08-16T22:24:21+00:00,ibm:ibm:qpu:pittsburgh,ONLINE,
2026-08-16T22:24:21+00:00,azure:pasqal:qpu:fresnel,OFFLINE,
2026-08-16T22:24:21+00:00,aws:iqm:qpu:emerald,UNAVAILABLE,
2026-08-16T22:24:21+00:00,azure:ionq:qpu:forte-1,OFFLINE,
2026-08-16T22:24:21+00:00,ibm:ibm:qpu:kingston,ONLINE,
2026-08-16T22:24:21+00:00,aws:ionq:qpu:forte-1,ONLINE,
2026-08-16T22:24:21+00:00,aws:ionq:qpu:forte-enterprise-1,ONLINE,
2026-08-16T22:24:21+00:00,ionq:ionq:qpu:forte-1,ONLINE,
2026-08-16T22:24:21+00:00,ibm:ibm:qpu:fez,ONLINE,
2026-08-16T22:24:21+00:00,aws:iqm:qpu:garnet,UNAVAILABLE,
2026-08-16T22:24:21+00:00,azure:rigetti:qpu:cepheus-1-36q,OFFLINE,
2026-08-16T22:24:21+00:00,azure:ionq:qpu:forte-enterprise-1,OFFLINE,
2026-08-16T22:24:21+00:00,ibm:ibm:qpu:boston,ONLINE,
2026-08-16T22:24:21+00:00,ibm:ibm:qpu:miami,ONLINE,
2026-08-16T22:24:21+00:00,rigetti:rigetti:qpu:cepheus-1-108q,ONLINE,
2026-08-16T22:24:21+00:00,aws:rigetti:qpu:cepheus-1-108q,ONLINE,
2026-08-16T22:24:21+00:00,openquantum:aqt:qpu:ibex-q1,ONLINE,
2026-08-16T22:24:21+00:00,openquantum:ionq:qpu:forte-1,ONLINE,
2026-08-16T22:24:21+00:00,openquantum:ionq:qpu:forte-enterprise,ONLINE,
2026-08-16T22:24:21+00:00,openquantum:iqm:qpu:emerald,ONLINE,
2026-08-16T22:24:21+00:00,openquantum:iqm:qpu:garnet,ONLINE,
2026-08-16T22:24:21+00:00,openquantum:rigetti:qpu:cepheus-1-108q,ONLINE,
2026-08-16T22:57:49+00:00,aws:aqt:qpu:ibex-q1,UNAVAILABLE,
2026-08-16T22:57:49+00:00,aws:quera:qpu:aquila,ONLINE,
2026-08-16T22:57:49+00:00,ibm:ibm:qpu:marrakesh,ONLINE,
2026-08-16T22:57:49+00:00,ibm:ibm:qpu:pittsburgh,ONLINE,
2026-08-16T22:57:49+00:00,azure:pasqal:qpu:fresnel,OFFLINE,
2026-08-16T22:57:49+00:00,aws:iqm:qpu:emerald,UNAVAILABLE,
2026-08-16T22:57:49+00:00,azure:ionq:qpu:forte-1,OFFLINE,
2026-08-16T22:57:49+00:00,ibm:ibm:qpu:kingston,ONLINE,
2026-08-16T22:57:49+00:00,aws:ionq:qpu:forte-1,ONLINE,
2026-08-16T22:57:49+00:00,aws:ionq:qpu:forte-enterprise-1,ONLINE,
2026-08-16T22:57:49+00:00,ionq:ionq:qpu:forte-1,ONLINE,
2026-08-16T22:57:49+00:00,ibm:ibm:qpu:fez,ONLINE,
2026-08-16T22:57:49+00:00,aws:iqm:qpu:garnet,UNAVAILABLE,
2026-08-16T22:57:49+00:00,azure:rigetti:qpu:cepheus-1-36q,OFFLINE,
2026-08-16T22:57:49+00:00,azure:ionq:qpu:forte-enterprise-1,OFFLINE,
2026-08-16T22:57:49+00:00,ibm:ibm:qpu:boston,ONLINE,
2026-08-16T22:57:49+00:00,ibm:ibm:qpu:miami,ONLINE,
2026-08-16T22:57:49+00:00,rigetti:rigetti:qpu:cepheus-1-108q,ONLINE,
2026-08-16T22:57:49+00:00,aws:rigetti:qpu:cepheus-1-108q,ONLINE,
2026-08-16T22:57:49+00:00,openquantum:aqt:qpu:ibex-q1,ONLINE,
2026-08-16T22:57:49+00:00,openquantum:ionq:qpu:forte-1,ONLINE,
2026-08-16T22:57:49+00:00,openquantum:ionq:qpu:forte-enterprise,ONLINE,
2026-08-16T22:57:49+00:00,openquantum:iqm:qpu:emerald,ONLINE,
2026-08-16T22:57:49+00:00,openquantum:iqm:qpu:garnet,ONLINE,
2026-08-16T22:57:49+00:00,openquantum:rigetti:qpu:cepheus-1-108q,ONLINE,
2026-08-16T23:26:31+00:00,aws:aqt:qpu:ibex-q1,UNAVAILABLE,
2026-08-16T23:26:31+00:00,aws:quera:qpu:aquila,ONLINE,
2026-08-16T23:26:31+00:00,ibm:ibm:qpu:marrakesh,UNAVAILABLE,
2026-08-16T23:26:31+00:00,ibm:ibm:qpu:pittsburgh,ONLINE,
2026-08-16T23:26:31+00:00,azure:pasqal:qpu:fresnel,OFFLINE,
2026-08-16T23:26:31+00:00,aws:iqm:qpu:emerald,UNAVAILABLE,
2026-08-16T23:26:31+00:00,azure:ionq:qpu:forte-1,OFFLINE,
2026-08-16T23:26:31+00:00,ibm:ibm:qpu:kingston,ONLINE,
2026-08-16T23:26:31+00:00,aws:ionq:qpu:forte-1,ONLINE,
2026-08-16T23:26:31+00:00,aws:ionq:qpu:forte-enterprise-1,ONLINE,
2026-08-16T23:26:31+00:00,ionq:ionq:qpu:forte-1,ONLINE,
2026-08-16T23:26:31+00:00,ibm:ibm:qpu:fez,ONLINE,
2026-08-16T23:26:31+00:00,aws:iqm:qpu:garnet,UNAVAILABLE,
2026-08-16T23:26:31+00:00,azure:rigetti:qpu:cepheus-1-36q,OFFLINE,
2026-08-16T23:26:31+00:00,azure:ionq:qpu:forte-enterprise-1,OFFLINE,
2026-08-16T23:26:31+00:00,ibm:ibm:qpu:boston,ONLINE,
2026-08-16T23:26:31+00:00,ibm:ibm:qpu:miami,ONLINE,
2026-08-16T23:26:31+00:00,rigetti:rigetti:qpu:cepheus-1-108q,ONLINE,
2026-08-16T23:26:31+00:00,aws:rigetti:qpu:cepheus-1-108q,ONLINE,
2026-08-16T23:26:31+00:00,openquantum:aqt:qpu:ibex-q1,ONLINE,
2026-08-16T23:26:31+00:00,openquantum:ionq:qpu:forte-1,ONLINE,
2026-08-16T23:26:31+00:00,openquantum:ionq:qpu:forte-enterprise,ONLINE,
2026-08-16T23:26:31+00:00,openquantum:iqm:qpu:emerald,ONLINE,
2026-08-16T23:26:31+00:00,openquantum:iqm:qpu:garnet,ONLINE,
2026-08-16T23:26:31+00:00,openquantum:rigetti:qpu:cepheus-1-108q,ONLINE,
2026-08-16T23:56:07+00:00,aws:aqt:qpu:ibex-q1,UNAVAILABLE,
2026-08-16T23:56:07+00:00,aws:quera:qpu:aquila,ONLINE,
2026-08-16T23:56:07+00:00,ibm:ibm:qpu:marrakesh,UNAVAILABLE,
2026-08-16T23:56:07+00:00,ibm:ibm:qpu:pittsburgh,ONLINE,
2026-08-16T23:56:07+00:00,azure:pasqal:qpu:fresnel,OFFLINE,
2026-08-16T23:56:07+00:00,aws:iqm:qpu:emerald,UNAVAILABLE,
2026-08-16T23:56:07+00:00,azure:ionq:qpu:forte-1,OFFLINE,
2026-08-16T23:56:07+00:00,ibm:ibm:qpu:kingston,ONLINE,
2026-08-16T23:56:07+00:00,aws:ionq:qpu:forte-1,ONLINE,
2026-08-16T23:56:07+00:00,aws:ionq:qpu:forte-enterprise-1,ONLINE,
2026-08-16T23:56:07+00:00,ionq:ionq:qpu:forte-1,ONLINE,
2026-08-16T23:56:07+00:00,ibm:ibm:qpu:fez,ONLINE,
2026-08-16T23:56:07+00:00,aws:iqm:qpu:garnet,UNAVAILABLE,
2026-08-16T23:56:07+00:00,azure:rigetti:qpu:cepheus-1-36q,OFFLINE,
2026-08-16T23:56:07+00:00,azure:ionq:qpu:forte-enterprise-1,OFFLINE,
2026-08-16T23:56:07+00:00,ibm:ibm:qpu:boston,ONLINE,
2026-08-16T23:56:07+00:00,ibm:ibm:qpu:miami,ONLINE,
2026-08-16T23:56:07+00:00,rigetti:rigetti:qpu:cepheus-1-108q,ONLINE,
2026-08-16T23:56:07+00:00,aws:rigetti:qpu:cepheus-1-108q,ONLINE,
2026-08-16T23:56:07+00:00,openquantum:aqt:qpu:ibex-q1,ONLINE,
2026-08-16T23:56:07+00:00,openquantum:ionq:qpu:forte-1,ONLINE,
2026-08-16T23:56:07+00:00,openquantum:ionq:qpu:forte-enterprise,ONLINE,
2026-08-16T23:56:07+00:00,openquantum:iqm:qpu:emerald,ONLINE,
2026-08-16T23:56:07+00:00,openquantum:iqm:qpu:garnet,ONLINE,
2026-08-16T23:56:07+00:00,openquantum:rigetti:qpu:cepheus-1-108q,ONLINE,
2026-08-17T01:22:15+00:00,aws:aqt:qpu:ibex-q1,UNAVAILABLE,
2026-08-17T01:22:15+00:00,aws:quera:qpu:aquila,ONLINE,
2026-08-17T01:22:15+00:00,ibm:ibm:qpu:marrakesh,ONLINE,
2026-08-17T01:22:15+00:00,ibm:ibm:qpu:pittsburgh,ONLINE,
2026-08-17T01:22:15+00:00,azure:pasqal:qpu:fresnel,OFFLINE,
2026-08-17T01:22:15+00:00,aws:iqm:qpu:emerald,ONLINE,
2026-08-17T01:22:15+00:00,azure:ionq:qpu:forte-1,OFFLINE,
2026-08-17T01:22:15+00:00,ibm:ibm:qpu:kingston,ONLINE,
2026-08-17T01:22:15+00:00,aws:ionq:qpu:forte-1,ONLINE,
2026-08-17T01:22:15+00:00,aws:ionq:qpu:forte-enterprise-1,ONLINE,
2026-08-17T01:22:15+00:00,ionq:ionq:qpu:forte-1,ONLINE,
2026-08-17T01:22:15+00:00,ibm:ibm:qpu:fez,ONLINE,
2026-08-17T01:22:15+00:00,aws:iqm:qpu:garnet,ONLINE,
2026-08-17T01:22:15+00:00,azure:rigetti:qpu:cepheus-1-36q,OFFLINE,
2026-08-17T01:22:15+00:00,azure:ionq:qpu:forte-enterprise-1,OFFLINE,
2026-08-17T01:22:15+00:00,ibm:ibm:qpu:boston,ONLINE,
2026-08-17T01:22:15+00:00,ibm:ibm:qpu:miami,ONLINE,
2026-08-17T01:22:15+00:00,rigetti:rigetti:qpu:cepheus-1-108q,ONLINE,
2026-08-17T01:22:15+00:00,aws:rigetti:qpu:cepheus-1-108q,ONLINE,
2026-08-17T01:22:15+00:00,openquantum:aqt:qpu:ibex-q1,ONLINE,
2026-08-17T01:22:15+00:00,openquantum:ionq:qpu:forte-1,ONLINE,
2026-08-17T01:22:15+00:00,openquantum:ionq:qpu:forte-enterprise,ONLINE,
2026-08-17T01:22:15+00:00,openquantum:iqm:qpu:emerald,ONLINE,
2026-08-17T01:22:15+00:00,openquantum:iqm:qpu:garnet,ONLINE,
2026-08-17T01:22:15+00:00,openquantum:rigetti:qpu:cepheus-1-108q,ONLINE,
2026-08-17T02:46:22+00:00,aws:aqt:qpu:ibex-q1,UNAVAILABLE,
2026-08-17T02:46:22+00:00,aws:quera:qpu:aquila,ONLINE,
2026-08-17T02:46:22+00:00,ibm:ibm:qpu:marrakesh,UNAVAILABLE,
2026-08-17T02:46:22+00:00,ibm:ibm:qpu:pittsburgh,ONLINE,
2026-08-17T02:46:22+00:00,azure:pasqal:qpu:fresnel,OFFLINE,
2026-08-17T02:46:22+00:00,aws:iqm:qpu:emerald,ONLINE,
2026-08-17T02:46:22+00:00,azure:ionq:qpu:forte-1,OFFLINE,
2026-08-17T02:46:22+00:00,ibm:ibm:qpu:kingston,ONLINE,
2026-08-17T02:46:22+00:00,aws:ionq:qpu:forte-1,ONLINE,
2026-08-17T02:46:22+00:00,aws:ionq:qpu:forte-enterprise-1,ONLINE,
2026-08-17T02:46:22+00:00,ionq:ionq:qpu:forte-1,ONLINE,
2026-08-17T02:46:22+00:00,ibm:ibm:qpu:fez,ONLINE,
2026-08-17T02:46:22+00:00,aws:iqm:qpu:garnet,UNAVAILABLE,
2026-08-17T02:46:22+00:00,azure:rigetti:qpu:cepheus-1-36q,OFFLINE,
2026-08-17T02:46:22+00:00,azure:ionq:qpu:forte-enterprise-1,OFFLINE,
2026-08-17T02:46:22+00:00,ibm:ibm:qpu:boston,ONLINE,
2026-08-17T02:46:22+00:00,ibm:ibm:qpu:miami,ONLINE,
2026-08-17T02:46:22+00:00,rigetti:rigetti:qpu:cepheus-1-108q,ONLINE,
2026-08-17T02:46:22+00:00,aws:rigetti:qpu:cepheus-1-108q,ONLINE,
2026-08-17T02:46:22+00:00,openquantum:aqt:qpu:ibex-q1,ONLINE,
2026-08-17T02:46:22+00:00,openquantum:ionq:qpu:forte-1,ONLINE,
2026-08-17T02:46:22+00:00,openquantum:ionq:qpu:forte-enterprise,ONLINE,
2026-08-17T02:46:22+00:00,openquantum:iqm:qpu:emerald,ONLINE,
2026-08-17T02:46:22+00:00,openquantum:iqm:qpu:garnet,ONLINE,
2026-08-17T02:46:22+00:00,openquantum:rigetti:qpu:cepheus-1-108q,ONLINE,
2026-08-17T03:49:41+00:00,aws:aqt:qpu:ibex-q1,UNAVAILABLE,
2026-08-17T03:49:41+00:00,aws:quera:qpu:aquila,ONLINE,
2026-08-17T03:49:41+00:00,ibm:ibm:qpu:marrakesh,UNAVAILABLE,
2026-08-17T03:49:41+00:00,ibm:ibm:qpu:pittsburgh,ONLINE,
2026-08-17T03:49:41+00:00,azure:pasqal:qpu:fresnel,OFFLINE,
2026-08-17T03:49:41+00:00,aws:iqm:qpu:emerald,UNAVAILABLE,
2026-08-17T03:49:41+00:00,azure:ionq:qpu:forte-1,OFFLINE,
2026-08-17T03:49:41+00:00,ibm:ibm:qpu:kingston,ONLINE,
2026-08-17T03:49:41+00:00,aws:ionq:qpu:forte-1,ONLINE,
2026-08-17T03:49:41+00:00,aws:ionq:qpu:forte-enterprise-1,ONLINE,
2026-08-17T03:49:41+00:00,ionq:ionq:qpu:forte-1,ONLINE,
2026-08-17T03:49:41+00:00,ibm:ibm:qpu:fez,ONLINE,
2026-08-17T03:49:41+00:00,aws:iqm:qpu:garnet,ONLINE,
2026-08-17T03:49:41+00:00,azure:rigetti:qpu:cepheus-1-36q,OFFLINE,
2026-08-17T03:49:41+00:00,azure:ionq:qpu:forte-enterprise-1,OFFLINE,
2026-08-17T03:49:41+00:00,ibm:ibm:qpu:boston,ONLINE,
2026-08-17T03:49:41+00:00,ibm:ibm:qpu:miami,ONLINE,
2026-08-17T03:49:41+00:00,rigetti:rigetti:qpu:cepheus-1-108q,ONLINE,
2026-08-17T03:49:41+00:00,aws:rigetti:qpu:cepheus-1-108q,ONLINE,
2026-08-17T03:49:41+00:00,openquantum:aqt:qpu:ibex-q1,ONLINE,
2026-08-17T03:49:41+00:00,openquantum:ionq:qpu:forte-1,ONLINE,
2026-08-17T03:49:41+00:00,openquantum:ionq:qpu:forte-enterprise,ONLINE,
2026-08-17T03:49:41+00:00,openquantum:iqm:qpu:emerald,ONLINE,
2026-08-17T03:49:41+00:00,openquantum:iqm:qpu:garnet,ONLINE,
2026-08-17T03:49:41+00:00,openquantum:rigetti:qpu:cepheus-1-108q,ONLINE,
2026-08-17T04:40:34+00:00,aws:aqt:qpu:ibex-q1,UNAVAILABLE,
2026-08-17T04:40:34+00:00,aws:quera:qpu:aquila,UNAVAILABLE,
2026-08-17T04:40:34+00:00,ibm:ibm:qpu:marrakesh,UNAVAILABLE,
2026-08-17T04:40:34+00:00,ibm:ibm:qpu:pittsburgh,ONLINE,
2026-08-17T04:40:34+00:00,azure:pasqal:qpu:fresnel,OFFLINE,
2026-08-17T04:40:34+00:00,aws:iqm:qpu:emerald,UNAVAILABLE,
2026-08-17T04:40:34+00:00,azure:ionq:qpu:forte-1,OFFLINE,
2026-08-17T04:40:34+00:00,ibm:ibm:qpu:kingston,ONLINE,
2026-08-17T04:40:34+00:00,aws:ionq:qpu:forte-1,ONLINE,
2026-08-17T04:40:34+00:00,aws:ionq:qpu:forte-enterprise-1,ONLINE,
2026-08-17T04:40:34+00:00,ionq:ionq:qpu:forte-1,ONLINE,
2026-08-17T04:40:34+00:00,ibm:ibm:qpu:fez,ONLINE,
2026-08-17T04:40:34+00:00,aws:iqm:qpu:garnet,ONLINE,
2026-08-17T04:40:34+00:00,azure:rigetti:qpu:cepheus-1-36q,OFFLINE,
2026-08-17T04:40:34+00:00,azure:ionq:qpu:forte-enterprise-1,OFFLINE,
2026-08-17T04:40:34+00:00,ibm:ibm:qpu:boston,ONLINE,
2026-08-17T04:40:34+00:00,ibm:ibm:qpu:miami,ONLINE,
2026-08-17T04:40:34+00:00,rigetti:rigetti:qpu:cepheus-1-108q,ONLINE,
2026-08-17T04:40:34+00:00,aws:rigetti:qpu:cepheus-1-108q,ONLINE,
2026-08-17T04:40:34+00:00,openquantum:aqt:qpu:ibex-q1,ONLINE,
2026-08-17T04:40:34+00:00,openquantum:ionq:qpu:forte-1,ONLINE,
2026-08-17T04:40:34+00:00,openquantum:ionq:qpu:forte-enterprise,ONLINE,
2026-08-17T04:40:34+00:00,openquantum:iqm:qpu:emerald,ONLINE,
2026-08-17T04:40:34+00:00,openquantum:iqm:qpu:garnet,ONLINE,
2026-08-17T04:40:34+00:00,openquantum:rigetti:qpu:cepheus-1-108q,ONLINE,
2026-08-17T05:21:32+00:00,aws:aqt:qpu:ibex-q1,UNAVAILABLE,
2026-08-17T05:21:32+00:00,aws:quera:qpu:aquila,UNAVAILABLE,
2026-08-17T05:21:32+00:00,ibm:ibm:qpu:marrakesh,ONLINE,
2026-08-17T05:21:32+00:00,ibm:ibm:qpu:pittsburgh,ONLINE,
2026-08-17T05:21:32+00:00,azure:pasqal:qpu:fresnel,OFFLINE,
2026-08-17T05:21:32+00:00,aws:iqm:qpu:emerald,UNAVAILABLE,
2026-08-17T05:21:32+00:00,azure:ionq:qpu:forte-1,OFFLINE,
2026-08-17T05:21:32+00:00,ibm:ibm:qpu:kingston,ONLINE,
2026-08-17T05:21:32+00:00,aws:ionq:qpu:forte-1,ONLINE,
2026-08-17T05:21:32+00:00,aws:ionq:qpu:forte-enterprise-1,ONLINE,
2026-08-17T05:21:32+00:00,ionq:ionq:qpu:forte-1,ONLINE,
2026-08-17T05:21:32+00:00,ibm:ibm:qpu:fez,ONLINE,
2026-08-17T05:21:32+00:00,aws:iqm:qpu:garnet,ONLINE,
2026-08-17T05:21:32+00:00,azure:rigetti:qpu:cepheus-1-36q,OFFLINE,
2026-08-17T05:21:32+00:00,azure:ionq:qpu:forte-enterprise-1,OFFLINE,
2026-08-17T05:21:32+00:00,ibm:ibm:qpu:boston,ONLINE,
2026-08-17T05:21:32+00:00,ibm:ibm:qpu:miami,ONLINE,
2026-08-17T05:21:32+00:00,rigetti:rigetti:qpu:cepheus-1-108q,ONLINE,
2026-08-17T05:21:32+00:00,aws:rigetti:qpu:cepheus-1-108q,ONLINE,
2026-08-17T05:21:32+00:00,openquantum:aqt:qpu:ibex-q1,ONLINE,
2026-08-17T05:21:32+00:00,openquantum:ionq:qpu:forte-1,ONLINE,
2026-08-17T05:21:32+00:00,openquantum:ionq:qpu:forte-enterprise,ONLINE,
2026-08-17T05:21:32+00:00,openquantum:iqm:qpu:emerald,ONLINE,
2026-08-17T05:21:32+00:00,openquantum:iqm:qpu:garnet,ONLINE,
2026-08-17T05:21:32+00:00,openquantum:rigetti:qpu:cepheus-1-108q,ONLINE,
2026-08-17T06:05:09+00:00,aws:aqt:qpu:ibex-q1,UNAVAILABLE,
2026-08-17T06:05:09+00:00,aws:quera:qpu:aquila,UNAVAILABLE,
2026-08-17T06:05:09+00:00,ibm:ibm:qpu:marrakesh,ONLINE,
2026-08-17T06:05:09+00:00,ibm:ibm:qpu:pittsburgh,ONLINE,
2026-08-17T06:05:09+00:00,azure:pasqal:qpu:fresnel,OFFLINE,
2026-08-17T06:05:09+00:00,aws:iqm:qpu:emerald,UNAVAILABLE,
2026-08-17T06:05:09+00:00,azure:ionq:qpu:forte-1,OFFLINE,
2026-08-17T06:05:09+00:00,ibm:ibm:qpu:kingston,ONLINE,
2026-08-17T06:05:09+00:00,aws:ionq:qpu:forte-1,ONLINE,
2026-08-17T06:05:09+00:00,aws:ionq:qpu:forte-enterprise-1,ONLINE,
2026-08-17T06:05:09+00:00,ionq:ionq:qpu:forte-1,ONLINE,
2026-08-17T06:05:09+00:00,ibm:ibm:qpu:fez,ONLINE,
2026-08-17T06:05:09+00:00,aws:iqm:qpu:garnet,ONLINE,
2026-08-17T06:05:09+00:00,azure:rigetti:qpu:cepheus-1-36q,OFFLINE,
2026-08-17T06:05:09+00:00,azure:ionq:qpu:forte-enterprise-1,OFFLINE,
2026-08-17T06:05:09+00:00,ibm:ibm:qpu:boston,ONLINE,
2026-08-17T06:05:09+00:00,ibm:ibm:qpu:miami,ONLINE,
2026-08-17T06:05:09+00:00,rigetti:rigetti:qpu:cepheus-1-108q,ONLINE,
2026-08-17T06:05:09+00:00,aws:rigetti:qpu:cepheus-1-108q,ONLINE,
2026-08-17T06:05:09+00:00,openquantum:aqt:qpu:ibex-q1,ONLINE,
2026-08-17T06:05:09+00:00,openquantum:ionq:qpu:forte-1,ONLINE,
2026-08-17T06:05:09+00:00,openquantum:ionq:qpu:forte-enterprise,ONLINE,
2026-08-17T06:05:09+00:00,openquantum:iqm:qpu:emerald,ONLINE,
2026-08-17T06:05:09+00:00,openquantum:iqm:qpu:garnet,ONLINE,
2026-08-17T06:05:09+00:00,openquantum:rigetti:qpu:cepheus-1-108q,ONLINE,
2026-08-17T07:38:50+00:00,aws:aqt:qpu:ibex-q1,UNAVAILABLE,
2026-08-17T07:38:50+00:00,aws:quera:qpu:aquila,UNAVAILABLE,
2026-08-17T07:38:50+00:00,ibm:ibm:qpu:marrakesh,ONLINE,
2026-08-17T07:38:50+00:00,ibm:ibm:qpu:pittsburgh,ONLINE,
2026-08-17T07:38:50+00:00,azure:pasqal:qpu:fresnel,OFFLINE,
2026-08-17T07:38:50+00:00,aws:iqm:qpu:emerald,ONLINE,
2026-08-17T07:38:50+00:00,azure:ionq:qpu:forte-1,OFFLINE,
2026-08-17T07:38:50+00:00,ibm:ibm:qpu:kingston,ONLINE,
2026-08-17T07:38:50+00:00,aws:ionq:qpu:forte-1,ONLINE,
2026-08-17T07:38:50+00:00,aws:ionq:qpu:forte-enterprise-1,ONLINE,
2026-08-17T07:38:50+00:00,ionq:ionq:qpu:forte-1,ONLINE,
2026-08-17T07:38:50+00:00,ibm:ibm:qpu:fez,ONLINE,
2026-08-17T07:38:50+00:00,aws:iqm:qpu:garnet,ONLINE,
2026-08-17T07:38:50+00:00,azure:rigetti:qpu:cepheus-1-36q,OFFLINE,
2026-08-17T07:38:50+00:00,azure:ionq:qpu:forte-enterprise-1,OFFLINE,
2026-08-17T07:38:50+00:00,ibm:ibm:qpu:boston,ONLINE,
2026-08-17T07:38:50+00:00,ibm:ibm:qpu:miami,ONLINE,
2026-08-17T07:38:50+00:00,rigetti:rigetti:qpu:cepheus-1-108q,ONLINE,
2026-08-17T07:38:50+00:00,aws:rigetti:qpu:cepheus-1-108q,UNAVAILABLE,
2026-08-17T07:38:50+00:00,openquantum:aqt:qpu:ibex-q1,ONLINE,
2026-08-17T07:38:50+00:00,openquantum:ionq:qpu:forte-1,ONLINE,
2026-08-17T07:38:50+00:00,openquantum:ionq:qpu:forte-enterprise,ONLINE,
2026-08-17T07:38:50+00:00,openquantum:iqm:qpu:emerald,ONLINE,
2026-08-17T07:38:50+00:00,openquantum:iqm:qpu:garnet,ONLINE,
2026-08-17T07:38:50+00:00,openquantum:rigetti:qpu:cepheus-1-108q,ONLINE,
2026-08-17T08:24:32+00:00,aws:aqt:qpu:ibex-q1,UNAVAILABLE,
2026-08-17T08:24:32+00:00,aws:quera:qpu:aquila,UNAVAILABLE,
2026-08-17T08:24:32+00:00,ibm:ibm:qpu:marrakesh,ONLINE,
2026-08-17T08:24:32+00:00,ibm:ibm:qpu:pittsburgh,ONLINE,
2026-08-17T08:24:32+00:00,azure:pasqal:qpu:fresnel,OFFLINE,
2026-08-17T08:24:32+00:00,aws:iqm:qpu:emerald,ONLINE,
2026-08-17T08:24:32+00:00,azure:ionq:qpu:forte-1,OFFLINE,
2026-08-17T08:24:32+00:00,ibm:ibm:qpu:kingston,ONLINE,
2026-08-17T08:24:32+00:00,aws:ionq:qpu:forte-1,ONLINE,
2026-08-17T08:24:32+00:00,aws:ionq:qpu:forte-enterprise-1,ONLINE,
2026-08-17T08:24:32+00:00,ionq:ionq:qpu:forte-1,ONLINE,
2026-08-17T08:24:32+00:00,ibm:ibm:qpu:fez,ONLINE,
2026-08-17T08:24:32+00:00,aws:iqm:qpu:garnet,ONLINE,
2026-08-17T08:24:32+00:00,azure:rigetti:qpu:cepheus-1-36q,OFFLINE,
2026-08-17T08:24:32+00:00,azure:ionq:qpu:forte-enterprise-1,OFFLINE,
2026-08-17T08:24:32+00:00,ibm:ibm:qpu:boston,ONLINE,
2026-08-17T08:24:32+00:00,ibm:ibm:qpu:miami,ONLINE,
2026-08-17T08:24:32+00:00,rigetti:rigetti:qpu:cepheus-1-108q,ONLINE,
2026-08-17T08:24:32+00:00,aws:rigetti:qpu:cepheus-1-108q,UNAVAILABLE,
2026-08-17T08:24:32+00:00,openquantum:aqt:qpu:ibex-q1,ONLINE,
2026-08-17T08:24:32+00:00,openquantum:ionq:qpu:forte-1,ONLINE,
2026-08-17T08:24:32+00:00,openquantum:ionq:qpu:forte-enterprise,ONLINE,
2026-08-17T08:24:32+00:00,openquantum:iqm:qpu:emerald,ONLINE,
2026-08-17T08:24:32+00:00,openquantum:iqm:qpu:garnet,ONLINE,
2026-08-17T08:24:32+00:00,openquantum:rigetti:qpu:cepheus-1-108q,ONLINE,
2026-08-17T09:23:58+00:00,aws:aqt:qpu:ibex-q1,UNAVAILABLE,
2026-08-17T09:23:58+00:00,aws:quera:qpu:aquila,UNAVAILABLE,
2026-08-17T09:23:58+00:00,ibm:ibm:qpu:marrakesh,ONLINE,
2026-08-17T09:23:58+00:00,ibm:ibm:qpu:pittsburgh,ONLINE,
2026-08-17T09:23:58+00:00,azure:pasqal:qpu:fresnel,OFFLINE,
2026-08-17T09:23:58+00:00,aws:iqm:qpu:emerald,ONLINE,
2026-08-17T09:23:58+00:00,azure:ionq:qpu:forte-1,OFFLINE,
2026-08-17T09:23:58+00:00,ibm:ibm:qpu:kingston,ONLINE,
2026-08-17T09:23:58+00:00,aws:ionq:qpu:forte-1,ONLINE,
2026-08-17T09:23:58+00:00,aws:ionq:qpu:forte-enterprise-1,ONLINE,
2026-08-17T09:23:58+00:00,ionq:ionq:qpu:forte-1,ONLINE,
2026-08-17T09:23:58+00:00,ibm:ibm:qpu:fez,ONLINE,
2026-08-17T09:23:58+00:00,aws:iqm:qpu:garnet,ONLINE,
2026-08-17T09:23:58+00:00,azure:rigetti:qpu:cepheus-1-36q,OFFLINE,
2026-08-17T09:23:58+00:00,azure:ionq:qpu:forte-enterprise-1,OFFLINE,
2026-08-17T09:23:58+00:00,ibm:ibm:qpu:boston,ONLINE,
2026-08-17T09:23:58+00:00,ibm:ibm:qpu:miami,ONLINE,
2026-08-17T09:23:58+00:00,rigetti:rigetti:qpu:cepheus-1-108q,ONLINE,
2026-08-17T09:23:58+00:00,aws:rigetti:qpu:cepheus-1-108q,ONLINE,
2026-08-17T09:23:58+00:00,openquantum:aqt:qpu:ibex-q1,ONLINE,
2026-08-17T09:23:58+00:00,openquantum:ionq:qpu:forte-1,ONLINE,
2026-08-17T09:23:58+00:00,openquantum:ionq:qpu:forte-enterprise,ONLINE,
2026-08-17T09:23:58+00:00,openquantum:iqm:qpu:emerald,ONLINE,
2026-08-17T09:23:58+00:00,openquantum:iqm:qpu:garnet,ONLINE,
2026-08-17T09:23:58+00:00,openquantum:rigetti:qpu:cepheus-1-108q,ONLINE,
2026-08-17T10:15:21+00:00,aws:aqt:qpu:ibex-q1,UNAVAILABLE,
2026-08-17T10:15:21+00:00,aws:quera:qpu:aquila,UNAVAILABLE,
2026-08-17T10:15:21+00:00,ibm:ibm:qpu:marrakesh,ONLINE,
2026-08-17T10:15:21+00:00,ibm:ibm:qpu:pittsburgh,ONLINE,
2026-08-17T10:15:21+00:00,azure:pasqal:qpu:fresnel,OFFLINE,
2026-08-17T10:15:21+00:00,aws:iqm:qpu:emerald,ONLINE,
2026-08-17T10:15:21+00:00,azure:ionq:qpu:forte-1,OFFLINE,
2026-08-17T10:15:21+00:00,ibm:ibm:qpu:kingston,UNAVAILABLE,
2026-08-17T10:15:21+00:00,aws:ionq:qpu:forte-1,ONLINE,
2026-08-17T10:15:21+00:00,aws:ionq:qpu:forte-enterprise-1,ONLINE,
2026-08-17T10:15:21+00:00,ionq:ionq:qpu:forte-1,ONLINE,
2026-08-17T10:15:21+00:00,ibm:ibm:qpu:fez,ONLINE,
2026-08-17T10:15:21+00:00,aws:iqm:qpu:garnet,ONLINE,
2026-08-17T10:15:21+00:00,azure:rigetti:qpu:cepheus-1-36q,OFFLINE,
2026-08-17T10:15:21+00:00,azure:ionq:qpu:forte-enterprise-1,OFFLINE,
2026-08-17T10:15:21+00:00,ibm:ibm:qpu:boston,ONLINE,
2026-08-17T10:15:21+00:00,ibm:ibm:qpu:miami,ONLINE,
2026-08-17T10:15:21+00:00,rigetti:rigetti:qpu:cepheus-1-108q,ONLINE,
2026-08-17T10:15:21+00:00,aws:rigetti:qpu:cepheus-1-108q,ONLINE,
2026-08-17T10:15:21+00:00,openquantum:aqt:qpu:ibex-q1,ONLINE,
2026-08-17T10:15:21+00:00,openquantum:ionq:qpu:forte-1,ONLINE,
2026-08-17T10:15:21+00:00,openquantum:ionq:qpu:forte-enterprise,ONLINE,
2026-08-17T10:15:21+00:00,openquantum:iqm:qpu:emerald,ONLINE,
2026-08-17T10:15:21+00:00,openquantum:iqm:qpu:garnet,ONLINE,
2026-08-17T10:15:21+00:00,openquantum:rigetti:qpu:cepheus-1-108q,ONLINE,
2026-08-17T11:02:34+00:00,aws:aqt:qpu:ibex-q1,ONLINE,
2026-08-17T11:02:34+00:00,aws:quera:qpu:aquila,UNAVAILABLE,
2026-08-17T11:02:34+00:00,ibm:ibm:qpu:marrakesh,ONLINE,
2026-08-17T11:02:34+00:00,ibm:ibm:qpu:pittsburgh,ONLINE,
2026-08-17T11:02:34+00:00,azure:pasqal:qpu:fresnel,OFFLINE,
2026-08-17T11:02:34+00:00,aws:iqm:qpu:emerald,ONLINE,
2026-08-17T11:02:34+00:00,azure:ionq:qpu:forte-1,OFFLINE,
2026-08-17T11:02:34+00:00,ibm:ibm:qpu:kingston,UNAVAILABLE,
2026-08-17T11:02:34+00:00,aws:ionq:qpu:forte-1,ONLINE,
2026-08-17T11:02:34+00:00,aws:ionq:qpu:forte-enterprise-1,ONLINE,
2026-08-17T11:02:34+00:00,ionq:ionq:qpu:forte-1,ONLINE,
2026-08-17T11:02:34+00:00,ibm:ibm:qpu:fez,ONLINE,
2026-08-17T11:02:34+00:00,aws:iqm:qpu:garnet,ONLINE,
2026-08-17T11:02:34+00:00,azure:rigetti:qpu:cepheus-1-36q,OFFLINE,
2026-08-17T11:02:34+00:00,azure:ionq:qpu:forte-enterprise-1,OFFLINE,
2026-08-17T11:02:34+00:00,ibm:ibm:qpu:boston,ONLINE,
2026-08-17T11:02:34+00:00,ibm:ibm:qpu:miami,ONLINE,
2026-08-17T11:02:34+00:00,rigetti:rigetti:qpu:cepheus-1-108q,ONLINE,
2026-08-17T11:02:34+00:00,aws:rigetti:qpu:cepheus-1-108q,ONLINE,
2026-08-17T11:02:34+00:00,openquantum:aqt:qpu:ibex-q1,ONLINE,
2026-08-17T11:02:34+00:00,openquantum:ionq:qpu:forte-1,ONLINE,
2026-08-17T11:02:34+00:00,openquantum:ionq:qpu:forte-enterprise,ONLINE,
2026-08-17T11:02:34+00:00,openquantum:iqm:qpu:emerald,ONLINE,
2026-08-17T11:02:34+00:00,openquantum:iqm:qpu:garnet,ONLINE,
2026-08-17T11:02:34+00:00,openquantum:rigetti:qpu:cepheus-1-108q,ONLINE,
2026-08-17T11:59:54+00:00,aws:aqt:qpu:ibex-q1,ONLINE,
2026-08-17T11:59:54+00:00,aws:quera:qpu:aquila,UNAVAILABLE,
2026-08-17T11:59:54+00:00,ibm:ibm:qpu:marrakesh,ONLINE,
2026-08-17T11:59:54+00:00,ibm:ibm:qpu:pittsburgh,ONLINE,
2026-08-17T11:59:54+00:00,azure:pasqal:qpu:fresnel,OFFLINE,
2026-08-17T11:59:54+00:00,aws:iqm:qpu:emerald,ONLINE,
2026-08-17T11:59:54+00:00,azure:ionq:qpu:forte-1,OFFLINE,
2026-08-17T11:59:54+00:00,ibm:ibm:qpu:kingston,UNAVAILABLE,
2026-08-17T11:59:54+00:00,aws:ionq:qpu:forte-1,ONLINE,
2026-08-17T11:59:54+00:00,aws:ionq:qpu:forte-enterprise-1,ONLINE,
2026-08-17T11:59:54+00:00,ionq:ionq:qpu:forte-1,ONLINE,
2026-08-17T11:59:54+00:00,ibm:ibm:qpu:fez,ONLINE,
2026-08-17T11:59:54+00:00,aws:iqm:qpu:garnet,ONLINE,
2026-08-17T11:59:54+00:00,azure:rigetti:qpu:cepheus-1-36q,OFFLINE,
2026-08-17T11:59:54+00:00,azure:ionq:qpu:forte-enterprise-1,OFFLINE,
2026-08-17T11:59:54+00:00,ibm:ibm:qpu:boston,ONLINE,
2026-08-17T11:59:54+00:00,ibm:ibm:qpu:miami,ONLINE,
2026-08-17T11:59:54+00:00,rigetti:rigetti:qpu:cepheus-1-108q,ONLINE,
2026-08-17T11:59:54+00:00,aws:rigetti:qpu:cepheus-1-108q,ONLINE,
2026-08-17T11:59:54+00:00,openquantum:aqt:qpu:ibex-q1,ONLINE,
2026-08-17T11:59:54+00:00,openquantum:ionq:qpu:forte-1,ONLINE,
2026-08-17T11:59:54+00:00,openquantum:ionq:qpu:forte-enterprise,ONLINE,
2026-08-17T11:59:54+00:00,openquantum:iqm:qpu:emerald,ONLINE,
2026-08-17T11:59:54+00:00,openquantum:iqm:qpu:garnet,ONLINE,
2026-08-17T11:59:54+00:00,openquantum:rigetti:qpu:cepheus-1-108q,ONLINE,
2026-08-17T12:59:47+00:00,aws:aqt:qpu:ibex-q1,ONLINE,
2026-08-17T12:59:47+00:00,aws:quera:qpu:aquila,UNAVAILABLE,
2026-08-17T12:59:47+00:00,ibm:ibm:qpu:marrakesh,ONLINE,
2026-08-17T12:59:47+00:00,ibm:ibm:qpu:pittsburgh,ONLINE,
2026-08-17T12:59:47+00:00,azure:pasqal:qpu:fresnel,OFFLINE,
2026-08-17T12:59:47+00:00,aws:iqm:qpu:emerald,ONLINE,
2026-08-17T12:59:47+00:00,azure:ionq:qpu:forte-1,OFFLINE,
2026-08-17T12:59:47+00:00,ibm:ibm:qpu:kingston,UNAVAILABLE,
2026-08-17T12:59:47+00:00,aws:ionq:qpu:forte-1,ONLINE,
2026-08-17T12:59:47+00:00,aws:ionq:qpu:forte-enterprise-1,ONLINE,
2026-08-17T12:59:47+00:00,ionq:ionq:qpu:forte-1,ONLINE,
2026-08-17T12:59:47+00:00,ibm:ibm:qpu:fez,ONLINE,
2026-08-17T12:59:47+00:00,aws:iqm:qpu:garnet,ONLINE,
2026-08-17T12:59:47+00:00,azure:rigetti:qpu:cepheus-1-36q,OFFLINE,
2026-08-17T12:59:47+00:00,azure:ionq:qpu:forte-enterprise-1,OFFLINE,
2026-08-17T12:59:47+00:00,ibm:ibm:qpu:boston,ONLINE,
2026-08-17T12:59:47+00:00,ibm:ibm:qpu:miami,ONLINE,
2026-08-17T12:59:47+00:00,rigetti:rigetti:qpu:cepheus-1-108q,ONLINE,
2026-08-17T12:59:47+00:00,aws:rigetti:qpu:cepheus-1-108q,ONLINE,
2026-08-17T12:59:47+00:00,openquantum:aqt:qpu:ibex-q1,ONLINE,
2026-08-17T12:59:47+00:00,openquantum:ionq:qpu:forte-1,ONLINE,
2026-08-17T12:59:47+00:00,openquantum:ionq:qpu:forte-enterprise,ONLINE,
2026-08-17T12:59:47+00:00,openquantum:iqm:qpu:emerald,ONLINE,
2026-08-17T12:59:47+00:00,openquantum:iqm:qpu:garnet,ONLINE,
2026-08-17T12:59:47+00:00,openquantum:rigetti:qpu:cepheus-1-108q,ONLINE,
2026-08-17T13:46:56+00:00,aws:aqt:qpu:ibex-q1,ONLINE,
2026-08-17T13:46:56+00:00,aws:quera:qpu:aquila,UNAVAILABLE,
2026-08-17T13:46:56+00:00,ibm:ibm:qpu:marrakesh,ONLINE,
2026-08-17T13:46:56+00:00,ibm:ibm:qpu:pittsburgh,ONLINE,
2026-08-17T13:46:56+00:00,azure:pasqal:qpu:fresnel,OFFLINE,
2026-08-17T13:46:56+00:00,aws:iqm:qpu:emerald,ONLINE,
2026-08-17T13:46:56+00:00,azure:ionq:qpu:forte-1,OFFLINE,
2026-08-17T13:46:56+00:00,ibm:ibm:qpu:kingston,UNAVAILABLE,
2026-08-17T13:46:56+00:00,aws:ionq:qpu:forte-1,ONLINE,
2026-08-17T13:46:56+00:00,aws:ionq:qpu:forte-enterprise-1,ONLINE,
2026-08-17T13:46:56+00:00,ionq:ionq:qpu:forte-1,ONLINE,
2026-08-17T13:46:56+00:00,ibm:ibm:qpu:fez,ONLINE,
2026-08-17T13:46:56+00:00,aws:iqm:qpu:garnet,ONLINE,
2026-08-17T13:46:56+00:00,azure:rigetti:qpu:cepheus-1-36q,OFFLINE,
2026-08-17T13:46:56+00:00,azure:ionq:qpu:forte-enterprise-1,OFFLINE,
2026-08-17T13:46:56+00:00,ibm:ibm:qpu:boston,ONLINE,
2026-08-17T13:46:56+00:00,ibm:ibm:qpu:miami,ONLINE,
2026-08-17T13:46:56+00:00,rigetti:rigetti:qpu:cepheus-1-108q,ONLINE,
2026-08-17T13:46:56+00:00,aws:rigetti:qpu:cepheus-1-108q,ONLINE,
2026-08-17T13:46:56+00:00,openquantum:aqt:qpu:ibex-q1,ONLINE,
2026-08-17T13:46:56+00:00,openquantum:ionq:qpu:forte-1,ONLINE,
2026-08-17T13:46:56+00:00,openquantum:ionq:qpu:forte-enterprise,ONLINE,
2026-08-17T13:46:56+00:00,openquantum:iqm:qpu:emerald,ONLINE,
2026-08-17T13:46:56+00:00,openquantum:iqm:qpu:garnet,ONLINE,
2026-08-17T13:46:56+00:00,openquantum:rigetti:qpu:cepheus-1-108q,ONLINE,
2026-08-17T14:26:52+00:00,aws:aqt:qpu:ibex-q1,ONLINE,
2026-08-17T14:26:52+00:00,aws:quera:qpu:aquila,UNAVAILABLE,
2026-08-17T14:26:52+00:00,ibm:ibm:qpu:marrakesh,ONLINE,
2026-08-17T14:26:52+00:00,ibm:ibm:qpu:pittsburgh,ONLINE,
2026-08-17T14:26:52+00:00,azure:pasqal:qpu:fresnel,OFFLINE,
2026-08-17T14:26:52+00:00,aws:iqm:qpu:emerald,ONLINE,
2026-08-17T14:26:52+00:00,azure:ionq:qpu:forte-1,OFFLINE,
2026-08-17T14:26:52+00:00,ibm:ibm:qpu:kingston,UNAVAILABLE,
2026-08-17T14:26:52+00:00,aws:ionq:qpu:forte-1,ONLINE,
2026-08-17T14:26:52+00:00,aws:ionq:qpu:forte-enterprise-1,ONLINE,
2026-08-17T14:26:52+00:00,ionq:ionq:qpu:forte-1,ONLINE,
2026-08-17T14:26:52+00:00,ibm:ibm:qpu:fez,ONLINE,
2026-08-17T14:26:52+00:00,aws:iqm:qpu:garnet,ONLINE,
2026-08-17T14:26:52+00:00,azure:rigetti:qpu:cepheus-1-36q,OFFLINE,
2026-08-17T14:26:52+00:00,azure:ionq:qpu:forte-enterprise-1,OFFLINE,
2026-08-17T14:26:52+00:00,ibm:ibm:qpu:boston,ONLINE,
2026-08-17T14:26:52+00:00,ibm:ibm:qpu:miami,ONLINE,
2026-08-17T14:26:52+00:00,rigetti:rigetti:qpu:cepheus-1-108q,ONLINE,
2026-08-17T14:26:52+00:00,aws:rigetti:qpu:cepheus-1-108q,ONLINE,
2026-08-17T14:26:52+00:00,openquantum:aqt:qpu:ibex-q1,ONLINE,
2026-08-17T14:26:52+00:00,openquantum:ionq:qpu:forte-1,ONLINE,
2026-08-17T14:26:52+00:00,openquantum:ionq:qpu:forte-enterprise,ONLINE,
2026-08-17T14:26:52+00:00,openquantum:iqm:qpu:emerald,ONLINE,
2026-08-17T14:26:52+00:00,openquantum:iqm:qpu:garnet,ONLINE,
2026-08-17T14:26:52+00:00,openquantum:rigetti:qpu:cepheus-1-108q,ONLINE,
2026-08-17T15:01:18+00:00,aws:aqt:qpu:ibex-q1,UNAVAILABLE,
2026-08-17T15:01:18+00:00,aws:quera:qpu:aquila,UNAVAILABLE,
2026-08-17T15:01:18+00:00,ibm:ibm:qpu:marrakesh,ONLINE,
2026-08-17T15:01:18+00:00,ibm:ibm:qpu:pittsburgh,ONLINE,
2026-08-17T15:01:18+00:00,azure:pasqal:qpu:fresnel,OFFLINE,
2026-08-17T15:01:18+00:00,aws:iqm:qpu:emerald,ONLINE,
2026-08-17T15:01:18+00:00,azure:ionq:qpu:forte-1,OFFLINE,
2026-08-17T15:01:18+00:00,ibm:ibm:qpu:kingston,UNAVAILABLE,
2026-08-17T15:01:18+00:00,aws:ionq:qpu:forte-1,ONLINE,
2026-08-17T15:01:18+00:00,aws:ionq:qpu:forte-enterprise-1,ONLINE,
2026-08-17T15:01:18+00:00,ionq:ionq:qpu:forte-1,ONLINE,
2026-08-17T15:01:18+00:00,ibm:ibm:qpu:fez,ONLINE,
2026-08-17T15:01:18+00:00,aws:iqm:qpu:garnet,ONLINE,
2026-08-17T15:01:18+00:00,azure:rigetti:qpu:cepheus-1-36q,OFFLINE,
2026-08-17T15:01:18+00:00,azure:ionq:qpu:forte-enterprise-1,OFFLINE,
2026-08-17T15:01:18+00:00,ibm:ibm:qpu:boston,ONLINE,
2026-08-17T15:01:18+00:00,ibm:ibm:qpu:miami,ONLINE,
2026-08-17T15:01:18+00:00,rigetti:rigetti:qpu:cepheus-1-108q,ONLINE,
2026-08-17T15:01:18+00:00,aws:rigetti:qpu:cepheus-1-108q,ONLINE,
2026-08-17T15:01:18+00:00,openquantum:aqt:qpu:ibex-q1,ONLINE,
2026-08-17T15:01:18+00:00,openquantum:ionq:qpu:forte-1,ONLINE,
2026-08-17T15:01:18+00:00,openquantum:ionq:qpu:forte-enterprise,ONLINE,
2026-08-17T15:01:18+00:00,openquantum:iqm:qpu:emerald,ONLINE,
2026-08-17T15:01:18+00:00,openquantum:iqm:qpu:garnet,ONLINE,
2026-08-17T15:01:18+00:00,openquantum:rigetti:qpu:cepheus-1-108q,ONLINE,
2026-08-17T15:59:28+00:00,aws:aqt:qpu:ibex-q1,UNAVAILABLE,
2026-08-17T15:59:28+00:00,aws:quera:qpu:aquila,UNAVAILABLE,
2026-08-17T15:59:28+00:00,ibm:ibm:qpu:marrakesh,ONLINE,
2026-08-17T15:59:28+00:00,ibm:ibm:qpu:pittsburgh,ONLINE,
2026-08-17T15:59:28+00:00,azure:pasqal:qpu:fresnel,OFFLINE,
2026-08-17T15:59:28+00:00,aws:iqm:qpu:emerald,ONLINE,
2026-08-17T15:59:28+00:00,azure:ionq:qpu:forte-1,OFFLINE,
2026-08-17T15:59:28+00:00,ibm:ibm:qpu:kingston,UNAVAILABLE,
2026-08-17T15:59:28+00:00,aws:ionq:qpu:forte-1,ONLINE,
2026-08-17T15:59:28+00:00,aws:ionq:qpu:forte-enterprise-1,ONLINE,
2026-08-17T15:59:28+00:00,ionq:ionq:qpu:forte-1,ONLINE,
2026-08-17T15:59:28+00:00,ibm:ibm:qpu:fez,ONLINE,
2026-08-17T15:59:28+00:00,aws:iqm:qpu:garnet,UNAVAILABLE,
2026-08-17T15:59:28+00:00,azure:rigetti:qpu:cepheus-1-36q,OFFLINE,
2026-08-17T15:59:28+00:00,azure:ionq:qpu:forte-enterprise-1,OFFLINE,
2026-08-17T15:59:28+00:00,ibm:ibm:qpu:boston,ONLINE,
2026-08-17T15:59:28+00:00,ibm:ibm:qpu:miami,ONLINE,
2026-08-17T15:59:28+00:00,rigetti:rigetti:qpu:cepheus-1-108q,ONLINE,
2026-08-17T15:59:28+00:00,aws:rigetti:qpu:cepheus-1-108q,ONLINE,
2026-08-17T15:59:28+00:00,openquantum:aqt:qpu:ibex-q1,ONLINE,
2026-08-17T15:59:28+00:00,openquantum:ionq:qpu:forte-1,ONLINE,
2026-08-17T15:59:28+00:00,openquantum:ionq:qpu:forte-enterprise,ONLINE,
2026-08-17T15:59:28+00:00,openquantum:iqm:qpu:emerald,ONLINE,
2026-08-17T15:59:28+00:00,openquantum:iqm:qpu:garnet,ONLINE,
2026-08-17T15:59:28+00:00,openquantum:rigetti:qpu:cepheus-1-108q,ONLINE,
2026-08-17T16:37:33+00:00,aws:aqt:qpu:ibex-q1,UNAVAILABLE,
2026-08-17T16:37:33+00:00,aws:quera:qpu:aquila,UNAVAILABLE,
2026-08-17T16:37:33+00:00,ibm:ibm:qpu:marrakesh,ONLINE,
2026-08-17T16:37:33+00:00,ibm:ibm:qpu:pittsburgh,ONLINE,
2026-08-17T16:37:33+00:00,azure:pasqal:qpu:fresnel,OFFLINE,
2026-08-17T16:37:33+00:00,aws:iqm:qpu:emerald,ONLINE,
2026-08-17T16:37:33+00:00,azure:ionq:qpu:forte-1,OFFLINE,
2026-08-17T16:37:33+00:00,ibm:ibm:qpu:kingston,ONLINE,
2026-08-17T16:37:33+00:00,aws:ionq:qpu:forte-1,ONLINE,
2026-08-17T16:37:33+00:00,aws:ionq:qpu:forte-enterprise-1,ONLINE,
2026-08-17T16:37:33+00:00,ionq:ionq:qpu:forte-1,ONLINE,
2026-08-17T16:37:33+00:00,ibm:ibm:qpu:fez,ONLINE,
2026-08-17T16:37:33+00:00,aws:iqm:qpu:garnet,UNAVAILABLE,
2026-08-17T16:37:33+00:00,azure:rigetti:qpu:cepheus-1-36q,OFFLINE,
2026-08-17T16:37:33+00:00,azure:ionq:qpu:forte-enterprise-1,OFFLINE,
2026-08-17T16:37:33+00:00,ibm:ibm:qpu:boston,ONLINE,
2026-08-17T16:37:33+00:00,ibm:ibm:qpu:miami,ONLINE,
2026-08-17T16:37:33+00:00,rigetti:rigetti:qpu:cepheus-1-108q,ONLINE,
2026-08-17T16:37:33+00:00,aws:rigetti:qpu:cepheus-1-108q,ONLINE,
2026-08-17T16:37:33+00:00,openquantum:aqt:qpu:ibex-q1,ONLINE,
2026-08-17T16:37:33+00:00,openquantum:ionq:qpu:forte-1,ONLINE,
2026-08-17T16:37:33+00:00,openquantum:ionq:qpu:forte-enterprise,ONLINE,
2026-08-17T16:37:33+00:00,openquantum:iqm:qpu:emerald,ONLINE,
2026-08-17T16:37:33+00:00,openquantum:iqm:qpu:garnet,ONLINE,
2026-08-17T16:37:33+00:00,openquantum:rigetti:qpu:cepheus-1-108q,ONLINE,
2026-08-17T17:04:07+00:00,aws:aqt:qpu:ibex-q1,UNAVAILABLE,
2026-08-17T17:04:07+00:00,aws:quera:qpu:aquila,UNAVAILABLE,
2026-08-17T17:04:07+00:00,ibm:ibm:qpu:marrakesh,ONLINE,
2026-08-17T17:04:07+00:00,ibm:ibm:qpu:pittsburgh,ONLINE,
2026-08-17T17:04:07+00:00,azure:pasqal:qpu:fresnel,OFFLINE,
2026-08-17T17:04:07+00:00,aws:iqm:qpu:emerald,ONLINE,
2026-08-17T17:04:07+00:00,azure:ionq:qpu:forte-1,OFFLINE,
2026-08-17T17:04:07+00:00,ibm:ibm:qpu:kingston,ONLINE,
2026-08-17T17:04:07+00:00,aws:ionq:qpu:forte-1,ONLINE,
2026-08-17T17:04:07+00:00,aws:ionq:qpu:forte-enterprise-1,ONLINE,
2026-08-17T17:04:07+00:00,ionq:ionq:qpu:forte-1,ONLINE,
2026-08-17T17:04:07+00:00,ibm:ibm:qpu:fez,ONLINE,
2026-08-17T17:04:07+00:00,aws:iqm:qpu:garnet,UNAVAILABLE,
2026-08-17T17:04:07+00:00,azure:rigetti:qpu:cepheus-1-36q,OFFLINE,
2026-08-17T17:04:07+00:00,azure:ionq:qpu:forte-enterprise-1,OFFLINE,
2026-08-17T17:04:07+00:00,ibm:ibm:qpu:boston,ONLINE,
2026-08-17T17:04:07+00:00,ibm:ibm:qpu:miami,ONLINE,
2026-08-17T17:04:07+00:00,rigetti:rigetti:qpu:cepheus-1-108q,ONLINE,
2026-08-17T17:04:07+00:00,aws:rigetti:qpu:cepheus-1-108q,ONLINE,
2026-08-17T17:04:07+00:00,openquantum:aqt:qpu:ibex-q1,ONLINE,
2026-08-17T17:04:07+00:00,openquantum:ionq:qpu:forte-1,ONLINE,
2026-08-17T17:04:07+00:00,openquantum:ionq:qpu:forte-enterprise,ONLINE,
2026-08-17T17:04:07+00:00,openquantum:iqm:qpu:emerald,ONLINE,
2026-08-17T17:04:07+00:00,openquantum:iqm:qpu:garnet,ONLINE,
2026-08-17T17:04:07+00:00,openquantum:rigetti:qpu:cepheus-1-108q,ONLINE,
2026-08-17T18:03:07+00:00,aws:aqt:qpu:ibex-q1,UNAVAILABLE,
2026-08-17T18:03:07+00:00,aws:quera:qpu:aquila,UNAVAILABLE,
2026-08-17T18:03:07+00:00,ibm:ibm:qpu:marrakesh,ONLINE,
2026-08-17T18:03:07+00:00,ibm:ibm:qpu:pittsburgh,ONLINE,
2026-08-17T18:03:07+00:00,azure:pasqal:qpu:fresnel,OFFLINE,
2026-08-17T18:03:07+00:00,aws:iqm:qpu:emerald,ONLINE,
2026-08-17T18:03:07+00:00,azure:ionq:qpu:forte-1,OFFLINE,
2026-08-17T18:03:07+00:00,ibm:ibm:qpu:kingston,UNAVAILABLE,
2026-08-17T18:03:07+00:00,aws:ionq:qpu:forte-1,UNAVAILABLE,
2026-08-17T18:03:07+00:00,aws:ionq:qpu:forte-enterprise-1,ONLINE,
2026-08-17T18:03:07+00:00,ionq:ionq:qpu:forte-1,ONLINE,
2026-08-17T18:03:07+00:00,ibm:ibm:qpu:fez,ONLINE,
2026-08-17T18:03:07+00:00,aws:iqm:qpu:garnet,ONLINE,
2026-08-17T18:03:07+00:00,azure:rigetti:qpu:cepheus-1-36q,OFFLINE,
2026-08-17T18:03:07+00:00,azure:ionq:qpu:forte-enterprise-1,OFFLINE,
2026-08-17T18:03:07+00:00,ibm:ibm:qpu:boston,ONLINE,
2026-08-17T18:03:07+00:00,ibm:ibm:qpu:miami,ONLINE,
2026-08-17T18:03:07+00:00,rigetti:rigetti:qpu:cepheus-1-108q,ONLINE,
2026-08-17T18:03:07+00:00,aws:rigetti:qpu:cepheus-1-108q,ONLINE,
2026-08-17T18:03:07+00:00,openquantum:aqt:qpu:ibex-q1,ONLINE,
2026-08-17T18:03:07+00:00,openquantum:ionq:qpu:forte-1,ONLINE,
2026-08-17T18:03:07+00:00,openquantum:ionq:qpu:forte-enterprise,ONLINE,
2026-08-17T18:03:07+00:00,openquantum:iqm:qpu:emerald,ONLINE,
2026-08-17T18:03:07+00:00,openquantum:iqm:qpu:garnet,ONLINE,
2026-08-17T18:03:07+00:00,openquantum:rigetti:qpu:cepheus-1-108q,ONLINE,
2026-08-17T19:15:50+00:00,aws:aqt:qpu:ibex-q1,UNAVAILABLE,
2026-08-17T19:15:50+00:00,aws:quera:qpu:aquila,UNAVAILABLE,
2026-08-17T19:15:50+00:00,ibm:ibm:qpu:marrakesh,UNAVAILABLE,
2026-08-17T19:15:50+00:00,ibm:ibm:qpu:pittsburgh,ONLINE,
2026-08-17T19:15:50+00:00,azure:pasqal:qpu:fresnel,OFFLINE,
2026-08-17T19:15:50+00:00,aws:iqm:qpu:emerald,ONLINE,
2026-08-17T19:15:50+00:00,azure:ionq:qpu:forte-1,OFFLINE,
2026-08-17T19:15:50+00:00,ibm:ibm:qpu:kingston,ONLINE,
2026-08-17T19:15:50+00:00,aws:ionq:qpu:forte-1,ONLINE,
2026-08-17T19:15:50+00:00,aws:ionq:qpu:forte-enterprise-1,ONLINE,
2026-08-17T19:15:50+00:00,ionq:ionq:qpu:forte-1,ONLINE,
2026-08-17T19:15:50+00:00,ibm:ibm:qpu:fez,ONLINE,
2026-08-17T19:15:50+00:00,aws:iqm:qpu:garnet,ONLINE,
2026-08-17T19:15:50+00:00,azure:rigetti:qpu:cepheus-1-36q,OFFLINE,
2026-08-17T19:15:50+00:00,azure:ionq:qpu:forte-enterprise-1,OFFLINE,
2026-08-17T19:15:50+00:00,ibm:ibm:qpu:boston,ONLINE,
2026-08-17T19:15:50+00:00,ibm:ibm:qpu:miami,ONLINE,
2026-08-17T19:15:50+00:00,rigetti:rigetti:qpu:cepheus-1-108q,ONLINE,
2026-08-17T19:15:50+00:00,aws:rigetti:qpu:cepheus-1-108q,UNAVAILABLE,
2026-08-17T19:15:50+00:00,openquantum:aqt:qpu:ibex-q1,ONLINE,
2026-08-17T19:15:50+00:00,openquantum:ionq:qpu:forte-1,ONLINE,
2026-08-17T19:15:50+00:00,openquantum:ionq:qpu:forte-enterprise,ONLINE,
2026-08-17T19:15:50+00:00,openquantum:iqm:qpu:emerald,ONLINE,
2026-08-17T19:15:50+00:00,openquantum:iqm:qpu:garnet,ONLINE,
2026-08-17T19:15:50+00:00,openquantum:rigetti:qpu:cepheus-1-108q,ONLINE,
2026-08-17T19:59:43+00:00,aws:aqt:qpu:ibex-q1,UNAVAILABLE,
2026-08-17T19:59:43+00:00,aws:quera:qpu:aquila,UNAVAILABLE,
2026-08-17T19:59:43+00:00,ibm:ibm:qpu:marrakesh,ONLINE,
2026-08-17T19:59:43+00:00,ibm:ibm:qpu:pittsburgh,ONLINE,
2026-08-17T19:59:43+00:00,azure:pasqal:qpu:fresnel,OFFLINE,
2026-08-17T19:59:43+00:00,aws:iqm:qpu:emerald,ONLINE,
2026-08-17T19:59:43+00:00,azure:ionq:qpu:forte-1,OFFLINE,
2026-08-17T19:59:43+00:00,ibm:ibm:qpu:kingston,ONLINE,
2026-08-17T19:59:43+00:00,aws:ionq:qpu:forte-1,ONLINE,
2026-08-17T19:59:43+00:00,aws:ionq:qpu:forte-enterprise-1,ONLINE,
2026-08-17T19:59:43+00:00,ionq:ionq:qpu:forte-1,ONLINE,
2026-08-17T19:59:43+00:00,ibm:ibm:qpu:fez,ONLINE,
2026-08-17T19:59:43+00:00,aws:iqm:qpu:garnet,ONLINE,
2026-08-17T19:59:43+00:00,azure:rigetti:qpu:cepheus-1-36q,OFFLINE,
2026-08-17T19:59:43+00:00,azure:ionq:qpu:forte-enterprise-1,OFFLINE,
2026-08-17T19:59:43+00:00,ibm:ibm:qpu:boston,ONLINE,
2026-08-17T19:59:43+00:00,ibm:ibm:qpu:miami,ONLINE,
2026-08-17T19:59:43+00:00,rigetti:rigetti:qpu:cepheus-1-108q,ONLINE,
2026-08-17T19:59:43+00:00,aws:rigetti:qpu:cepheus-1-108q,UNAVAILABLE,
2026-08-17T19:59:43+00:00,openquantum:aqt:qpu:ibex-q1,ONLINE,
2026-08-17T19:59:43+00:00,openquantum:ionq:qpu:forte-1,ONLINE,
2026-08-17T19:59:43+00:00,openquantum:ionq:qpu:forte-enterprise,ONLINE,
2026-08-17T19:59:43+00:00,openquantum:iqm:qpu:emerald,ONLINE,
2026-08-17T19:59:43+00:00,openquantum:iqm:qpu:garnet,ONLINE,
2026-08-17T19:59:43+00:00,openquantum:rigetti:qpu:cepheus-1-108q,ONLINE,
2026-08-17T20:36:06+00:00,aws:aqt:qpu:ibex-q1,UNAVAILABLE,
2026-08-17T20:36:06+00:00,aws:quera:qpu:aquila,UNAVAILABLE,
2026-08-17T20:36:06+00:00,ibm:ibm:qpu:marrakesh,ONLINE,
2026-08-17T20:36:06+00:00,ibm:ibm:qpu:pittsburgh,ONLINE,
2026-08-17T20:36:06+00:00,azure:pasqal:qpu:fresnel,OFFLINE,
2026-08-17T20:36:06+00:00,aws:iqm:qpu:emerald,ONLINE,
2026-08-17T20:36:06+00:00,azure:ionq:qpu:forte-1,OFFLINE,
2026-08-17T20:36:06+00:00,ibm:ibm:qpu:kingston,ONLINE,
2026-08-17T20:36:06+00:00,aws:ionq:qpu:forte-1,ONLINE,
2026-08-17T20:36:06+00:00,aws:ionq:qpu:forte-enterprise-1,ONLINE,
2026-08-17T20:36:06+00:00,ionq:ionq:qpu:forte-1,ONLINE,
2026-08-17T20:36:06+00:00,ibm:ibm:qpu:fez,ONLINE,
2026-08-17T20:36:06+00:00,aws:iqm:qpu:garnet,ONLINE,
2026-08-17T20:36:06+00:00,azure:rigetti:qpu:cepheus-1-36q,OFFLINE,
2026-08-17T20:36:06+00:00,azure:ionq:qpu:forte-enterprise-1,OFFLINE,
2026-08-17T20:36:06+00:00,ibm:ibm:qpu:boston,ONLINE,
2026-08-17T20:36:06+00:00,ibm:ibm:qpu:miami,ONLINE,
2026-08-17T20:36:06+00:00,rigetti:rigetti:qpu:cepheus-1-108q,ONLINE,
2026-08-17T20:36:06+00:00,aws:rigetti:qpu:cepheus-1-108q,UNAVAILABLE,
2026-08-17T20:36:06+00:00,openquantum:aqt:qpu:ibex-q1,ONLINE,
2026-08-17T20:36:06+00:00,openquantum:ionq:qpu:forte-1,ONLINE,
2026-08-17T20:36:06+00:00,openquantum:ionq:qpu:forte-enterprise,ONLINE,
2026-08-17T20:36:06+00:00,openquantum:iqm:qpu:emerald,ONLINE,
2026-08-17T20:36:06+00:00,openquantum:iqm:qpu:garnet,ONLINE,
2026-08-17T20:36:06+00:00,openquantum:rigetti:qpu:cepheus-1-108q,ONLINE,
2026-08-17T21:02:49+00:00,aws:aqt:qpu:ibex-q1,UNAVAILABLE,
2026-08-17T21:02:49+00:00,aws:quera:qpu:aquila,UNAVAILABLE,
2026-08-17T21:02:49+00:00,ibm:ibm:qpu:marrakesh,ONLINE,
2026-08-17T21:02:49+00:00,ibm:ibm:qpu:pittsburgh,ONLINE,
2026-08-17T21:02:49+00:00,azure:pasqal:qpu:fresnel,OFFLINE,
2026-08-17T21:02:49+00:00,aws:iqm:qpu:emerald,ONLINE,
2026-08-17T21:02:49+00:00,azure:ionq:qpu:forte-1,OFFLINE,
2026-08-17T21:02:49+00:00,ibm:ibm:qpu:kingston,ONLINE,
2026-08-17T21:02:49+00:00,aws:ionq:qpu:forte-1,ONLINE,
2026-08-17T21:02:49+00:00,aws:ionq:qpu:forte-enterprise-1,ONLINE,
2026-08-17T21:02:49+00:00,ionq:ionq:qpu:forte-1,UNAVAILABLE,
2026-08-17T21:02:49+00:00,ibm:ibm:qpu:fez,ONLINE,
2026-08-17T21:02:49+00:00,aws:iqm:qpu:garnet,ONLINE,
2026-08-17T21:02:49+00:00,azure:rigetti:qpu:cepheus-1-36q,OFFLINE,
2026-08-17T21:02:49+00:00,azure:ionq:qpu:forte-enterprise-1,OFFLINE,
2026-08-17T21:02:49+00:00,ibm:ibm:qpu:boston,ONLINE,
2026-08-17T21:02:49+00:00,ibm:ibm:qpu:miami,ONLINE,
2026-08-17T21:02:49+00:00,rigetti:rigetti:qpu:cepheus-1-108q,ONLINE,
2026-08-17T21:02:49+00:00,aws:rigetti:qpu:cepheus-1-108q,ONLINE,
2026-08-17T21:02:49+00:00,openquantum:aqt:qpu:ibex-q1,ONLINE,
2026-08-17T21:02:49+00:00,openquantum:ionq:qpu:forte-1,ONLINE,
2026-08-17T21:02:49+00:00,openquantum:ionq:qpu:forte-enterprise,ONLINE,
2026-08-17T21:02:49+00:00,openquantum:iqm:qpu:emerald,ONLINE,
2026-08-17T21:02:49+00:00,openquantum:iqm:qpu:garnet,ONLINE,
2026-08-17T21:02:49+00:00,openquantum:rigetti:qpu:cepheus-1-108q,ONLINE,
2026-08-17T21:59:52+00:00,aws:aqt:qpu:ibex-q1,UNAVAILABLE,
2026-08-17T21:59:52+00:00,aws:quera:qpu:aquila,UNAVAILABLE,
2026-08-17T21:59:52+00:00,ibm:ibm:qpu:marrakesh,ONLINE,
2026-08-17T21:59:52+00:00,ibm:ibm:qpu:pittsburgh,ONLINE,
2026-08-17T21:59:52+00:00,azure:pasqal:qpu:fresnel,OFFLINE,
2026-08-17T21:59:52+00:00,aws:iqm:qpu:emerald,ONLINE,
2026-08-17T21:59:52+00:00,azure:ionq:qpu:forte-1,OFFLINE,
2026-08-17T21:59:52+00:00,ibm:ibm:qpu:kingston,ONLINE,
2026-08-17T21:59:52+00:00,aws:ionq:qpu:forte-1,ONLINE,
2026-08-17T21:59:52+00:00,aws:ionq:qpu:forte-enterprise-1,ONLINE,
2026-08-17T21:59:52+00:00,ionq:ionq:qpu:forte-1,ONLINE,
2026-08-17T21:59:52+00:00,ibm:ibm:qpu:fez,ONLINE,
2026-08-17T21:59:52+00:00,aws:iqm:qpu:garnet,ONLINE,
2026-08-17T21:59:52+00:00,azure:rigetti:qpu:cepheus-1-36q,OFFLINE,
2026-08-17T21:59:52+00:00,azure:ionq:qpu:forte-enterprise-1,OFFLINE,
2026-08-17T21:59:52+00:00,ibm:ibm:qpu:boston,ONLINE,
2026-08-17T21:59:52+00:00,ibm:ibm:qpu:miami,ONLINE,
2026-08-17T21:59:52+00:00,rigetti:rigetti:qpu:cepheus-1-108q,ONLINE,
2026-08-17T21:59:52+00:00,aws:rigetti:qpu:cepheus-1-108q,ONLINE,
2026-08-17T21:59:52+00:00,openquantum:aqt:qpu:ibex-q1,ONLINE,
2026-08-17T21:59:52+00:00,openquantum:ionq:qpu:forte-1,ONLINE,
2026-08-17T21:59:52+00:00,openquantum:ionq:qpu:forte-enterprise,ONLINE,
2026-08-17T21:59:52+00:00,openquantum:iqm:qpu:emerald,ONLINE,
2026-08-17T21:59:52+00:00,openquantum:iqm:qpu:garnet,ONLINE,
2026-08-17T21:59:52+00:00,openquantum:rigetti:qpu:cepheus-1-108q,ONLINE,
2026-08-17T22:33:22+00:00,aws:aqt:qpu:ibex-q1,UNAVAILABLE,
2026-08-17T22:33:22+00:00,aws:quera:qpu:aquila,UNAVAILABLE,
2026-08-17T22:33:22+00:00,ibm:ibm:qpu:marrakesh,ONLINE,
2026-08-17T22:33:22+00:00,ibm:ibm:qpu:pittsburgh,ONLINE,
2026-08-17T22:33:22+00:00,azure:pasqal:qpu:fresnel,OFFLINE,
2026-08-17T22:33:22+00:00,aws:iqm:qpu:emerald,ONLINE,
2026-08-17T22:33:22+00:00,azure:ionq:qpu:forte-1,OFFLINE,
2026-08-17T22:33:22+00:00,ibm:ibm:qpu:kingston,ONLINE,
2026-08-17T22:33:22+00:00,aws:ionq:qpu:forte-1,ONLINE,
2026-08-17T22:33:22+00:00,aws:ionq:qpu:forte-enterprise-1,ONLINE,
2026-08-17T22:33:22+00:00,ionq:ionq:qpu:forte-1,ONLINE,
2026-08-17T22:33:22+00:00,ibm:ibm:qpu:fez,ONLINE,
2026-08-17T22:33:22+00:00,aws:iqm:qpu:garnet,ONLINE,
2026-08-17T22:33:22+00:00,azure:rigetti:qpu:cepheus-1-36q,OFFLINE,
2026-08-17T22:33:22+00:00,azure:ionq:qpu:forte-enterprise-1,OFFLINE,
2026-08-17T22:33:22+00:00,ibm:ibm:qpu:boston,ONLINE,
2026-08-17T22:33:22+00:00,ibm:ibm:qpu:miami,ONLINE,
2026-08-17T22:33:22+00:00,rigetti:rigetti:qpu:cepheus-1-108q,ONLINE,
2026-08-17T22:33:22+00:00,aws:rigetti:qpu:cepheus-1-108q,ONLINE,
2026-08-17T22:33:22+00:00,openquantum:aqt:qpu:ibex-q1,ONLINE,
2026-08-17T22:33:22+00:00,openquantum:ionq:qpu:forte-1,ONLINE,
2026-08-17T22:33:22+00:00,openquantum:ionq:qpu:forte-enterprise,ONLINE,
2026-08-17T22:33:22+00:00,openquantum:iqm:qpu:emerald,ONLINE,
2026-08-17T22:33:22+00:00,openquantum:iqm:qpu:garnet,ONLINE,
2026-08-17T22:33:22+00:00,openquantum:rigetti:qpu:cepheus-1-108q,ONLINE,
2026-08-17T23:00:09+00:00,aws:aqt:qpu:ibex-q1,UNAVAILABLE,
2026-08-17T23:00:09+00:00,aws:quera:qpu:aquila,UNAVAILABLE,
2026-08-17T23:00:09+00:00,ibm:ibm:qpu:marrakesh,ONLINE,
2026-08-17T23:00:09+00:00,ibm:ibm:qpu:pittsburgh,ONLINE,
2026-08-17T23:00:09+00:00,azure:pasqal:qpu:fresnel,OFFLINE,
2026-08-17T23:00:09+00:00,aws:iqm:qpu:emerald,ONLINE,
2026-08-17T23:00:09+00:00,azure:ionq:qpu:forte-1,OFFLINE,
2026-08-17T23:00:09+00:00,ibm:ibm:qpu:kingston,ONLINE,
2026-08-17T23:00:09+00:00,aws:ionq:qpu:forte-1,ONLINE,
2026-08-17T23:00:09+00:00,aws:ionq:qpu:forte-enterprise-1,ONLINE,
2026-08-17T23:00:09+00:00,ionq:ionq:qpu:forte-1,ONLINE,
2026-08-17T23:00:09+00:00,ibm:ibm:qpu:fez,ONLINE,
2026-08-17T23:00:09+00:00,aws:iqm:qpu:garnet,ONLINE,
2026-08-17T23:00:09+00:00,azure:rigetti:qpu:cepheus-1-36q,OFFLINE,
2026-08-17T23:00:09+00:00,azure:ionq:qpu:forte-enterprise-1,OFFLINE,
2026-08-17T23:00:09+00:00,ibm:ibm:qpu:boston,ONLINE,
2026-08-17T23:00:09+00:00,ibm:ibm:qpu:miami,ONLINE,
2026-08-17T23:00:09+00:00,rigetti:rigetti:qpu:cepheus-1-108q,ONLINE,
2026-08-17T23:00:09+00:00,aws:rigetti:qpu:cepheus-1-108q,ONLINE,
2026-08-17T23:00:09+00:00,openquantum:aqt:qpu:ibex-q1,ONLINE,
2026-08-17T23:00:09+00:00,openquantum:ionq:qpu:forte-1,ONLINE,
2026-08-17T23:00:09+00:00,openquantum:ionq:qpu:forte-enterprise,ONLINE,
2026-08-17T23:00:09+00:00,openquantum:iqm:qpu:emerald,ONLINE,
2026-08-17T23:00:09+00:00,openquantum:iqm:qpu:garnet,ONLINE,
2026-08-17T23:00:09+00:00,openquantum:rigetti:qpu:cepheus-1-108q,ONLINE,
2026-08-17T23:58:13+00:00,aws:aqt:qpu:ibex-q1,UNAVAILABLE,
2026-08-17T23:58:13+00:00,aws:quera:qpu:aquila,UNAVAILABLE,
2026-08-17T23:58:13+00:00,ibm:ibm:qpu:marrakesh,ONLINE,
2026-08-17T23:58:13+00:00,ibm:ibm:qpu:pittsburgh,ONLINE,
2026-08-17T23:58:13+00:00,azure:pasqal:qpu:fresnel,OFFLINE,
2026-08-17T23:58:13+00:00,aws:iqm:qpu:emerald,ONLINE,
2026-08-17T23:58:13+00:00,azure:ionq:qpu:forte-1,OFFLINE,
2026-08-17T23:58:13+00:00,ibm:ibm:qpu:kingston,ONLINE,
2026-08-17T23:58:13+00:00,aws:ionq:qpu:forte-1,ONLINE,
2026-08-17T23:58:13+00:00,aws:ionq:qpu:forte-enterprise-1,ONLINE,
2026-08-17T23:58:13+00:00,ionq:ionq:qpu:forte-1,ONLINE,
2026-08-17T23:58:13+00:00,ibm:ibm:qpu:fez,ONLINE,
2026-08-17T23:58:13+00:00,aws:iqm:qpu:garnet,ONLINE,
2026-08-17T23:58:13+00:00,azure:rigetti:qpu:cepheus-1-36q,OFFLINE,
2026-08-17T23:58:13+00:00,azure:ionq:qpu:forte-enterprise-1,OFFLINE,
2026-08-17T23:58:13+00:00,ibm:ibm:qpu:boston,ONLINE,
2026-08-17T23:58:13+00:00,ibm:ibm:qpu:miami,ONLINE,
2026-08-17T23:58:13+00:00,rigetti:rigetti:qpu:cepheus-1-108q,ONLINE,
2026-08-17T23:58:13+00:00,aws:rigetti:qpu:cepheus-1-108q,ONLINE,
2026-08-17T23:58:13+00:00,openquantum:aqt:qpu:ibex-q1,ONLINE,
2026-08-17T23:58:13+00:00,openquantum:ionq:qpu:forte-1,ONLINE,
2026-08-17T23:58:13+00:00,openquantum:ionq:qpu:forte-enterprise,ONLINE,
2026-08-17T23:58:13+00:00,openquantum:iqm:qpu:emerald,ONLINE,
2026-08-17T23:58:13+00:00,openquantum:iqm:qpu:garnet,ONLINE,
2026-08-17T23:58:13+00:00,openquantum:rigetti:qpu:cepheus-1-108q,ONLINE,
2026-08-18T01:43:23+00:00,aws:aqt:qpu:ibex-q1,UNAVAILABLE,
2026-08-18T01:43:23+00:00,aws:quera:qpu:aquila,UNAVAILABLE,
2026-08-18T01:43:23+00:00,ibm:ibm:qpu:marrakesh,ONLINE,
2026-08-18T01:43:23+00:00,ibm:ibm:qpu:pittsburgh,ONLINE,
2026-08-18T01:43:23+00:00,azure:pasqal:qpu:fresnel,OFFLINE,
2026-08-18T01:43:23+00:00,aws:iqm:qpu:emerald,ONLINE,
2026-08-18T01:43:23+00:00,azure:ionq:qpu:forte-1,OFFLINE,
2026-08-18T01:43:23+00:00,ibm:ibm:qpu:kingston,ONLINE,
2026-08-18T01:43:23+00:00,aws:ionq:qpu:forte-1,ONLINE,
2026-08-18T01:43:23+00:00,aws:ionq:qpu:forte-enterprise-1,ONLINE,
2026-08-18T01:43:23+00:00,ionq:ionq:qpu:forte-1,ONLINE,
2026-08-18T01:43:23+00:00,ibm:ibm:qpu:fez,ONLINE,
2026-08-18T01:43:23+00:00,aws:iqm:qpu:garnet,UNAVAILABLE,
2026-08-18T01:43:23+00:00,azure:rigetti:qpu:cepheus-1-36q,OFFLINE,
2026-08-18T01:43:23+00:00,azure:ionq:qpu:forte-enterprise-1,OFFLINE,
2026-08-18T01:43:23+00:00,ibm:ibm:qpu:boston,ONLINE,
2026-08-18T01:43:23+00:00,ibm:ibm:qpu:miami,ONLINE,
2026-08-18T01:43:23+00:00,rigetti:rigetti:qpu:cepheus-1-108q,ONLINE,
2026-08-18T01:43:23+00:00,aws:rigetti:qpu:cepheus-1-108q,ONLINE,
2026-08-18T01:43:23+00:00,openquantum:aqt:qpu:ibex-q1,ONLINE,
2026-08-18T01:43:23+00:00,openquantum:ionq:qpu:forte-1,ONLINE,
2026-08-18T01:43:23+00:00,openquantum:ionq:qpu:forte-enterprise,ONLINE,
2026-08-18T01:43:23+00:00,openquantum:iqm:qpu:emerald,ONLINE,
2026-08-18T01:43:23+00:00,openquantum:iqm:qpu:garnet,ONLINE,
2026-08-18T01:43:23+00:00,openquantum:rigetti:qpu:cepheus-1-108q,ONLINE,
2026-08-18T02:42:38+00:00,aws:aqt:qpu:ibex-q1,UNAVAILABLE,
2026-08-18T02:42:38+00:00,aws:quera:qpu:aquila,UNAVAILABLE,
2026-08-18T02:42:38+00:00,ibm:ibm:qpu:marrakesh,ONLINE,
2026-08-18T02:42:38+00:00,ibm:ibm:qpu:pittsburgh,ONLINE,
2026-08-18T02:42:38+00:00,azure:pasqal:qpu:fresnel,OFFLINE,
2026-08-18T02:42:38+00:00,aws:iqm:qpu:emerald,ONLINE,
2026-08-18T02:42:38+00:00,azure:ionq:qpu:forte-1,OFFLINE,
2026-08-18T02:42:38+00:00,ibm:ibm:qpu:kingston,ONLINE,
2026-08-18T02:42:38+00:00,aws:ionq:qpu:forte-1,ONLINE,
2026-08-18T02:42:38+00:00,aws:ionq:qpu:forte-enterprise-1,ONLINE,
2026-08-18T02:42:38+00:00,ionq:ionq:qpu:forte-1,ONLINE,
2026-08-18T02:42:38+00:00,ibm:ibm:qpu:fez,ONLINE,
2026-08-18T02:42:38+00:00,aws:iqm:qpu:garnet,UNAVAILABLE,
2026-08-18T02:42:38+00:00,azure:rigetti:qpu:cepheus-1-36q,OFFLINE,
2026-08-18T02:42:38+00:00,azure:ionq:qpu:forte-enterprise-1,OFFLINE,
2026-08-18T02:42:38+00:00,ibm:ibm:qpu:boston,ONLINE,
2026-08-18T02:42:38+00:00,ibm:ibm:qpu:miami,ONLINE,
2026-08-18T02:42:38+00:00,rigetti:rigetti:qpu:cepheus-1-108q,ONLINE,
2026-08-18T02:42:38+00:00,aws:rigetti:qpu:cepheus-1-108q,ONLINE,
2026-08-18T02:42:38+00:00,openquantum:aqt:qpu:ibex-q1,ONLINE,
2026-08-18T02:42:38+00:00,openquantum:ionq:qpu:forte-1,ONLINE,
2026-08-18T02:42:38+00:00,openquantum:ionq:qpu:forte-enterprise,ONLINE,
2026-08-18T02:42:38+00:00,openquantum:iqm:qpu:emerald,ONLINE,
2026-08-18T02:42:38+00:00,openquantum:iqm:qpu:garnet,ONLINE,
2026-08-18T02:42:38+00:00,openquantum:rigetti:qpu:cepheus-1-108q,ONLINE,
2026-08-18T03:28:57+00:00,aws:aqt:qpu:ibex-q1,UNAVAILABLE,
2026-08-18T03:28:57+00:00,aws:quera:qpu:aquila,UNAVAILABLE,
2026-08-18T03:28:57+00:00,ibm:ibm:qpu:marrakesh,ONLINE,
2026-08-18T03:28:57+00:00,ibm:ibm:qpu:pittsburgh,ONLINE,
2026-08-18T03:28:57+00:00,azure:pasqal:qpu:fresnel,OFFLINE,
2026-08-18T03:28:57+00:00,aws:iqm:qpu:emerald,ONLINE,
2026-08-18T03:28:57+00:00,azure:ionq:qpu:forte-1,OFFLINE,
2026-08-18T03:28:57+00:00,ibm:ibm:qpu:kingston,ONLINE,
2026-08-18T03:28:57+00:00,aws:ionq:qpu:forte-1,ONLINE,
2026-08-18T03:28:57+00:00,aws:ionq:qpu:forte-enterprise-1,ONLINE,
2026-08-18T03:28:57+00:00,ionq:ionq:qpu:forte-1,ONLINE,
2026-08-18T03:28:57+00:00,ibm:ibm:qpu:fez,ONLINE,
2026-08-18T03:28:57+00:00,aws:iqm:qpu:garnet,ONLINE,
2026-08-18T03:28:57+00:00,azure:rigetti:qpu:cepheus-1-36q,OFFLINE,
2026-08-18T03:28:57+00:00,azure:ionq:qpu:forte-enterprise-1,OFFLINE,
2026-08-18T03:28:57+00:00,ibm:ibm:qpu:boston,ONLINE,
2026-08-18T03:28:57+00:00,ibm:ibm:qpu:miami,ONLINE,
2026-08-18T03:28:57+00:00,rigetti:rigetti:qpu:cepheus-1-108q,ONLINE,
2026-08-18T03:28:57+00:00,aws:rigetti:qpu:cepheus-1-108q,ONLINE,
2026-08-18T03:28:57+00:00,openquantum:aqt:qpu:ibex-q1,ONLINE,
2026-08-18T03:28:57+00:00,openquantum:ionq:qpu:forte-1,ONLINE,
2026-08-18T03:28:57+00:00,openquantum:ionq:qpu:forte-enterprise,ONLINE,
2026-08-18T03:28:57+00:00,openquantum:iqm:qpu:emerald,ONLINE,
2026-08-18T03:28:57+00:00,openquantum:iqm:qpu:garnet,ONLINE,
2026-08-18T03:28:57+00:00,openquantum:rigetti:qpu:cepheus-1-108q,ONLINE,
2026-08-18T04:20:25+00:00,aws:aqt:qpu:ibex-q1,UNAVAILABLE,
2026-08-18T04:20:25+00:00,aws:quera:qpu:aquila,UNAVAILABLE,
2026-08-18T04:20:25+00:00,ibm:ibm:qpu:marrakesh,ONLINE,
2026-08-18T04:20:25+00:00,ibm:ibm:qpu:pittsburgh,ONLINE,
2026-08-18T04:20:25+00:00,azure:pasqal:qpu:fresnel,OFFLINE,
2026-08-18T04:20:25+00:00,aws:iqm:qpu:emerald,UNAVAILABLE,
2026-08-18T04:20:25+00:00,azure:ionq:qpu:forte-1,OFFLINE,
2026-08-18T04:20:25+00:00,ibm:ibm:qpu:kingston,ONLINE,
2026-08-18T04:20:25+00:00,aws:ionq:qpu:forte-1,ONLINE,
2026-08-18T04:20:25+00:00,aws:ionq:qpu:forte-enterprise-1,ONLINE,
2026-08-18T04:20:25+00:00,ionq:ionq:qpu:forte-1,ONLINE,
2026-08-18T04:20:25+00:00,ibm:ibm:qpu:fez,ONLINE,
2026-08-18T04:20:25+00:00,aws:iqm:qpu:garnet,ONLINE,
2026-08-18T04:20:25+00:00,azure:rigetti:qpu:cepheus-1-36q,OFFLINE,
2026-08-18T04:20:25+00:00,azure:ionq:qpu:forte-enterprise-1,OFFLINE,
2026-08-18T04:20:25+00:00,ibm:ibm:qpu:boston,ONLINE,
2026-08-18T04:20:25+00:00,ibm:ibm:qpu:miami,ONLINE,
2026-08-18T04:20:25+00:00,rigetti:rigetti:qpu:cepheus-1-108q,ONLINE,
2026-08-18T04:20:25+00:00,aws:rigetti:qpu:cepheus-1-108q,ONLINE,
2026-08-18T04:20:25+00:00,openquantum:aqt:qpu:ibex-q1,ONLINE,
2026-08-18T04:20:25+00:00,openquantum:ionq:qpu:forte-1,ONLINE,
2026-08-18T04:20:25+00:00,openquantum:ionq:qpu:forte-enterprise,ONLINE,
2026-08-18T04:20:25+00:00,openquantum:iqm:qpu:emerald,ONLINE,
2026-08-18T04:20:25+00:00,openquantum:iqm:qpu:garnet,ONLINE,
2026-08-18T04:20:25+00:00,openquantum:rigetti:qpu:cepheus-1-108q,ONLINE,
2026-08-18T05:13:29+00:00,aws:aqt:qpu:ibex-q1,UNAVAILABLE,
2026-08-18T05:13:29+00:00,aws:quera:qpu:aquila,UNAVAILABLE,
2026-08-18T05:13:29+00:00,ibm:ibm:qpu:marrakesh,ONLINE,
2026-08-18T05:13:29+00:00,ibm:ibm:qpu:pittsburgh,ONLINE,
2026-08-18T05:13:29+00:00,azure:pasqal:qpu:fresnel,OFFLINE,
2026-08-18T05:13:29+00:00,aws:iqm:qpu:emerald,UNAVAILABLE,
2026-08-18T05:13:29+00:00,azure:ionq:qpu:forte-1,OFFLINE,
2026-08-18T05:13:29+00:00,ibm:ibm:qpu:kingston,ONLINE,
2026-08-18T05:13:29+00:00,aws:ionq:qpu:forte-1,ONLINE,
2026-08-18T05:13:29+00:00,aws:ionq:qpu:forte-enterprise-1,ONLINE,
2026-08-18T05:13:29+00:00,ionq:ionq:qpu:forte-1,ONLINE,
2026-08-18T05:13:29+00:00,ibm:ibm:qpu:fez,ONLINE,
2026-08-18T05:13:29+00:00,aws:iqm:qpu:garnet,ONLINE,
2026-08-18T05:13:29+00:00,azure:rigetti:qpu:cepheus-1-36q,OFFLINE,
2026-08-18T05:13:29+00:00,azure:ionq:qpu:forte-enterprise-1,OFFLINE,
2026-08-18T05:13:29+00:00,ibm:ibm:qpu:boston,ONLINE,
2026-08-18T05:13:29+00:00,ibm:ibm:qpu:miami,ONLINE,
2026-08-18T05:13:29+00:00,rigetti:rigetti:qpu:cepheus-1-108q,ONLINE,
2026-08-18T05:13:29+00:00,aws:rigetti:qpu:cepheus-1-108q,ONLINE,
2026-08-18T05:13:29+00:00,openquantum:aqt:qpu:ibex-q1,ONLINE,
2026-08-18T05:13:29+00:00,openquantum:ionq:qpu:forte-1,ONLINE,
2026-08-18T05:13:29+00:00,openquantum:ionq:qpu:forte-enterprise,ONLINE,
2026-08-18T05:13:29+00:00,openquantum:iqm:qpu:emerald,ONLINE,
2026-08-18T05:13:29+00:00,openquantum:iqm:qpu:garnet,ONLINE,
2026-08-18T05:13:29+00:00,openquantum:rigetti:qpu:cepheus-1-108q,ONLINE,
2026-08-18T06:02:06+00:00,aws:aqt:qpu:ibex-q1,UNAVAILABLE,
2026-08-18T06:02:06+00:00,aws:quera:qpu:aquila,UNAVAILABLE,
2026-08-18T06:02:06+00:00,ibm:ibm:qpu:marrakesh,ONLINE,
2026-08-18T06:02:06+00:00,ibm:ibm:qpu:pittsburgh,ONLINE,
2026-08-18T06:02:06+00:00,azure:pasqal:qpu:fresnel,OFFLINE,
2026-08-18T06:02:06+00:00,aws:iqm:qpu:emerald,UNAVAILABLE,
2026-08-18T06:02:06+00:00,azure:ionq:qpu:forte-1,OFFLINE,
2026-08-18T06:02:06+00:00,ibm:ibm:qpu:kingston,UNAVAILABLE,
2026-08-18T06:02:06+00:00,aws:ionq:qpu:forte-1,ONLINE,
2026-08-18T06:02:06+00:00,aws:ionq:qpu:forte-enterprise-1,ONLINE,
2026-08-18T06:02:06+00:00,ionq:ionq:qpu:forte-1,ONLINE,
2026-08-18T06:02:06+00:00,ibm:ibm:qpu:fez,ONLINE,
2026-08-18T06:02:06+00:00,aws:iqm:qpu:garnet,ONLINE,
2026-08-18T06:02:06+00:00,azure:rigetti:qpu:cepheus-1-36q,OFFLINE,
2026-08-18T06:02:06+00:00,azure:ionq:qpu:forte-enterprise-1,OFFLINE,
2026-08-18T06:02:06+00:00,ibm:ibm:qpu:boston,ONLINE,
2026-08-18T06:02:06+00:00,ibm:ibm:qpu:miami,ONLINE,
2026-08-18T06:02:06+00:00,rigetti:rigetti:qpu:cepheus-1-108q,ONLINE,
2026-08-18T06:02:06+00:00,aws:rigetti:qpu:cepheus-1-108q,ONLINE,
2026-08-18T06:02:06+00:00,openquantum:aqt:qpu:ibex-q1,ONLINE,
2026-08-18T06:02:06+00:00,openquantum:ionq:qpu:forte-1,ONLINE,
2026-08-18T06:02:06+00:00,openquantum:ionq:qpu:forte-enterprise,ONLINE,
2026-08-18T06:02:06+00:00,openquantum:iqm:qpu:emerald,ONLINE,
2026-08-18T06:02:06+00:00,openquantum:iqm:qpu:garnet,ONLINE,
2026-08-18T06:02:06+00:00,openquantum:rigetti:qpu:cepheus-1-108q,ONLINE,
2026-08-18T07:24:41+00:00,aws:aqt:qpu:ibex-q1,UNAVAILABLE,
2026-08-18T07:24:41+00:00,aws:quera:qpu:aquila,UNAVAILABLE,
2026-08-18T07:24:41+00:00,ibm:ibm:qpu:marrakesh,ONLINE,
2026-08-18T07:24:41+00:00,ibm:ibm:qpu:pittsburgh,ONLINE,
2026-08-18T07:24:41+00:00,azure:pasqal:qpu:fresnel,OFFLINE,
2026-08-18T07:24:41+00:00,aws:iqm:qpu:emerald,ONLINE,
2026-08-18T07:24:41+00:00,azure:ionq:qpu:forte-1,OFFLINE,
2026-08-18T07:24:41+00:00,ibm:ibm:qpu:kingston,UNAVAILABLE,
2026-08-18T07:24:41+00:00,aws:ionq:qpu:forte-1,ONLINE,
2026-08-18T07:24:41+00:00,aws:ionq:qpu:forte-enterprise-1,ONLINE,
2026-08-18T07:24:41+00:00,ionq:ionq:qpu:forte-1,ONLINE,
2026-08-18T07:24:41+00:00,ibm:ibm:qpu:fez,ONLINE,
2026-08-18T07:24:41+00:00,aws:iqm:qpu:garnet,ONLINE,
2026-08-18T07:24:41+00:00,azure:rigetti:qpu:cepheus-1-36q,OFFLINE,
2026-08-18T07:24:41+00:00,azure:ionq:qpu:forte-enterprise-1,OFFLINE,
2026-08-18T07:24:41+00:00,ibm:ibm:qpu:boston,ONLINE,
2026-08-18T07:24:41+00:00,ibm:ibm:qpu:miami,ONLINE,
2026-08-18T07:24:41+00:00,rigetti:rigetti:qpu:cepheus-1-108q,ONLINE,
2026-08-18T07:24:41+00:00,aws:rigetti:qpu:cepheus-1-108q,UNAVAILABLE,
2026-08-18T07:24:41+00:00,openquantum:aqt:qpu:ibex-q1,ONLINE,
2026-08-18T07:24:41+00:00,openquantum:ionq:qpu:forte-1,ONLINE,
2026-08-18T07:24:41+00:00,openquantum:ionq:qpu:forte-enterprise,ONLINE,
2026-08-18T07:24:41+00:00,openquantum:iqm:qpu:emerald,ONLINE,
2026-08-18T07:24:41+00:00,openquantum:iqm:qpu:garnet,ONLINE,
2026-08-18T07:24:41+00:00,openquantum:rigetti:qpu:cepheus-1-108q,ONLINE,
2026-08-18T08:14:38+00:00,aws:aqt:qpu:ibex-q1,ONLINE,
2026-08-18T08:14:38+00:00,aws:quera:qpu:aquila,UNAVAILABLE,
2026-08-18T08:14:38+00:00,ibm:ibm:qpu:marrakesh,ONLINE,
2026-08-18T08:14:38+00:00,ibm:ibm:qpu:pittsburgh,ONLINE,
2026-08-18T08:14:38+00:00,azure:pasqal:qpu:fresnel,OFFLINE,
2026-08-18T08:14:38+00:00,aws:iqm:qpu:emerald,ONLINE,
2026-08-18T08:14:38+00:00,azure:ionq:qpu:forte-1,OFFLINE,
2026-08-18T08:14:38+00:00,ibm:ibm:qpu:kingston,ONLINE,
2026-08-18T08:14:38+00:00,aws:ionq:qpu:forte-1,ONLINE,
2026-08-18T08:14:38+00:00,aws:ionq:qpu:forte-enterprise-1,ONLINE,
2026-08-18T08:14:38+00:00,ionq:ionq:qpu:forte-1,ONLINE,
2026-08-18T08:14:38+00:00,ibm:ibm:qpu:fez,ONLINE,
2026-08-18T08:14:38+00:00,aws:iqm:qpu:garnet,ONLINE,
2026-08-18T08:14:38+00:00,azure:rigetti:qpu:cepheus-1-36q,OFFLINE,
2026-08-18T08:14:38+00:00,azure:ionq:qpu:forte-enterprise-1,OFFLINE,
2026-08-18T08:14:38+00:00,ibm:ibm:qpu:boston,ONLINE,
2026-08-18T08:14:38+00:00,ibm:ibm:qpu:miami,ONLINE,
2026-08-18T08:14:38+00:00,rigetti:rigetti:qpu:cepheus-1-108q,ONLINE,
2026-08-18T08:14:38+00:00,aws:rigetti:qpu:cepheus-1-108q,UNAVAILABLE,
2026-08-18T08:14:38+00:00,openquantum:aqt:qpu:ibex-q1,ONLINE,
2026-08-18T08:14:38+00:00,openquantum:ionq:qpu:forte-1,ONLINE,
2026-08-18T08:14:38+00:00,openquantum:ionq:qpu:forte-enterprise,ONLINE,
2026-08-18T08:14:38+00:00,openquantum:iqm:qpu:emerald,ONLINE,
2026-08-18T08:14:38+00:00,openquantum:iqm:qpu:garnet,ONLINE,
2026-08-18T08:14:38+00:00,openquantum:rigetti:qpu:cepheus-1-108q,ONLINE,
2026-08-18T09:15:23+00:00,aws:aqt:qpu:ibex-q1,ONLINE,
2026-08-18T09:15:23+00:00,aws:quera:qpu:aquila,UNAVAILABLE,
2026-08-18T09:15:23+00:00,ibm:ibm:qpu:marrakesh,ONLINE,
2026-08-18T09:15:23+00:00,ibm:ibm:qpu:pittsburgh,ONLINE,
2026-08-18T09:15:23+00:00,azure:pasqal:qpu:fresnel,OFFLINE,
2026-08-18T09:15:23+00:00,aws:iqm:qpu:emerald,ONLINE,
2026-08-18T09:15:23+00:00,azure:ionq:qpu:forte-1,OFFLINE,
2026-08-18T09:15:23+00:00,ibm:ibm:qpu:kingston,ONLINE,
2026-08-18T09:15:23+00:00,aws:ionq:qpu:forte-1,ONLINE,
2026-08-18T09:15:23+00:00,aws:ionq:qpu:forte-enterprise-1,ONLINE,
2026-08-18T09:15:23+00:00,ionq:ionq:qpu:forte-1,ONLINE,
2026-08-18T09:15:23+00:00,ibm:ibm:qpu:fez,ONLINE,
2026-08-18T09:15:23+00:00,aws:iqm:qpu:garnet,ONLINE,
2026-08-18T09:15:23+00:00,azure:rigetti:qpu:cepheus-1-36q,OFFLINE,
2026-08-18T09:15:23+00:00,azure:ionq:qpu:forte-enterprise-1,OFFLINE,
2026-08-18T09:15:23+00:00,ibm:ibm:qpu:boston,ONLINE,
2026-08-18T09:15:23+00:00,ibm:ibm:qpu:miami,ONLINE,
2026-08-18T09:15:23+00:00,rigetti:rigetti:qpu:cepheus-1-108q,ONLINE,
2026-08-18T09:15:23+00:00,aws:rigetti:qpu:cepheus-1-108q,ONLINE,
2026-08-18T09:15:23+00:00,openquantum:aqt:qpu:ibex-q1,ONLINE,
2026-08-18T09:15:23+00:00,openquantum:ionq:qpu:forte-1,ONLINE,
2026-08-18T09:15:23+00:00,openquantum:ionq:qpu:forte-enterprise,ONLINE,
2026-08-18T09:15:23+00:00,openquantum:iqm:qpu:emerald,ONLINE,
2026-08-18T09:15:23+00:00,openquantum:iqm:qpu:garnet,ONLINE,
2026-08-18T09:15:23+00:00,openquantum:rigetti:qpu:cepheus-1-108q,ONLINE,
2026-08-18T10:03:56+00:00,aws:aqt:qpu:ibex-q1,ONLINE,
2026-08-18T10:03:56+00:00,aws:quera:qpu:aquila,UNAVAILABLE,
2026-08-18T10:03:56+00:00,ibm:ibm:qpu:marrakesh,ONLINE,
2026-08-18T10:03:56+00:00,ibm:ibm:qpu:pittsburgh,ONLINE,
2026-08-18T10:03:56+00:00,azure:pasqal:qpu:fresnel,OFFLINE,
2026-08-18T10:03:56+00:00,aws:iqm:qpu:emerald,ONLINE,
2026-08-18T10:03:56+00:00,azure:ionq:qpu:forte-1,OFFLINE,
2026-08-18T10:03:56+00:00,ibm:ibm:qpu:kingston,ONLINE,
2026-08-18T10:03:56+00:00,aws:ionq:qpu:forte-1,ONLINE,
2026-08-18T10:03:56+00:00,aws:ionq:qpu:forte-enterprise-1,ONLINE,
2026-08-18T10:03:56+00:00,ionq:ionq:qpu:forte-1,ONLINE,
2026-08-18T10:03:56+00:00,ibm:ibm:qpu:fez,ONLINE,
2026-08-18T10:03:56+00:00,aws:iqm:qpu:garnet,ONLINE,
2026-08-18T10:03:56+00:00,azure:rigetti:qpu:cepheus-1-36q,OFFLINE,
2026-08-18T10:03:56+00:00,azure:ionq:qpu:forte-enterprise-1,OFFLINE,
2026-08-18T10:03:56+00:00,ibm:ibm:qpu:boston,ONLINE,
2026-08-18T10:03:56+00:00,ibm:ibm:qpu:miami,ONLINE,
2026-08-18T10:03:56+00:00,rigetti:rigetti:qpu:cepheus-1-108q,ONLINE,
2026-08-18T10:03:56+00:00,aws:rigetti:qpu:cepheus-1-108q,ONLINE,
2026-08-18T10:03:56+00:00,openquantum:aqt:qpu:ibex-q1,ONLINE,
2026-08-18T10:03:56+00:00,openquantum:ionq:qpu:forte-1,ONLINE,
2026-08-18T10:03:56+00:00,openquantum:ionq:qpu:forte-enterprise,ONLINE,
2026-08-18T10:03:56+00:00,openquantum:iqm:qpu:emerald,ONLINE,
2026-08-18T10:03:56+00:00,openquantum:iqm:qpu:garnet,ONLINE,
2026-08-18T10:03:56+00:00,openquantum:rigetti:qpu:cepheus-1-108q,ONLINE,
2026-08-18T11:02:55+00:00,aws:aqt:qpu:ibex-q1,ONLINE,
2026-08-18T11:02:55+00:00,aws:quera:qpu:aquila,UNAVAILABLE,
2026-08-18T11:02:55+00:00,ibm:ibm:qpu:marrakesh,ONLINE,
2026-08-18T11:02:55+00:00,ibm:ibm:qpu:pittsburgh,ONLINE,
2026-08-18T11:02:55+00:00,azure:pasqal:qpu:fresnel,OFFLINE,
2026-08-18T11:02:55+00:00,aws:iqm:qpu:emerald,ONLINE,
2026-08-18T11:02:55+00:00,azure:ionq:qpu:forte-1,OFFLINE,
2026-08-18T11:02:55+00:00,ibm:ibm:qpu:kingston,ONLINE,
2026-08-18T11:02:55+00:00,aws:ionq:qpu:forte-1,ONLINE,
2026-08-18T11:02:55+00:00,aws:ionq:qpu:forte-enterprise-1,ONLINE,
2026-08-18T11:02:55+00:00,ionq:ionq:qpu:forte-1,ONLINE,
2026-08-18T11:02:55+00:00,ibm:ibm:qpu:fez,ONLINE,
2026-08-18T11:02:55+00:00,aws:iqm:qpu:garnet,ONLINE,
2026-08-18T11:02:55+00:00,azure:rigetti:qpu:cepheus-1-36q,OFFLINE,
2026-08-18T11:02:55+00:00,azure:ionq:qpu:forte-enterprise-1,OFFLINE,
2026-08-18T11:02:55+00:00,ibm:ibm:qpu:boston,ONLINE,
2026-08-18T11:02:55+00:00,ibm:ibm:qpu:miami,ONLINE,
2026-08-18T11:02:55+00:00,rigetti:rigetti:qpu:cepheus-1-108q,ONLINE,
2026-08-18T11:02:55+00:00,aws:rigetti:qpu:cepheus-1-108q,ONLINE,
2026-08-18T11:02:55+00:00,openquantum:aqt:qpu:ibex-q1,ONLINE,
2026-08-18T11:02:55+00:00,openquantum:ionq:qpu:forte-1,ONLINE,
2026-08-18T11:02:55+00:00,openquantum:ionq:qpu:forte-enterprise,ONLINE,
2026-08-18T11:02:55+00:00,openquantum:iqm:qpu:emerald,ONLINE,
2026-08-18T11:02:55+00:00,openquantum:iqm:qpu:garnet,ONLINE,
2026-08-18T11:02:55+00:00,openquantum:rigetti:qpu:cepheus-1-108q,ONLINE,
2026-08-18T12:00:56+00:00,aws:aqt:qpu:ibex-q1,ONLINE,
2026-08-18T12:00:56+00:00,aws:quera:qpu:aquila,UNAVAILABLE,
2026-08-18T12:00:56+00:00,ibm:ibm:qpu:marrakesh,ONLINE,
2026-08-18T12:00:56+00:00,ibm:ibm:qpu:pittsburgh,ONLINE,
2026-08-18T12:00:56+00:00,azure:pasqal:qpu:fresnel,OFFLINE,
2026-08-18T12:00:56+00:00,aws:iqm:qpu:emerald,ONLINE,
2026-08-18T12:00:56+00:00,azure:ionq:qpu:forte-1,OFFLINE,
2026-08-18T12:00:56+00:00,ibm:ibm:qpu:kingston,ONLINE,
2026-08-18T12:00:56+00:00,aws:ionq:qpu:forte-1,ONLINE,
2026-08-18T12:00:56+00:00,aws:ionq:qpu:forte-enterprise-1,ONLINE,
2026-08-18T12:00:56+00:00,ionq:ionq:qpu:forte-1,ONLINE,
2026-08-18T12:00:56+00:00,ibm:ibm:qpu:fez,ONLINE,
2026-08-18T12:00:56+00:00,aws:iqm:qpu:garnet,ONLINE,
2026-08-18T12:00:56+00:00,azure:rigetti:qpu:cepheus-1-36q,OFFLINE,
2026-08-18T12:00:56+00:00,azure:ionq:qpu:forte-enterprise-1,OFFLINE,
2026-08-18T12:00:56+00:00,ibm:ibm:qpu:boston,ONLINE,
2026-08-18T12:00:56+00:00,ibm:ibm:qpu:miami,ONLINE,
2026-08-18T12:00:56+00:00,rigetti:rigetti:qpu:cepheus-1-108q,ONLINE,
2026-08-18T12:00:56+00:00,aws:rigetti:qpu:cepheus-1-108q,ONLINE,
2026-08-18T12:00:56+00:00,openquantum:aqt:qpu:ibex-q1,ONLINE,
2026-08-18T12:00:56+00:00,openquantum:ionq:qpu:forte-1,ONLINE,
2026-08-18T12:00:56+00:00,openquantum:ionq:qpu:forte-enterprise,ONLINE,
2026-08-18T12:00:56+00:00,openquantum:iqm:qpu:emerald,ONLINE,
2026-08-18T12:00:56+00:00,openquantum:iqm:qpu:garnet,ONLINE,
2026-08-18T12:00:56+00:00,openquantum:rigetti:qpu:cepheus-1-108q,ONLINE,
2026-08-18T13:30:08+00:00,aws:aqt:qpu:ibex-q1,ONLINE,
2026-08-18T13:30:08+00:00,aws:quera:qpu:aquila,UNAVAILABLE,
2026-08-18T13:30:08+00:00,ibm:ibm:qpu:marrakesh,ONLINE,
2026-08-18T13:30:08+00:00,ibm:ibm:qpu:pittsburgh,ONLINE,
2026-08-18T13:30:08+00:00,azure:pasqal:qpu:fresnel,OFFLINE,
2026-08-18T13:30:08+00:00,aws:iqm:qpu:emerald,ONLINE,
2026-08-18T13:30:08+00:00,azure:ionq:qpu:forte-1,OFFLINE,
2026-08-18T13:30:08+00:00,ibm:ibm:qpu:kingston,ONLINE,
2026-08-18T13:30:08+00:00,aws:ionq:qpu:forte-1,ONLINE,
2026-08-18T13:30:08+00:00,aws:ionq:qpu:forte-enterprise-1,ONLINE,
2026-08-18T13:30:08+00:00,ionq:ionq:qpu:forte-1,ONLINE,
2026-08-18T13:30:08+00:00,ibm:ibm:qpu:fez,ONLINE,
2026-08-18T13:30:08+00:00,aws:iqm:qpu:garnet,ONLINE,
2026-08-18T13:30:08+00:00,azure:rigetti:qpu:cepheus-1-36q,OFFLINE,
2026-08-18T13:30:08+00:00,azure:ionq:qpu:forte-enterprise-1,OFFLINE,
2026-08-18T13:30:08+00:00,ibm:ibm:qpu:boston,ONLINE,
2026-08-18T13:30:08+00:00,ibm:ibm:qpu:miami,ONLINE,
2026-08-18T13:30:08+00:00,rigetti:rigetti:qpu:cepheus-1-108q,ONLINE,
2026-08-18T13:30:08+00:00,aws:rigetti:qpu:cepheus-1-108q,ONLINE,
2026-08-18T13:30:08+00:00,openquantum:aqt:qpu:ibex-q1,ONLINE,
2026-08-18T13:30:08+00:00,openquantum:ionq:qpu:forte-1,ONLINE,
2026-08-18T13:30:08+00:00,openquantum:ionq:qpu:forte-enterprise,ONLINE,
2026-08-18T13:30:08+00:00,openquantum:iqm:qpu:emerald,ONLINE,
2026-08-18T13:30:08+00:00,openquantum:iqm:qpu:garnet,ONLINE,
2026-08-18T13:30:08+00:00,openquantum:rigetti:qpu:cepheus-1-108q,ONLINE,
2026-08-18T14:16:36+00:00,aws:aqt:qpu:ibex-q1,ONLINE,
2026-08-18T14:16:36+00:00,aws:quera:qpu:aquila,UNAVAILABLE,
2026-08-18T14:16:36+00:00,ibm:ibm:qpu:marrakesh,ONLINE,
2026-08-18T14:16:36+00:00,ibm:ibm:qpu:pittsburgh,ONLINE,
2026-08-18T14:16:36+00:00,azure:pasqal:qpu:fresnel,OFFLINE,
2026-08-18T14:16:36+00:00,aws:iqm:qpu:emerald,ONLINE,
2026-08-18T14:16:36+00:00,azure:ionq:qpu:forte-1,OFFLINE,
2026-08-18T14:16:36+00:00,ibm:ibm:qpu:kingston,ONLINE,
2026-08-18T14:16:36+00:00,aws:ionq:qpu:forte-1,ONLINE,
2026-08-18T14:16:36+00:00,aws:ionq:qpu:forte-enterprise-1,ONLINE,
2026-08-18T14:16:36+00:00,ionq:ionq:qpu:forte-1,ONLINE,
2026-08-18T14:16:36+00:00,ibm:ibm:qpu:fez,ONLINE,
2026-08-18T14:16:36+00:00,aws:iqm:qpu:garnet,ONLINE,
2026-08-18T14:16:36+00:00,azure:rigetti:qpu:cepheus-1-36q,OFFLINE,
2026-08-18T14:16:36+00:00,azure:ionq:qpu:forte-enterprise-1,OFFLINE,
2026-08-18T14:16:36+00:00,ibm:ibm:qpu:boston,ONLINE,
2026-08-18T14:16:36+00:00,ibm:ibm:qpu:miami,ONLINE,
2026-08-18T14:16:36+00:00,rigetti:rigetti:qpu:cepheus-1-108q,ONLINE,
2026-08-18T14:16:36+00:00,aws:rigetti:qpu:cepheus-1-108q,ONLINE,
2026-08-18T14:16:36+00:00,openquantum:aqt:qpu:ibex-q1,ONLINE,
2026-08-18T14:16:36+00:00,openquantum:ionq:qpu:forte-1,ONLINE,
2026-08-18T14:16:36+00:00,openquantum:ionq:qpu:forte-enterprise,ONLINE,
2026-08-18T14:16:36+00:00,openquantum:iqm:qpu:emerald,ONLINE,
2026-08-18T14:16:36+00:00,openquantum:iqm:qpu:garnet,ONLINE,
2026-08-18T14:16:36+00:00,openquantum:rigetti:qpu:cepheus-1-108q,ONLINE,
2026-08-18T15:12:14+00:00,aws:aqt:qpu:ibex-q1,UNAVAILABLE,
2026-08-18T15:12:14+00:00,aws:quera:qpu:aquila,UNAVAILABLE,
2026-08-18T15:12:14+00:00,ibm:ibm:qpu:marrakesh,ONLINE,
2026-08-18T15:12:14+00:00,ibm:ibm:qpu:pittsburgh,ONLINE,
2026-08-18T15:12:14+00:00,azure:pasqal:qpu:fresnel,OFFLINE,
2026-08-18T15:12:14+00:00,aws:iqm:qpu:emerald,ONLINE,
2026-08-18T15:12:14+00:00,azure:ionq:qpu:forte-1,OFFLINE,
2026-08-18T15:12:14+00:00,ibm:ibm:qpu:kingston,ONLINE,
2026-08-18T15:12:14+00:00,aws:ionq:qpu:forte-1,ONLINE,
2026-08-18T15:12:14+00:00,aws:ionq:qpu:forte-enterprise-1,ONLINE,
2026-08-18T15:12:14+00:00,ionq:ionq:qpu:forte-1,ONLINE,
2026-08-18T15:12:14+00:00,ibm:ibm:qpu:fez,ONLINE,
2026-08-18T15:12:14+00:00,aws:iqm:qpu:garnet,ONLINE,
2026-08-18T15:12:14+00:00,azure:rigetti:qpu:cepheus-1-36q,OFFLINE,
2026-08-18T15:12:14+00:00,azure:ionq:qpu:forte-enterprise-1,OFFLINE,
2026-08-18T15:12:14+00:00,ibm:ibm:qpu:boston,ONLINE,
2026-08-18T15:12:14+00:00,ibm:ibm:qpu:miami,ONLINE,
2026-08-18T15:12:14+00:00,rigetti:rigetti:qpu:cepheus-1-108q,ONLINE,
2026-08-18T15:12:14+00:00,aws:rigetti:qpu:cepheus-1-108q,ONLINE,
2026-08-18T15:12:14+00:00,openquantum:aqt:qpu:ibex-q1,ONLINE,
2026-08-18T15:12:14+00:00,openquantum:ionq:qpu:forte-1,ONLINE,
2026-08-18T15:12:14+00:00,openquantum:ionq:qpu:forte-enterprise,ONLINE,
2026-08-18T15:12:14+00:00,openquantum:iqm:qpu:emerald,ONLINE,
2026-08-18T15:12:14+00:00,openquantum:iqm:qpu:garnet,ONLINE,
2026-08-18T15:12:14+00:00,openquantum:rigetti:qpu:cepheus-1-108q,ONLINE,
2026-08-18T16:02:40+00:00,aws:aqt:qpu:ibex-q1,UNAVAILABLE,
2026-08-18T16:02:40+00:00,aws:quera:qpu:aquila,UNAVAILABLE,
2026-08-18T16:02:40+00:00,ibm:ibm:qpu:marrakesh,ONLINE,
2026-08-18T16:02:40+00:00,ibm:ibm:qpu:pittsburgh,ONLINE,
2026-08-18T16:02:40+00:00,azure:pasqal:qpu:fresnel,OFFLINE,
2026-08-18T16:02:40+00:00,aws:iqm:qpu:emerald,ONLINE,
2026-08-18T16:02:40+00:00,azure:ionq:qpu:forte-1,OFFLINE,
2026-08-18T16:02:40+00:00,ibm:ibm:qpu:kingston,ONLINE,
2026-08-18T16:02:40+00:00,aws:ionq:qpu:forte-1,ONLINE,
2026-08-18T16:02:40+00:00,aws:ionq:qpu:forte-enterprise-1,ONLINE,
2026-08-18T16:02:40+00:00,ionq:ionq:qpu:forte-1,ONLINE,
2026-08-18T16:02:40+00:00,ibm:ibm:qpu:fez,ONLINE,
2026-08-18T16:02:40+00:00,aws:iqm:qpu:garnet,UNAVAILABLE,
2026-08-18T16:02:40+00:00,azure:rigetti:qpu:cepheus-1-36q,OFFLINE,
2026-08-18T16:02:40+00:00,azure:ionq:qpu:forte-enterprise-1,OFFLINE,
2026-08-18T16:02:40+00:00,ibm:ibm:qpu:boston,ONLINE,
2026-08-18T16:02:40+00:00,ibm:ibm:qpu:miami,ONLINE,
2026-08-18T16:02:40+00:00,rigetti:rigetti:qpu:cepheus-1-108q,ONLINE,
2026-08-18T16:02:40+00:00,aws:rigetti:qpu:cepheus-1-108q,ONLINE,
2026-08-18T16:02:40+00:00,openquantum:aqt:qpu:ibex-q1,ONLINE,
2026-08-18T16:02:40+00:00,openquantum:ionq:qpu:forte-1,ONLINE,
2026-08-18T16:02:40+00:00,openquantum:ionq:qpu:forte-enterprise,ONLINE,
2026-08-18T16:02:40+00:00,openquantum:iqm:qpu:emerald,ONLINE,
2026-08-18T16:02:40+00:00,openquantum:iqm:qpu:garnet,ONLINE,
2026-08-18T16:02:40+00:00,openquantum:rigetti:qpu:cepheus-1-108q,ONLINE,
2026-08-18T17:03:34+00:00,aws:aqt:qpu:ibex-q1,UNAVAILABLE,
2026-08-18T17:03:34+00:00,aws:quera:qpu:aquila,UNAVAILABLE,
2026-08-18T17:03:34+00:00,ibm:ibm:qpu:marrakesh,ONLINE,
2026-08-18T17:03:34+00:00,ibm:ibm:qpu:pittsburgh,ONLINE,
2026-08-18T17:03:34+00:00,azure:pasqal:qpu:fresnel,OFFLINE,
2026-08-18T17:03:34+00:00,aws:iqm:qpu:emerald,ONLINE,
2026-08-18T17:03:34+00:00,azure:ionq:qpu:forte-1,OFFLINE,
2026-08-18T17:03:34+00:00,ibm:ibm:qpu:kingston,ONLINE,
2026-08-18T17:03:34+00:00,aws:ionq:qpu:forte-1,ONLINE,
2026-08-18T17:03:34+00:00,aws:ionq:qpu:forte-enterprise-1,ONLINE,
2026-08-18T17:03:34+00:00,ionq:ionq:qpu:forte-1,ONLINE,
2026-08-18T17:03:34+00:00,ibm:ibm:qpu:fez,ONLINE,
2026-08-18T17:03:34+00:00,aws:iqm:qpu:garnet,UNAVAILABLE,
2026-08-18T17:03:34+00:00,azure:rigetti:qpu:cepheus-1-36q,OFFLINE,
2026-08-18T17:03:34+00:00,azure:ionq:qpu:forte-enterprise-1,OFFLINE,
2026-08-18T17:03:34+00:00,ibm:ibm:qpu:boston,ONLINE,
2026-08-18T17:03:34+00:00,ibm:ibm:qpu:miami,ONLINE,
2026-08-18T17:03:34+00:00,rigetti:rigetti:qpu:cepheus-1-108q,ONLINE,
2026-08-18T17:03:34+00:00,aws:rigetti:qpu:cepheus-1-108q,ONLINE,
2026-08-18T17:03:34+00:00,openquantum:aqt:qpu:ibex-q1,ONLINE,
2026-08-18T17:03:34+00:00,openquantum:ionq:qpu:forte-1,ONLINE,
2026-08-18T17:03:34+00:00,openquantum:ionq:qpu:forte-enterprise,ONLINE,
2026-08-18T17:03:34+00:00,openquantum:iqm:qpu:emerald,ONLINE,
2026-08-18T17:03:34+00:00,openquantum:iqm:qpu:garnet,ONLINE,
2026-08-18T17:03:34+00:00,openquantum:rigetti:qpu:cepheus-1-108q,ONLINE,
2026-08-18T18:02:19+00:00,aws:aqt:qpu:ibex-q1,UNAVAILABLE,
2026-08-18T18:02:19+00:00,aws:quera:qpu:aquila,UNAVAILABLE,
2026-08-18T18:02:19+00:00,ibm:ibm:qpu:marrakesh,ONLINE,
2026-08-18T18:02:19+00:00,ibm:ibm:qpu:pittsburgh,ONLINE,
2026-08-18T18:02:19+00:00,azure:pasqal:qpu:fresnel,OFFLINE,
2026-08-18T18:02:19+00:00,aws:iqm:qpu:emerald,ONLINE,
2026-08-18T18:02:19+00:00,azure:ionq:qpu:forte-1,OFFLINE,
2026-08-18T18:02:19+00:00,ibm:ibm:qpu:kingston,ONLINE,
2026-08-18T18:02:19+00:00,aws:ionq:qpu:forte-1,UNAVAILABLE,
2026-08-18T18:02:19+00:00,aws:ionq:qpu:forte-enterprise-1,ONLINE,
2026-08-18T18:02:19+00:00,ionq:ionq:qpu:forte-1,UNAVAILABLE,
2026-08-18T18:02:19+00:00,ibm:ibm:qpu:fez,ONLINE,
2026-08-18T18:02:19+00:00,aws:iqm:qpu:garnet,ONLINE,
2026-08-18T18:02:19+00:00,azure:rigetti:qpu:cepheus-1-36q,OFFLINE,
2026-08-18T18:02:19+00:00,azure:ionq:qpu:forte-enterprise-1,OFFLINE,
2026-08-18T18:02:19+00:00,ibm:ibm:qpu:boston,ONLINE,
2026-08-18T18:02:19+00:00,ibm:ibm:qpu:miami,ONLINE,
2026-08-18T18:02:19+00:00,rigetti:rigetti:qpu:cepheus-1-108q,ONLINE,
2026-08-18T18:02:19+00:00,aws:rigetti:qpu:cepheus-1-108q,ONLINE,
2026-08-18T18:02:19+00:00,openquantum:aqt:qpu:ibex-q1,ONLINE,
2026-08-18T18:02:19+00:00,openquantum:ionq:qpu:forte-1,ONLINE,
2026-08-18T18:02:19+00:00,openquantum:ionq:qpu:forte-enterprise,ONLINE,
2026-08-18T18:02:19+00:00,openquantum:iqm:qpu:emerald,ONLINE,
2026-08-18T18:02:19+00:00,openquantum:iqm:qpu:garnet,ONLINE,
2026-08-18T18:02:19+00:00,openquantum:rigetti:qpu:cepheus-1-108q,ONLINE,
2026-08-18T19:15:59+00:00,aws:aqt:qpu:ibex-q1,UNAVAILABLE,
2026-08-18T19:15:59+00:00,aws:quera:qpu:aquila,UNAVAILABLE,
2026-08-18T19:15:59+00:00,ibm:ibm:qpu:marrakesh,ONLINE,
2026-08-18T19:15:59+00:00,ibm:ibm:qpu:pittsburgh,ONLINE,
2026-08-18T19:15:59+00:00,azure:pasqal:qpu:fresnel,OFFLINE,
2026-08-18T19:15:59+00:00,aws:iqm:qpu:emerald,ONLINE,
2026-08-18T19:15:59+00:00,azure:ionq:qpu:forte-1,OFFLINE,
2026-08-18T19:15:59+00:00,ibm:ibm:qpu:kingston,ONLINE,
2026-08-18T19:15:59+00:00,aws:ionq:qpu:forte-1,ONLINE,
2026-08-18T19:15:59+00:00,aws:ionq:qpu:forte-enterprise-1,ONLINE,
2026-08-18T19:15:59+00:00,ionq:ionq:qpu:forte-1,ONLINE,
2026-08-18T19:15:59+00:00,ibm:ibm:qpu:fez,ONLINE,
2026-08-18T19:15:59+00:00,aws:iqm:qpu:garnet,ONLINE,
2026-08-18T19:15:59+00:00,azure:rigetti:qpu:cepheus-1-36q,OFFLINE,
2026-08-18T19:15:59+00:00,azure:ionq:qpu:forte-enterprise-1,OFFLINE,
2026-08-18T19:15:59+00:00,ibm:ibm:qpu:boston,ONLINE,
2026-08-18T19:15:59+00:00,ibm:ibm:qpu:miami,ONLINE,
2026-08-18T19:15:59+00:00,rigetti:rigetti:qpu:cepheus-1-108q,ONLINE,
2026-08-18T19:15:59+00:00,aws:rigetti:qpu:cepheus-1-108q,UNAVAILABLE,
2026-08-18T19:15:59+00:00,openquantum:aqt:qpu:ibex-q1,ONLINE,
2026-08-18T19:15:59+00:00,openquantum:ionq:qpu:forte-1,ONLINE,
2026-08-18T19:15:59+00:00,openquantum:ionq:qpu:forte-enterprise,ONLINE,
2026-08-18T19:15:59+00:00,openquantum:iqm:qpu:emerald,ONLINE,
2026-08-18T19:15:59+00:00,openquantum:iqm:qpu:garnet,ONLINE,
2026-08-18T19:15:59+00:00,openquantum:rigetti:qpu:cepheus-1-108q,ONLINE,
2026-08-18T19:57:53+00:00,aws:aqt:qpu:ibex-q1,UNAVAILABLE,
2026-08-18T19:57:53+00:00,aws:quera:qpu:aquila,UNAVAILABLE,
2026-08-18T19:57:53+00:00,ibm:ibm:qpu:marrakesh,ONLINE,
2026-08-18T19:57:53+00:00,ibm:ibm:qpu:pittsburgh,ONLINE,
2026-08-18T19:57:53+00:00,azure:pasqal:qpu:fresnel,OFFLINE,
2026-08-18T19:57:53+00:00,aws:iqm:qpu:emerald,ONLINE,
2026-08-18T19:57:53+00:00,azure:ionq:qpu:forte-1,OFFLINE,
2026-08-18T19:57:53+00:00,ibm:ibm:qpu:kingston,ONLINE,
2026-08-18T19:57:53+00:00,aws:ionq:qpu:forte-1,ONLINE,
2026-08-18T19:57:53+00:00,aws:ionq:qpu:forte-enterprise-1,ONLINE,
2026-08-18T19:57:53+00:00,ionq:ionq:qpu:forte-1,ONLINE,
2026-08-18T19:57:53+00:00,ibm:ibm:qpu:fez,ONLINE,
2026-08-18T19:57:53+00:00,aws:iqm:qpu:garnet,ONLINE,
2026-08-18T19:57:53+00:00,azure:rigetti:qpu:cepheus-1-36q,OFFLINE,
2026-08-18T19:57:53+00:00,azure:ionq:qpu:forte-enterprise-1,OFFLINE,
2026-08-18T19:57:53+00:00,ibm:ibm:qpu:boston,ONLINE,
2026-08-18T19:57:53+00:00,ibm:ibm:qpu:miami,ONLINE,
2026-08-18T19:57:53+00:00,rigetti:rigetti:qpu:cepheus-1-108q,ONLINE,
2026-08-18T19:57:53+00:00,aws:rigetti:qpu:cepheus-1-108q,UNAVAILABLE,
2026-08-18T19:57:53+00:00,openquantum:aqt:qpu:ibex-q1,ONLINE,
2026-08-18T19:57:53+00:00,openquantum:ionq:qpu:forte-1,ONLINE,
2026-08-18T19:57:53+00:00,openquantum:ionq:qpu:forte-enterprise,ONLINE,
2026-08-18T19:57:53+00:00,openquantum:iqm:qpu:emerald,ONLINE,
2026-08-18T19:57:53+00:00,openquantum:iqm:qpu:garnet,ONLINE,
2026-08-18T19:57:53+00:00,openquantum:rigetti:qpu:cepheus-1-108q,ONLINE,
2026-08-18T20:31:29+00:00,aws:aqt:qpu:ibex-q1,UNAVAILABLE,
2026-08-18T20:31:29+00:00,aws:quera:qpu:aquila,UNAVAILABLE,
2026-08-18T20:31:29+00:00,ibm:ibm:qpu:marrakesh,ONLINE,
2026-08-18T20:31:29+00:00,ibm:ibm:qpu:pittsburgh,ONLINE,
2026-08-18T20:31:29+00:00,azure:pasqal:qpu:fresnel,OFFLINE,
2026-08-18T20:31:29+00:00,aws:iqm:qpu:emerald,ONLINE,
2026-08-18T20:31:29+00:00,azure:ionq:qpu:forte-1,OFFLINE,
2026-08-18T20:31:29+00:00,ibm:ibm:qpu:kingston,ONLINE,
2026-08-18T20:31:29+00:00,aws:ionq:qpu:forte-1,ONLINE,
2026-08-18T20:31:29+00:00,aws:ionq:qpu:forte-enterprise-1,ONLINE,
2026-08-18T20:31:29+00:00,ionq:ionq:qpu:forte-1,ONLINE,
2026-08-18T20:31:29+00:00,ibm:ibm:qpu:fez,ONLINE,
2026-08-18T20:31:29+00:00,aws:iqm:qpu:garnet,ONLINE,
2026-08-18T20:31:29+00:00,azure:rigetti:qpu:cepheus-1-36q,OFFLINE,
2026-08-18T20:31:29+00:00,azure:ionq:qpu:forte-enterprise-1,OFFLINE,
2026-08-18T20:31:29+00:00,ibm:ibm:qpu:boston,ONLINE,
2026-08-18T20:31:29+00:00,ibm:ibm:qpu:miami,ONLINE,
2026-08-18T20:31:29+00:00,rigetti:rigetti:qpu:cepheus-1-108q,ONLINE,
2026-08-18T20:31:29+00:00,aws:rigetti:qpu:cepheus-1-108q,UNAVAILABLE,
2026-08-18T20:31:29+00:00,openquantum:aqt:qpu:ibex-q1,ONLINE,
2026-08-18T20:31:29+00:00,openquantum:ionq:qpu:forte-1,ONLINE,
2026-08-18T20:31:29+00:00,openquantum:ionq:qpu:forte-enterprise,ONLINE,
2026-08-18T20:31:29+00:00,openquantum:iqm:qpu:emerald,ONLINE,
2026-08-18T20:31:29+00:00,openquantum:iqm:qpu:garnet,ONLINE,
2026-08-18T20:31:29+00:00,openquantum:rigetti:qpu:cepheus-1-108q,ONLINE,
2026-08-18T20:59:55+00:00,aws:aqt:qpu:ibex-q1,UNAVAILABLE,
2026-08-18T20:59:55+00:00,aws:quera:qpu:aquila,UNAVAILABLE,
2026-08-18T20:59:55+00:00,ibm:ibm:qpu:marrakesh,ONLINE,
2026-08-18T20:59:55+00:00,ibm:ibm:qpu:pittsburgh,ONLINE,
2026-08-18T20:59:55+00:00,azure:pasqal:qpu:fresnel,OFFLINE,
2026-08-18T20:59:55+00:00,aws:iqm:qpu:emerald,ONLINE,
2026-08-18T20:59:55+00:00,azure:ionq:qpu:forte-1,OFFLINE,
2026-08-18T20:59:55+00:00,ibm:ibm:qpu:kingston,UNAVAILABLE,
2026-08-18T20:59:55+00:00,aws:ionq:qpu:forte-1,ONLINE,
2026-08-18T20:59:55+00:00,aws:ionq:qpu:forte-enterprise-1,ONLINE,
2026-08-18T20:59:55+00:00,ionq:ionq:qpu:forte-1,ONLINE,
2026-08-18T20:59:55+00:00,ibm:ibm:qpu:fez,ONLINE,
2026-08-18T20:59:55+00:00,aws:iqm:qpu:garnet,ONLINE,
2026-08-18T20:59:55+00:00,azure:rigetti:qpu:cepheus-1-36q,OFFLINE,
2026-08-18T20:59:55+00:00,azure:ionq:qpu:forte-enterprise-1,OFFLINE,
2026-08-18T20:59:55+00:00,ibm:ibm:qpu:boston,ONLINE,
2026-08-18T20:59:55+00:00,ibm:ibm:qpu:miami,ONLINE,
2026-08-18T20:59:55+00:00,rigetti:rigetti:qpu:cepheus-1-108q,ONLINE,
2026-08-18T20:59:55+00:00,aws:rigetti:qpu:cepheus-1-108q,UNAVAILABLE,
2026-08-18T20:59:55+00:00,openquantum:aqt:qpu:ibex-q1,ONLINE,
2026-08-18T20:59:55+00:00,openquantum:ionq:qpu:forte-1,ONLINE,
2026-08-18T20:59:55+00:00,openquantum:ionq:qpu:forte-enterprise,ONLINE,
2026-08-18T20:59:55+00:00,openquantum:iqm:qpu:emerald,ONLINE,
2026-08-18T20:59:55+00:00,openquantum:iqm:qpu:garnet,ONLINE,
2026-08-18T20:59:55+00:00,openquantum:rigetti:qpu:cepheus-1-108q,ONLINE,
2026-08-18T21:31:55+00:00,aws:aqt:qpu:ibex-q1,UNAVAILABLE,
2026-08-18T21:31:55+00:00,aws:quera:qpu:aquila,UNAVAILABLE,
2026-08-18T21:31:55+00:00,ibm:ibm:qpu:marrakesh,UNAVAILABLE,
2026-08-18T21:31:55+00:00,ibm:ibm:qpu:pittsburgh,ONLINE,
2026-08-18T21:31:55+00:00,azure:pasqal:qpu:fresnel,OFFLINE,
2026-08-18T21:31:55+00:00,aws:iqm:qpu:emerald,ONLINE,
2026-08-18T21:31:55+00:00,azure:ionq:qpu:forte-1,OFFLINE,
2026-08-18T21:31:55+00:00,ibm:ibm:qpu:kingston,UNAVAILABLE,
2026-08-18T21:31:55+00:00,aws:ionq:qpu:forte-1,ONLINE,
2026-08-18T21:31:55+00:00,aws:ionq:qpu:forte-enterprise-1,ONLINE,
2026-08-18T21:31:55+00:00,ionq:ionq:qpu:forte-1,ONLINE,
2026-08-18T21:31:55+00:00,ibm:ibm:qpu:fez,ONLINE,
2026-08-18T21:31:55+00:00,aws:iqm:qpu:garnet,ONLINE,
2026-08-18T21:31:55+00:00,azure:rigetti:qpu:cepheus-1-36q,OFFLINE,
2026-08-18T21:31:55+00:00,azure:ionq:qpu:forte-enterprise-1,OFFLINE,
2026-08-18T21:31:55+00:00,ibm:ibm:qpu:boston,ONLINE,
2026-08-18T21:31:55+00:00,ibm:ibm:qpu:miami,ONLINE,
2026-08-18T21:31:55+00:00,rigetti:rigetti:qpu:cepheus-1-108q,ONLINE,
2026-08-18T21:31:55+00:00,aws:rigetti:qpu:cepheus-1-108q,ONLINE,
2026-08-18T21:31:55+00:00,openquantum:aqt:qpu:ibex-q1,ONLINE,
2026-08-18T21:31:55+00:00,openquantum:ionq:qpu:forte-1,ONLINE,
2026-08-18T21:31:55+00:00,openquantum:ionq:qpu:forte-enterprise,ONLINE,
2026-08-18T21:31:55+00:00,openquantum:iqm:qpu:emerald,ONLINE,
2026-08-18T21:31:55+00:00,openquantum:iqm:qpu:garnet,ONLINE,
2026-08-18T21:31:55+00:00,openquantum:rigetti:qpu:cepheus-1-108q,ONLINE,
2026-08-18T21:57:46+00:00,aws:aqt:qpu:ibex-q1,UNAVAILABLE,
2026-08-18T21:57:46+00:00,aws:quera:qpu:aquila,UNAVAILABLE,
2026-08-18T21:57:46+00:00,ibm:ibm:qpu:marrakesh,UNAVAILABLE,
2026-08-18T21:57:46+00:00,ibm:ibm:qpu:pittsburgh,ONLINE,
2026-08-18T21:57:46+00:00,azure:pasqal:qpu:fresnel,OFFLINE,
2026-08-18T21:57:46+00:00,aws:iqm:qpu:emerald,ONLINE,
2026-08-18T21:57:46+00:00,azure:ionq:qpu:forte-1,OFFLINE,
2026-08-18T21:57:46+00:00,ibm:ibm:qpu:kingston,UNAVAILABLE,
2026-08-18T21:57:46+00:00,aws:ionq:qpu:forte-1,ONLINE,
2026-08-18T21:57:46+00:00,aws:ionq:qpu:forte-enterprise-1,ONLINE,
2026-08-18T21:57:46+00:00,ionq:ionq:qpu:forte-1,ONLINE,
2026-08-18T21:57:46+00:00,ibm:ibm:qpu:fez,ONLINE,
2026-08-18T21:57:46+00:00,aws:iqm:qpu:garnet,ONLINE,
2026-08-18T21:57:46+00:00,azure:rigetti:qpu:cepheus-1-36q,OFFLINE,
2026-08-18T21:57:46+00:00,azure:ionq:qpu:forte-enterprise-1,OFFLINE,
2026-08-18T21:57:46+00:00,ibm:ibm:qpu:boston,ONLINE,
2026-08-18T21:57:46+00:00,ibm:ibm:qpu:miami,ONLINE,
2026-08-18T21:57:46+00:00,rigetti:rigetti:qpu:cepheus-1-108q,ONLINE,
2026-08-18T21:57:46+00:00,aws:rigetti:qpu:cepheus-1-108q,ONLINE,
2026-08-18T21:57:46+00:00,openquantum:aqt:qpu:ibex-q1,ONLINE,
2026-08-18T21:57:46+00:00,openquantum:ionq:qpu:forte-1,ONLINE,
2026-08-18T21:57:46+00:00,openquantum:ionq:qpu:forte-enterprise,ONLINE,
2026-08-18T21:57:46+00:00,openquantum:iqm:qpu:emerald,ONLINE,
2026-08-18T21:57:46+00:00,openquantum:iqm:qpu:garnet,ONLINE,
2026-08-18T21:57:46+00:00,openquantum:rigetti:qpu:cepheus-1-108q,ONLINE,
2026-08-18T22:30:21+00:00,aws:aqt:qpu:ibex-q1,UNAVAILABLE,
2026-08-18T22:30:21+00:00,aws:quera:qpu:aquila,UNAVAILABLE,
2026-08-18T22:30:21+00:00,ibm:ibm:qpu:marrakesh,UNAVAILABLE,
2026-08-18T22:30:21+00:00,ibm:ibm:qpu:pittsburgh,ONLINE,
2026-08-18T22:30:21+00:00,azure:pasqal:qpu:fresnel,OFFLINE,
2026-08-18T22:30:21+00:00,aws:iqm:qpu:emerald,ONLINE,
2026-08-18T22:30:21+00:00,azure:ionq:qpu:forte-1,OFFLINE,
2026-08-18T22:30:21+00:00,ibm:ibm:qpu:kingston,ONLINE,
2026-08-18T22:30:21+00:00,aws:ionq:qpu:forte-1,ONLINE,
2026-08-18T22:30:21+00:00,aws:ionq:qpu:forte-enterprise-1,ONLINE,
2026-08-18T22:30:21+00:00,ionq:ionq:qpu:forte-1,ONLINE,
2026-08-18T22:30:21+00:00,ibm:ibm:qpu:fez,ONLINE,
2026-08-18T22:30:21+00:00,aws:iqm:qpu:garnet,ONLINE,
2026-08-18T22:30:21+00:00,azure:rigetti:qpu:cepheus-1-36q,OFFLINE,
2026-08-18T22:30:21+00:00,azure:ionq:qpu:forte-enterprise-1,OFFLINE,
2026-08-18T22:30:21+00:00,ibm:ibm:qpu:boston,ONLINE,
2026-08-18T22:30:21+00:00,ibm:ibm:qpu:miami,ONLINE,
2026-08-18T22:30:21+00:00,rigetti:rigetti:qpu:cepheus-1-108q,ONLINE,
2026-08-18T22:30:21+00:00,aws:rigetti:qpu:cepheus-1-108q,ONLINE,
2026-08-18T22:30:21+00:00,openquantum:aqt:qpu:ibex-q1,ONLINE,
2026-08-18T22:30:21+00:00,openquantum:ionq:qpu:forte-1,ONLINE,
2026-08-18T22:30:21+00:00,openquantum:ionq:qpu:forte-enterprise,ONLINE,
2026-08-18T22:30:21+00:00,openquantum:iqm:qpu:emerald,ONLINE,
2026-08-18T22:30:21+00:00,openquantum:iqm:qpu:garnet,ONLINE,
2026-08-18T22:30:21+00:00,openquantum:rigetti:qpu:cepheus-1-108q,ONLINE,
2026-08-18T23:00:01+00:00,aws:aqt:qpu:ibex-q1,UNAVAILABLE,
2026-08-18T23:00:01+00:00,aws:quera:qpu:aquila,UNAVAILABLE,
2026-08-18T23:00:01+00:00,ibm:ibm:qpu:marrakesh,UNAVAILABLE,
2026-08-18T23:00:01+00:00,ibm:ibm:qpu:pittsburgh,ONLINE,
2026-08-18T23:00:01+00:00,azure:pasqal:qpu:fresnel,OFFLINE,
2026-08-18T23:00:01+00:00,aws:iqm:qpu:emerald,ONLINE,
2026-08-18T23:00:01+00:00,azure:ionq:qpu:forte-1,OFFLINE,
2026-08-18T23:00:01+00:00,ibm:ibm:qpu:kingston,ONLINE,
2026-08-18T23:00:01+00:00,aws:ionq:qpu:forte-1,ONLINE,
2026-08-18T23:00:01+00:00,aws:ionq:qpu:forte-enterprise-1,ONLINE,
2026-08-18T23:00:01+00:00,ionq:ionq:qpu:forte-1,ONLINE,
2026-08-18T23:00:01+00:00,ibm:ibm:qpu:fez,ONLINE,
2026-08-18T23:00:01+00:00,aws:iqm:qpu:garnet,ONLINE,
2026-08-18T23:00:01+00:00,azure:rigetti:qpu:cepheus-1-36q,OFFLINE,
2026-08-18T23:00:01+00:00,azure:ionq:qpu:forte-enterprise-1,OFFLINE,
2026-08-18T23:00:01+00:00,ibm:ibm:qpu:boston,ONLINE,
2026-08-18T23:00:01+00:00,ibm:ibm:qpu:miami,ONLINE,
2026-08-18T23:00:01+00:00,rigetti:rigetti:qpu:cepheus-1-108q,ONLINE,
2026-08-18T23:00:01+00:00,aws:rigetti:qpu:cepheus-1-108q,ONLINE,
2026-08-18T23:00:01+00:00,openquantum:aqt:qpu:ibex-q1,ONLINE,
2026-08-18T23:00:01+00:00,openquantum:ionq:qpu:forte-1,ONLINE,
2026-08-18T23:00:01+00:00,openquantum:ionq:qpu:forte-enterprise,ONLINE,
2026-08-18T23:00:01+00:00,openquantum:iqm:qpu:emerald,ONLINE,
2026-08-18T23:00:01+00:00,openquantum:iqm:qpu:garnet,ONLINE,
2026-08-18T23:00:01+00:00,openquantum:rigetti:qpu:cepheus-1-108q,ONLINE,
2026-08-18T23:30:17+00:00,aws:aqt:qpu:ibex-q1,UNAVAILABLE,
2026-08-18T23:30:17+00:00,aws:quera:qpu:aquila,UNAVAILABLE,
2026-08-18T23:30:17+00:00,ibm:ibm:qpu:marrakesh,UNAVAILABLE,
2026-08-18T23:30:17+00:00,ibm:ibm:qpu:pittsburgh,ONLINE,
2026-08-18T23:30:17+00:00,azure:pasqal:qpu:fresnel,OFFLINE,
2026-08-18T23:30:17+00:00,aws:iqm:qpu:emerald,ONLINE,
2026-08-18T23:30:17+00:00,azure:ionq:qpu:forte-1,OFFLINE,
2026-08-18T23:30:17+00:00,ibm:ibm:qpu:kingston,ONLINE,
2026-08-18T23:30:17+00:00,aws:ionq:qpu:forte-1,ONLINE,
2026-08-18T23:30:17+00:00,aws:ionq:qpu:forte-enterprise-1,ONLINE,
2026-08-18T23:30:17+00:00,ionq:ionq:qpu:forte-1,ONLINE,
2026-08-18T23:30:17+00:00,ibm:ibm:qpu:fez,ONLINE,
2026-08-18T23:30:17+00:00,aws:iqm:qpu:garnet,ONLINE,
2026-08-18T23:30:17+00:00,azure:rigetti:qpu:cepheus-1-36q,OFFLINE,
2026-08-18T23:30:17+00:00,azure:ionq:qpu:forte-enterprise-1,OFFLINE,
2026-08-18T23:30:17+00:00,ibm:ibm:qpu:boston,ONLINE,
2026-08-18T23:30:17+00:00,ibm:ibm:qpu:miami,ONLINE,
2026-08-18T23:30:17+00:00,rigetti:rigetti:qpu:cepheus-1-108q,ONLINE,
2026-08-18T23:30:17+00:00,aws:rigetti:qpu:cepheus-1-108q,ONLINE,
2026-08-18T23:30:17+00:00,openquantum:aqt:qpu:ibex-q1,ONLINE,
2026-08-18T23:30:17+00:00,openquantum:ionq:qpu:forte-1,ONLINE,
2026-08-18T23:30:17+00:00,openquantum:ionq:qpu:forte-enterprise,ONLINE,
2026-08-18T23:30:17+00:00,openquantum:iqm:qpu:emerald,ONLINE,
2026-08-18T23:30:17+00:00,openquantum:iqm:qpu:garnet,ONLINE,
2026-08-18T23:30:17+00:00,openquantum:rigetti:qpu:cepheus-1-108q,ONLINE,
2026-08-18T23:57:52+00:00,aws:aqt:qpu:ibex-q1,UNAVAILABLE,
2026-08-18T23:57:52+00:00,aws:quera:qpu:aquila,UNAVAILABLE,
2026-08-18T23:57:52+00:00,ibm:ibm:qpu:marrakesh,UNAVAILABLE,
2026-08-18T23:57:52+00:00,ibm:ibm:qpu:pittsburgh,ONLINE,
2026-08-18T23:57:52+00:00,azure:pasqal:qpu:fresnel,OFFLINE,
2026-08-18T23:57:52+00:00,aws:iqm:qpu:emerald,ONLINE,
2026-08-18T23:57:52+00:00,azure:ionq:qpu:forte-1,OFFLINE,
2026-08-18T23:57:52+00:00,ibm:ibm:qpu:kingston,ONLINE,
2026-08-18T23:57:52+00:00,aws:ionq:qpu:forte-1,ONLINE,
2026-08-18T23:57:52+00:00,aws:ionq:qpu:forte-enterprise-1,ONLINE,
2026-08-18T23:57:52+00:00,ionq:ionq:qpu:forte-1,ONLINE,
2026-08-18T23:57:52+00:00,ibm:ibm:qpu:fez,ONLINE,
2026-08-18T23:57:52+00:00,aws:iqm:qpu:garnet,ONLINE,
2026-08-18T23:57:52+00:00,azure:rigetti:qpu:cepheus-1-36q,OFFLINE,
2026-08-18T23:57:52+00:00,azure:ionq:qpu:forte-enterprise-1,OFFLINE,
2026-08-18T23:57:52+00:00,ibm:ibm:qpu:boston,ONLINE,
2026-08-18T23:57:52+00:00,ibm:ibm:qpu:miami,ONLINE,
2026-08-18T23:57:52+00:00,rigetti:rigetti:qpu:cepheus-1-108q,ONLINE,
2026-08-18T23:57:52+00:00,aws:rigetti:qpu:cepheus-1-108q,ONLINE,
2026-08-18T23:57:52+00:00,openquantum:aqt:qpu:ibex-q1,ONLINE,
2026-08-18T23:57:52+00:00,openquantum:ionq:qpu:forte-1,ONLINE,
2026-08-18T23:57:52+00:00,openquantum:ionq:qpu:forte-enterprise,ONLINE,
2026-08-18T23:57:52+00:00,openquantum:iqm:qpu:emerald,ONLINE,
2026-08-18T23:57:52+00:00,openquantum:iqm:qpu:garnet,ONLINE,
2026-08-18T23:57:52+00:00,openquantum:rigetti:qpu:cepheus-1-108q,ONLINE,
2026-08-19T01:43:06+00:00,aws:aqt:qpu:ibex-q1,UNAVAILABLE,
2026-08-19T01:43:06+00:00,aws:quera:qpu:aquila,UNAVAILABLE,
2026-08-19T01:43:06+00:00,ibm:ibm:qpu:marrakesh,ONLINE,
2026-08-19T01:43:06+00:00,ibm:ibm:qpu:pittsburgh,ONLINE,
2026-08-19T01:43:06+00:00,azure:pasqal:qpu:fresnel,OFFLINE,
2026-08-19T01:43:06+00:00,aws:iqm:qpu:emerald,ONLINE,
2026-08-19T01:43:06+00:00,azure:ionq:qpu:forte-1,OFFLINE,
2026-08-19T01:43:06+00:00,ibm:ibm:qpu:kingston,ONLINE,
2026-08-19T01:43:06+00:00,aws:ionq:qpu:forte-1,ONLINE,
2026-08-19T01:43:06+00:00,aws:ionq:qpu:forte-enterprise-1,ONLINE,
2026-08-19T01:43:06+00:00,ionq:ionq:qpu:forte-1,ONLINE,
2026-08-19T01:43:06+00:00,ibm:ibm:qpu:fez,ONLINE,
2026-08-19T01:43:06+00:00,aws:iqm:qpu:garnet,UNAVAILABLE,
2026-08-19T01:43:06+00:00,azure:rigetti:qpu:cepheus-1-36q,OFFLINE,
2026-08-19T01:43:06+00:00,azure:ionq:qpu:forte-enterprise-1,OFFLINE,
2026-08-19T01:43:06+00:00,ibm:ibm:qpu:boston,ONLINE,
2026-08-19T01:43:06+00:00,ibm:ibm:qpu:miami,ONLINE,
2026-08-19T01:43:06+00:00,rigetti:rigetti:qpu:cepheus-1-108q,ONLINE,
2026-08-19T01:43:06+00:00,aws:rigetti:qpu:cepheus-1-108q,ONLINE,
2026-08-19T01:43:06+00:00,openquantum:aqt:qpu:ibex-q1,ONLINE,
2026-08-19T01:43:06+00:00,openquantum:ionq:qpu:forte-1,ONLINE,
2026-08-19T01:43:06+00:00,openquantum:ionq:qpu:forte-enterprise,ONLINE,
2026-08-19T01:43:06+00:00,openquantum:iqm:qpu:emerald,ONLINE,
2026-08-19T01:43:06+00:00,openquantum:iqm:qpu:garnet,ONLINE,
2026-08-19T01:43:06+00:00,openquantum:rigetti:qpu:cepheus-1-108q,ONLINE,
2026-08-19T02:44:12+00:00,aws:aqt:qpu:ibex-q1,UNAVAILABLE,
2026-08-19T02:44:12+00:00,aws:quera:qpu:aquila,UNAVAILABLE,
2026-08-19T02:44:12+00:00,ibm:ibm:qpu:marrakesh,UNAVAILABLE,
2026-08-19T02:44:12+00:00,ibm:ibm:qpu:pittsburgh,ONLINE,
2026-08-19T02:44:12+00:00,azure:pasqal:qpu:fresnel,OFFLINE,
2026-08-19T02:44:12+00:00,aws:iqm:qpu:emerald,ONLINE,
2026-08-19T02:44:12+00:00,azure:ionq:qpu:forte-1,OFFLINE,
2026-08-19T02:44:12+00:00,ibm:ibm:qpu:kingston,ONLINE,
2026-08-19T02:44:12+00:00,aws:ionq:qpu:forte-1,ONLINE,
2026-08-19T02:44:12+00:00,aws:ionq:qpu:forte-enterprise-1,ONLINE,
2026-08-19T02:44:12+00:00,ionq:ionq:qpu:forte-1,ONLINE,
2026-08-19T02:44:12+00:00,ibm:ibm:qpu:fez,ONLINE,
2026-08-19T02:44:12+00:00,aws:iqm:qpu:garnet,UNAVAILABLE,
2026-08-19T02:44:12+00:00,azure:rigetti:qpu:cepheus-1-36q,OFFLINE,
2026-08-19T02:44:12+00:00,azure:ionq:qpu:forte-enterprise-1,OFFLINE,
2026-08-19T02:44:12+00:00,ibm:ibm:qpu:boston,ONLINE,
2026-08-19T02:44:12+00:00,ibm:ibm:qpu:miami,ONLINE,
2026-08-19T02:44:12+00:00,rigetti:rigetti:qpu:cepheus-1-108q,ONLINE,
2026-08-19T02:44:12+00:00,aws:rigetti:qpu:cepheus-1-108q,ONLINE,
2026-08-19T02:44:12+00:00,openquantum:aqt:qpu:ibex-q1,ONLINE,
2026-08-19T02:44:12+00:00,openquantum:ionq:qpu:forte-1,ONLINE,
2026-08-19T02:44:12+00:00,openquantum:ionq:qpu:forte-enterprise,ONLINE,
2026-08-19T02:44:12+00:00,openquantum:iqm:qpu:emerald,ONLINE,
2026-08-19T02:44:12+00:00,openquantum:iqm:qpu:garnet,ONLINE,
2026-08-19T02:44:12+00:00,openquantum:rigetti:qpu:cepheus-1-108q,ONLINE,
2026-08-19T03:31:58+00:00,aws:aqt:qpu:ibex-q1,UNAVAILABLE,
2026-08-19T03:31:58+00:00,aws:quera:qpu:aquila,UNAVAILABLE,
2026-08-19T03:31:58+00:00,ibm:ibm:qpu:marrakesh,UNAVAILABLE,
2026-08-19T03:31:58+00:00,ibm:ibm:qpu:pittsburgh,ONLINE,
2026-08-19T03:31:58+00:00,azure:pasqal:qpu:fresnel,OFFLINE,
2026-08-19T03:31:58+00:00,aws:iqm:qpu:emerald,UNAVAILABLE,
2026-08-19T03:31:58+00:00,azure:ionq:qpu:forte-1,OFFLINE,
2026-08-19T03:31:58+00:00,ibm:ibm:qpu:kingston,ONLINE,
2026-08-19T03:31:58+00:00,aws:ionq:qpu:forte-1,ONLINE,
2026-08-19T03:31:58+00:00,aws:ionq:qpu:forte-enterprise-1,ONLINE,
2026-08-19T03:31:58+00:00,ionq:ionq:qpu:forte-1,ONLINE,
2026-08-19T03:31:58+00:00,ibm:ibm:qpu:fez,ONLINE,
2026-08-19T03:31:58+00:00,aws:iqm:qpu:garnet,ONLINE,
2026-08-19T03:31:58+00:00,azure:rigetti:qpu:cepheus-1-36q,OFFLINE,
2026-08-19T03:31:58+00:00,azure:ionq:qpu:forte-enterprise-1,OFFLINE,
2026-08-19T03:31:58+00:00,ibm:ibm:qpu:boston,ONLINE,
2026-08-19T03:31:58+00:00,ibm:ibm:qpu:miami,ONLINE,
2026-08-19T03:31:58+00:00,rigetti:rigetti:qpu:cepheus-1-108q,ONLINE,
2026-08-19T03:31:58+00:00,aws:rigetti:qpu:cepheus-1-108q,ONLINE,
2026-08-19T03:31:58+00:00,openquantum:aqt:qpu:ibex-q1,ONLINE,
2026-08-19T03:31:58+00:00,openquantum:ionq:qpu:forte-1,ONLINE,
2026-08-19T03:31:58+00:00,openquantum:ionq:qpu:forte-enterprise,ONLINE,
2026-08-19T03:31:58+00:00,openquantum:iqm:qpu:emerald,ONLINE,
2026-08-19T03:31:58+00:00,openquantum:iqm:qpu:garnet,ONLINE,
2026-08-19T03:31:58+00:00,openquantum:rigetti:qpu:cepheus-1-108q,ONLINE,
2026-08-19T04:21:34+00:00,aws:aqt:qpu:ibex-q1,UNAVAILABLE,
2026-08-19T04:21:34+00:00,aws:quera:qpu:aquila,UNAVAILABLE,
2026-08-19T04:21:34+00:00,ibm:ibm:qpu:marrakesh,UNAVAILABLE,
2026-08-19T04:21:34+00:00,ibm:ibm:qpu:pittsburgh,ONLINE,
2026-08-19T04:21:34+00:00,azure:pasqal:qpu:fresnel,OFFLINE,
2026-08-19T04:21:34+00:00,aws:iqm:qpu:emerald,UNAVAILABLE,
2026-08-19T04:21:34+00:00,azure:ionq:qpu:forte-1,OFFLINE,
2026-08-19T04:21:34+00:00,ibm:ibm:qpu:kingston,ONLINE,
2026-08-19T04:21:34+00:00,aws:ionq:qpu:forte-1,ONLINE,
2026-08-19T04:21:34+00:00,aws:ionq:qpu:forte-enterprise-1,ONLINE,
2026-08-19T04:21:34+00:00,ionq:ionq:qpu:forte-1,ONLINE,
2026-08-19T04:21:34+00:00,ibm:ibm:qpu:fez,ONLINE,
2026-08-19T04:21:34+00:00,aws:iqm:qpu:garnet,ONLINE,
2026-08-19T04:21:34+00:00,azure:rigetti:qpu:cepheus-1-36q,OFFLINE,
2026-08-19T04:21:34+00:00,azure:ionq:qpu:forte-enterprise-1,OFFLINE,
2026-08-19T04:21:34+00:00,ibm:ibm:qpu:boston,ONLINE,
2026-08-19T04:21:34+00:00,ibm:ibm:qpu:miami,ONLINE,
2026-08-19T04:21:34+00:00,rigetti:rigetti:qpu:cepheus-1-108q,ONLINE,
2026-08-19T04:21:34+00:00,aws:rigetti:qpu:cepheus-1-108q,ONLINE,
2026-08-19T04:21:34+00:00,openquantum:aqt:qpu:ibex-q1,ONLINE,
2026-08-19T04:21:34+00:00,openquantum:ionq:qpu:forte-1,ONLINE,
2026-08-19T04:21:34+00:00,openquantum:ionq:qpu:forte-enterprise,ONLINE,
2026-08-19T04:21:34+00:00,openquantum:iqm:qpu:emerald,ONLINE,
2026-08-19T04:21:34+00:00,openquantum:iqm:qpu:garnet,ONLINE,
2026-08-19T04:21:34+00:00,openquantum:rigetti:qpu:cepheus-1-108q,ONLINE,
2026-08-19T05:13:27+00:00,aws:aqt:qpu:ibex-q1,UNAVAILABLE,
2026-08-19T05:13:27+00:00,aws:quera:qpu:aquila,UNAVAILABLE,
2026-08-19T05:13:27+00:00,ibm:ibm:qpu:marrakesh,UNAVAILABLE,
2026-08-19T05:13:27+00:00,ibm:ibm:qpu:pittsburgh,ONLINE,
2026-08-19T05:13:27+00:00,azure:pasqal:qpu:fresnel,OFFLINE,
2026-08-19T05:13:27+00:00,aws:iqm:qpu:emerald,UNAVAILABLE,
2026-08-19T05:13:27+00:00,azure:ionq:qpu:forte-1,OFFLINE,
2026-08-19T05:13:27+00:00,ibm:ibm:qpu:kingston,ONLINE,
2026-08-19T05:13:27+00:00,aws:ionq:qpu:forte-1,ONLINE,
2026-08-19T05:13:27+00:00,aws:ionq:qpu:forte-enterprise-1,ONLINE,
2026-08-19T05:13:27+00:00,ionq:ionq:qpu:forte-1,ONLINE,
2026-08-19T05:13:27+00:00,ibm:ibm:qpu:fez,ONLINE,
2026-08-19T05:13:27+00:00,aws:iqm:qpu:garnet,ONLINE,
2026-08-19T05:13:27+00:00,azure:rigetti:qpu:cepheus-1-36q,OFFLINE,
2026-08-19T05:13:27+00:00,azure:ionq:qpu:forte-enterprise-1,OFFLINE,
2026-08-19T05:13:27+00:00,ibm:ibm:qpu:boston,ONLINE,
2026-08-19T05:13:27+00:00,ibm:ibm:qpu:miami,ONLINE,
2026-08-19T05:13:27+00:00,rigetti:rigetti:qpu:cepheus-1-108q,ONLINE,
2026-08-19T05:13:27+00:00,aws:rigetti:qpu:cepheus-1-108q,ONLINE,
2026-08-19T05:13:27+00:00,openquantum:aqt:qpu:ibex-q1,ONLINE,
2026-08-19T05:13:27+00:00,openquantum:ionq:qpu:forte-1,ONLINE,
2026-08-19T05:13:27+00:00,openquantum:ionq:qpu:forte-enterprise,ONLINE,
2026-08-19T05:13:27+00:00,openquantum:iqm:qpu:emerald,ONLINE,
2026-08-19T05:13:27+00:00,openquantum:iqm:qpu:garnet,ONLINE,
2026-08-19T05:13:27+00:00,openquantum:rigetti:qpu:cepheus-1-108q,ONLINE,
2026-08-19T06:02:36+00:00,aws:aqt:qpu:ibex-q1,UNAVAILABLE,
2026-08-19T06:02:36+00:00,aws:quera:qpu:aquila,UNAVAILABLE,
2026-08-19T06:02:36+00:00,ibm:ibm:qpu:marrakesh,ONLINE,
2026-08-19T06:02:36+00:00,ibm:ibm:qpu:pittsburgh,ONLINE,
2026-08-19T06:02:36+00:00,azure:pasqal:qpu:fresnel,OFFLINE,
2026-08-19T06:02:36+00:00,aws:iqm:qpu:emerald,UNAVAILABLE,
2026-08-19T06:02:36+00:00,azure:ionq:qpu:forte-1,OFFLINE,
2026-08-19T06:02:36+00:00,ibm:ibm:qpu:kingston,ONLINE,
2026-08-19T06:02:36+00:00,aws:ionq:qpu:forte-1,ONLINE,
2026-08-19T06:02:36+00:00,aws:ionq:qpu:forte-enterprise-1,ONLINE,
2026-08-19T06:02:36+00:00,ionq:ionq:qpu:forte-1,ONLINE,
2026-08-19T06:02:36+00:00,ibm:ibm:qpu:fez,ONLINE,
2026-08-19T06:02:36+00:00,aws:iqm:qpu:garnet,ONLINE,
2026-08-19T06:02:36+00:00,azure:rigetti:qpu:cepheus-1-36q,OFFLINE,
2026-08-19T06:02:36+00:00,azure:ionq:qpu:forte-enterprise-1,OFFLINE,
2026-08-19T06:02:36+00:00,ibm:ibm:qpu:boston,ONLINE,
2026-08-19T06:02:36+00:00,ibm:ibm:qpu:miami,ONLINE,
2026-08-19T06:02:36+00:00,rigetti:rigetti:qpu:cepheus-1-108q,ONLINE,
2026-08-19T06:02:36+00:00,aws:rigetti:qpu:cepheus-1-108q,ONLINE,
2026-08-19T06:02:36+00:00,openquantum:aqt:qpu:ibex-q1,ONLINE,
2026-08-19T06:02:36+00:00,openquantum:ionq:qpu:forte-1,ONLINE,
2026-08-19T06:02:36+00:00,openquantum:ionq:qpu:forte-enterprise,ONLINE,
2026-08-19T06:02:36+00:00,openquantum:iqm:qpu:emerald,ONLINE,
2026-08-19T06:02:36+00:00,openquantum:iqm:qpu:garnet,ONLINE,
2026-08-19T06:02:36+00:00,openquantum:rigetti:qpu:cepheus-1-108q,ONLINE,
2026-08-19T07:25:07+00:00,aws:aqt:qpu:ibex-q1,UNAVAILABLE,
2026-08-19T07:25:07+00:00,aws:quera:qpu:aquila,UNAVAILABLE,
2026-08-19T07:25:07+00:00,ibm:ibm:qpu:marrakesh,ONLINE,
2026-08-19T07:25:07+00:00,ibm:ibm:qpu:pittsburgh,ONLINE,
2026-08-19T07:25:07+00:00,azure:pasqal:qpu:fresnel,OFFLINE,
2026-08-19T07:25:07+00:00,aws:iqm:qpu:emerald,ONLINE,
2026-08-19T07:25:07+00:00,azure:ionq:qpu:forte-1,OFFLINE,
2026-08-19T07:25:07+00:00,ibm:ibm:qpu:kingston,ONLINE,
2026-08-19T07:25:07+00:00,aws:ionq:qpu:forte-1,ONLINE,
2026-08-19T07:25:07+00:00,aws:ionq:qpu:forte-enterprise-1,OFFLINE,
2026-08-19T07:25:07+00:00,ionq:ionq:qpu:forte-1,ONLINE,
2026-08-19T07:25:07+00:00,ibm:ibm:qpu:fez,ONLINE,
2026-08-19T07:25:07+00:00,aws:iqm:qpu:garnet,ONLINE,
2026-08-19T07:25:07+00:00,azure:rigetti:qpu:cepheus-1-36q,OFFLINE,
2026-08-19T07:25:07+00:00,azure:ionq:qpu:forte-enterprise-1,OFFLINE,
2026-08-19T07:25:07+00:00,ibm:ibm:qpu:boston,ONLINE,
2026-08-19T07:25:07+00:00,ibm:ibm:qpu:miami,ONLINE,
2026-08-19T07:25:07+00:00,rigetti:rigetti:qpu:cepheus-1-108q,ONLINE,
2026-08-19T07:25:07+00:00,aws:rigetti:qpu:cepheus-1-108q,UNAVAILABLE,
2026-08-19T07:25:07+00:00,openquantum:aqt:qpu:ibex-q1,ONLINE,
2026-08-19T07:25:07+00:00,openquantum:ionq:qpu:forte-1,ONLINE,
2026-08-19T07:25:07+00:00,openquantum:ionq:qpu:forte-enterprise,ONLINE,
2026-08-19T07:25:07+00:00,openquantum:iqm:qpu:emerald,ONLINE,
2026-08-19T07:25:07+00:00,openquantum:iqm:qpu:garnet,ONLINE,
2026-08-19T07:25:07+00:00,openquantum:rigetti:qpu:cepheus-1-108q,ONLINE,
2026-08-19T08:15:51+00:00,aws:aqt:qpu:ibex-q1,ONLINE,
2026-08-19T08:15:51+00:00,aws:quera:qpu:aquila,UNAVAILABLE,
2026-08-19T08:15:51+00:00,ibm:ibm:qpu:marrakesh,ONLINE,
2026-08-19T08:15:51+00:00,ibm:ibm:qpu:pittsburgh,ONLINE,
2026-08-19T08:15:51+00:00,azure:pasqal:qpu:fresnel,OFFLINE,
2026-08-19T08:15:51+00:00,aws:iqm:qpu:emerald,ONLINE,
2026-08-19T08:15:51+00:00,azure:ionq:qpu:forte-1,OFFLINE,
2026-08-19T08:15:51+00:00,ibm:ibm:qpu:kingston,ONLINE,
2026-08-19T08:15:51+00:00,aws:ionq:qpu:forte-1,ONLINE,
2026-08-19T08:15:51+00:00,aws:ionq:qpu:forte-enterprise-1,OFFLINE,
2026-08-19T08:15:51+00:00,ionq:ionq:qpu:forte-1,ONLINE,
2026-08-19T08:15:51+00:00,ibm:ibm:qpu:fez,ONLINE,
2026-08-19T08:15:51+00:00,aws:iqm:qpu:garnet,ONLINE,
2026-08-19T08:15:51+00:00,azure:rigetti:qpu:cepheus-1-36q,OFFLINE,
2026-08-19T08:15:51+00:00,azure:ionq:qpu:forte-enterprise-1,OFFLINE,
2026-08-19T08:15:51+00:00,ibm:ibm:qpu:boston,ONLINE,
2026-08-19T08:15:51+00:00,ibm:ibm:qpu:miami,ONLINE,
2026-08-19T08:15:51+00:00,rigetti:rigetti:qpu:cepheus-1-108q,ONLINE,
2026-08-19T08:15:51+00:00,aws:rigetti:qpu:cepheus-1-108q,UNAVAILABLE,
2026-08-19T08:15:51+00:00,openquantum:aqt:qpu:ibex-q1,ONLINE,
2026-08-19T08:15:51+00:00,openquantum:ionq:qpu:forte-1,ONLINE,
2026-08-19T08:15:51+00:00,openquantum:ionq:qpu:forte-enterprise,ONLINE,
2026-08-19T08:15:51+00:00,openquantum:iqm:qpu:emerald,ONLINE,
2026-08-19T08:15:51+00:00,openquantum:iqm:qpu:garnet,ONLINE,
2026-08-19T08:15:51+00:00,openquantum:rigetti:qpu:cepheus-1-108q,ONLINE,
2026-08-19T09:18:29+00:00,aws:aqt:qpu:ibex-q1,ONLINE,
2026-08-19T09:18:29+00:00,aws:quera:qpu:aquila,UNAVAILABLE,
2026-08-19T09:18:29+00:00,ibm:ibm:qpu:marrakesh,ONLINE,
2026-08-19T09:18:29+00:00,ibm:ibm:qpu:pittsburgh,ONLINE,
2026-08-19T09:18:29+00:00,azure:pasqal:qpu:fresnel,OFFLINE,
2026-08-19T09:18:29+00:00,aws:iqm:qpu:emerald,ONLINE,
2026-08-19T09:18:29+00:00,azure:ionq:qpu:forte-1,OFFLINE,
2026-08-19T09:18:29+00:00,ibm:ibm:qpu:kingston,ONLINE,
2026-08-19T09:18:29+00:00,aws:ionq:qpu:forte-1,ONLINE,
2026-08-19T09:18:29+00:00,aws:ionq:qpu:forte-enterprise-1,OFFLINE,
2026-08-19T09:18:29+00:00,ionq:ionq:qpu:forte-1,ONLINE,
2026-08-19T09:18:29+00:00,ibm:ibm:qpu:fez,ONLINE,
2026-08-19T09:18:29+00:00,aws:iqm:qpu:garnet,ONLINE,
2026-08-19T09:18:29+00:00,azure:rigetti:qpu:cepheus-1-36q,OFFLINE,
2026-08-19T09:18:29+00:00,azure:ionq:qpu:forte-enterprise-1,OFFLINE,
2026-08-19T09:18:29+00:00,ibm:ibm:qpu:boston,ONLINE,
2026-08-19T09:18:29+00:00,ibm:ibm:qpu:miami,ONLINE,
2026-08-19T09:18:29+00:00,rigetti:rigetti:qpu:cepheus-1-108q,ONLINE,
2026-08-19T09:18:29+00:00,aws:rigetti:qpu:cepheus-1-108q,ONLINE,
2026-08-19T09:18:29+00:00,openquantum:aqt:qpu:ibex-q1,ONLINE,
2026-08-19T09:18:29+00:00,openquantum:ionq:qpu:forte-1,ONLINE,
2026-08-19T09:18:29+00:00,openquantum:ionq:qpu:forte-enterprise,ONLINE,
2026-08-19T09:18:29+00:00,openquantum:iqm:qpu:emerald,ONLINE,
2026-08-19T09:18:29+00:00,openquantum:iqm:qpu:garnet,ONLINE,
2026-08-19T09:18:29+00:00,openquantum:rigetti:qpu:cepheus-1-108q,ONLINE,
2026-08-19T10:03:59+00:00,aws:aqt:qpu:ibex-q1,ONLINE,
2026-08-19T10:03:59+00:00,aws:quera:qpu:aquila,UNAVAILABLE,
2026-08-19T10:03:59+00:00,ibm:ibm:qpu:marrakesh,ONLINE,
2026-08-19T10:03:59+00:00,ibm:ibm:qpu:pittsburgh,ONLINE,
2026-08-19T10:03:59+00:00,azure:pasqal:qpu:fresnel,OFFLINE,
2026-08-19T10:03:59+00:00,aws:iqm:qpu:emerald,ONLINE,
2026-08-19T10:03:59+00:00,azure:ionq:qpu:forte-1,OFFLINE,
2026-08-19T10:03:59+00:00,ibm:ibm:qpu:kingston,ONLINE,
2026-08-19T10:03:59+00:00,aws:ionq:qpu:forte-1,ONLINE,
2026-08-19T10:03:59+00:00,aws:ionq:qpu:forte-enterprise-1,OFFLINE,
2026-08-19T10:03:59+00:00,ionq:ionq:qpu:forte-1,ONLINE,
2026-08-19T10:03:59+00:00,ibm:ibm:qpu:fez,ONLINE,
2026-08-19T10:03:59+00:00,aws:iqm:qpu:garnet,ONLINE,
2026-08-19T10:03:59+00:00,azure:rigetti:qpu:cepheus-1-36q,OFFLINE,
2026-08-19T10:03:59+00:00,azure:ionq:qpu:forte-enterprise-1,OFFLINE,
2026-08-19T10:03:59+00:00,ibm:ibm:qpu:boston,ONLINE,
2026-08-19T10:03:59+00:00,ibm:ibm:qpu:miami,ONLINE,
2026-08-19T10:03:59+00:00,rigetti:rigetti:qpu:cepheus-1-108q,ONLINE,
2026-08-19T10:03:59+00:00,aws:rigetti:qpu:cepheus-1-108q,ONLINE,
2026-08-19T10:03:59+00:00,openquantum:aqt:qpu:ibex-q1,ONLINE,
2026-08-19T10:03:59+00:00,openquantum:ionq:qpu:forte-1,ONLINE,
2026-08-19T10:03:59+00:00,openquantum:ionq:qpu:forte-enterprise,ONLINE,
2026-08-19T10:03:59+00:00,openquantum:iqm:qpu:emerald,ONLINE,
2026-08-19T10:03:59+00:00,openquantum:iqm:qpu:garnet,ONLINE,
2026-08-19T10:03:59+00:00,openquantum:rigetti:qpu:cepheus-1-108q,ONLINE,
2026-08-19T11:01:57+00:00,aws:aqt:qpu:ibex-q1,ONLINE,
2026-08-19T11:01:57+00:00,aws:quera:qpu:aquila,UNAVAILABLE,
2026-08-19T11:01:57+00:00,ibm:ibm:qpu:marrakesh,ONLINE,
2026-08-19T11:01:57+00:00,ibm:ibm:qpu:pittsburgh,ONLINE,
2026-08-19T11:01:57+00:00,azure:pasqal:qpu:fresnel,OFFLINE,
2026-08-19T11:01:57+00:00,aws:iqm:qpu:emerald,ONLINE,
2026-08-19T11:01:57+00:00,azure:ionq:qpu:forte-1,OFFLINE,
2026-08-19T11:01:57+00:00,ibm:ibm:qpu:kingston,ONLINE,
2026-08-19T11:01:57+00:00,aws:ionq:qpu:forte-1,ONLINE,
2026-08-19T11:01:57+00:00,aws:ionq:qpu:forte-enterprise-1,OFFLINE,
2026-08-19T11:01:57+00:00,ionq:ionq:qpu:forte-1,ONLINE,
2026-08-19T11:01:57+00:00,ibm:ibm:qpu:fez,ONLINE,
2026-08-19T11:01:57+00:00,aws:iqm:qpu:garnet,ONLINE,
2026-08-19T11:01:57+00:00,azure:rigetti:qpu:cepheus-1-36q,OFFLINE,
2026-08-19T11:01:57+00:00,azure:ionq:qpu:forte-enterprise-1,OFFLINE,
2026-08-19T11:01:57+00:00,ibm:ibm:qpu:boston,ONLINE,
2026-08-19T11:01:57+00:00,ibm:ibm:qpu:miami,ONLINE,
2026-08-19T11:01:57+00:00,rigetti:rigetti:qpu:cepheus-1-108q,ONLINE,
2026-08-19T11:01:57+00:00,aws:rigetti:qpu:cepheus-1-108q,ONLINE,
2026-08-19T11:01:57+00:00,openquantum:aqt:qpu:ibex-q1,ONLINE,
2026-08-19T11:01:57+00:00,openquantum:ionq:qpu:forte-1,ONLINE,
2026-08-19T11:01:57+00:00,openquantum:ionq:qpu:forte-enterprise,ONLINE,
2026-08-19T11:01:57+00:00,openquantum:iqm:qpu:emerald,ONLINE,
2026-08-19T11:01:57+00:00,openquantum:iqm:qpu:garnet,ONLINE,
2026-08-19T11:01:57+00:00,openquantum:rigetti:qpu:cepheus-1-108q,ONLINE,
2026-08-19T12:00:47+00:00,aws:aqt:qpu:ibex-q1,ONLINE,
2026-08-19T12:00:47+00:00,aws:quera:qpu:aquila,UNAVAILABLE,
2026-08-19T12:00:47+00:00,ibm:ibm:qpu:marrakesh,UNAVAILABLE,
2026-08-19T12:00:47+00:00,ibm:ibm:qpu:pittsburgh,ONLINE,
2026-08-19T12:00:47+00:00,azure:pasqal:qpu:fresnel,OFFLINE,
2026-08-19T12:00:47+00:00,aws:iqm:qpu:emerald,ONLINE,
2026-08-19T12:00:47+00:00,azure:ionq:qpu:forte-1,OFFLINE,
2026-08-19T12:00:47+00:00,ibm:ibm:qpu:kingston,ONLINE,
2026-08-19T12:00:47+00:00,aws:ionq:qpu:forte-1,ONLINE,
2026-08-19T12:00:47+00:00,aws:ionq:qpu:forte-enterprise-1,OFFLINE,
2026-08-19T12:00:47+00:00,ionq:ionq:qpu:forte-1,ONLINE,
2026-08-19T12:00:47+00:00,ibm:ibm:qpu:fez,ONLINE,
2026-08-19T12:00:47+00:00,aws:iqm:qpu:garnet,ONLINE,
2026-08-19T12:00:47+00:00,azure:rigetti:qpu:cepheus-1-36q,OFFLINE,
2026-08-19T12:00:47+00:00,azure:ionq:qpu:forte-enterprise-1,OFFLINE,
2026-08-19T12:00:47+00:00,ibm:ibm:qpu:boston,ONLINE,
2026-08-19T12:00:47+00:00,ibm:ibm:qpu:miami,ONLINE,
2026-08-19T12:00:47+00:00,rigetti:rigetti:qpu:cepheus-1-108q,ONLINE,
2026-08-19T12:00:47+00:00,aws:rigetti:qpu:cepheus-1-108q,ONLINE,
2026-08-19T12:00:47+00:00,openquantum:aqt:qpu:ibex-q1,ONLINE,
2026-08-19T12:00:47+00:00,openquantum:ionq:qpu:forte-1,ONLINE,
2026-08-19T12:00:47+00:00,openquantum:ionq:qpu:forte-enterprise,ONLINE,
2026-08-19T12:00:47+00:00,openquantum:iqm:qpu:emerald,ONLINE,
2026-08-19T12:00:47+00:00,openquantum:iqm:qpu:garnet,ONLINE,
2026-08-19T12:00:47+00:00,openquantum:rigetti:qpu:cepheus-1-108q,ONLINE,
2026-08-19T13:30:46+00:00,aws:aqt:qpu:ibex-q1,ONLINE,
2026-08-19T13:30:46+00:00,aws:quera:qpu:aquila,UNAVAILABLE,
2026-08-19T13:30:46+00:00,ibm:ibm:qpu:marrakesh,ONLINE,
2026-08-19T13:30:46+00:00,ibm:ibm:qpu:pittsburgh,ONLINE,
2026-08-19T13:30:46+00:00,azure:pasqal:qpu:fresnel,OFFLINE,
2026-08-19T13:30:46+00:00,aws:iqm:qpu:emerald,ONLINE,
2026-08-19T13:30:46+00:00,azure:ionq:qpu:forte-1,OFFLINE,
2026-08-19T13:30:46+00:00,ibm:ibm:qpu:kingston,ONLINE,
2026-08-19T13:30:46+00:00,aws:ionq:qpu:forte-1,ONLINE,
2026-08-19T13:30:46+00:00,aws:ionq:qpu:forte-enterprise-1,OFFLINE,
2026-08-19T13:30:46+00:00,ionq:ionq:qpu:forte-1,ONLINE,
2026-08-19T13:30:46+00:00,ibm:ibm:qpu:fez,ONLINE,
2026-08-19T13:30:46+00:00,aws:iqm:qpu:garnet,ONLINE,
2026-08-19T13:30:46+00:00,azure:rigetti:qpu:cepheus-1-36q,OFFLINE,
2026-08-19T13:30:46+00:00,azure:ionq:qpu:forte-enterprise-1,OFFLINE,
2026-08-19T13:30:46+00:00,ibm:ibm:qpu:boston,ONLINE,
2026-08-19T13:30:46+00:00,ibm:ibm:qpu:miami,ONLINE,
2026-08-19T13:30:46+00:00,rigetti:rigetti:qpu:cepheus-1-108q,ONLINE,
2026-08-19T13:30:46+00:00,aws:rigetti:qpu:cepheus-1-108q,ONLINE,
2026-08-19T13:30:46+00:00,openquantum:aqt:qpu:ibex-q1,ONLINE,
2026-08-19T13:30:46+00:00,openquantum:ionq:qpu:forte-1,ONLINE,
2026-08-19T13:30:46+00:00,openquantum:ionq:qpu:forte-enterprise,ONLINE,
2026-08-19T13:30:46+00:00,openquantum:iqm:qpu:emerald,ONLINE,
2026-08-19T13:30:46+00:00,openquantum:iqm:qpu:garnet,ONLINE,
2026-08-19T13:30:46+00:00,openquantum:rigetti:qpu:cepheus-1-108q,ONLINE,
2026-08-19T14:17:50+00:00,aws:aqt:qpu:ibex-q1,ONLINE,
2026-08-19T14:17:50+00:00,aws:quera:qpu:aquila,UNAVAILABLE,
2026-08-19T14:17:50+00:00,ibm:ibm:qpu:marrakesh,ONLINE,
2026-08-19T14:17:50+00:00,ibm:ibm:qpu:pittsburgh,ONLINE,
2026-08-19T14:17:50+00:00,azure:pasqal:qpu:fresnel,OFFLINE,
2026-08-19T14:17:50+00:00,aws:iqm:qpu:emerald,ONLINE,
2026-08-19T14:17:50+00:00,azure:ionq:qpu:forte-1,OFFLINE,
2026-08-19T14:17:50+00:00,ibm:ibm:qpu:kingston,ONLINE,
2026-08-19T14:17:50+00:00,aws:ionq:qpu:forte-1,UNAVAILABLE,
2026-08-19T14:17:50+00:00,aws:ionq:qpu:forte-enterprise-1,OFFLINE,
2026-08-19T14:17:50+00:00,ionq:ionq:qpu:forte-1,UNAVAILABLE,
2026-08-19T14:17:50+00:00,ibm:ibm:qpu:fez,ONLINE,
2026-08-19T14:17:50+00:00,aws:iqm:qpu:garnet,ONLINE,
2026-08-19T14:17:50+00:00,azure:rigetti:qpu:cepheus-1-36q,OFFLINE,
2026-08-19T14:17:50+00:00,azure:ionq:qpu:forte-enterprise-1,OFFLINE,
2026-08-19T14:17:50+00:00,ibm:ibm:qpu:boston,ONLINE,
2026-08-19T14:17:50+00:00,ibm:ibm:qpu:miami,ONLINE,
2026-08-19T14:17:50+00:00,rigetti:rigetti:qpu:cepheus-1-108q,ONLINE,
2026-08-19T14:17:50+00:00,aws:rigetti:qpu:cepheus-1-108q,ONLINE,
2026-08-19T14:17:50+00:00,openquantum:aqt:qpu:ibex-q1,ONLINE,
2026-08-19T14:17:50+00:00,openquantum:ionq:qpu:forte-1,ONLINE,
2026-08-19T14:17:50+00:00,openquantum:ionq:qpu:forte-enterprise,ONLINE,
2026-08-19T14:17:50+00:00,openquantum:iqm:qpu:emerald,ONLINE,
2026-08-19T14:17:50+00:00,openquantum:iqm:qpu:garnet,ONLINE,
2026-08-19T14:17:50+00:00,openquantum:rigetti:qpu:cepheus-1-108q,ONLINE,
2026-08-19T15:12:34+00:00,aws:aqt:qpu:ibex-q1,UNAVAILABLE,
2026-08-19T15:12:34+00:00,aws:quera:qpu:aquila,UNAVAILABLE,
2026-08-19T15:12:34+00:00,ibm:ibm:qpu:marrakesh,ONLINE,
2026-08-19T15:12:34+00:00,ibm:ibm:qpu:pittsburgh,ONLINE,
2026-08-19T15:12:34+00:00,azure:pasqal:qpu:fresnel,OFFLINE,
2026-08-19T15:12:34+00:00,aws:iqm:qpu:emerald,ONLINE,
2026-08-19T15:12:34+00:00,azure:ionq:qpu:forte-1,OFFLINE,
2026-08-19T15:12:34+00:00,ibm:ibm:qpu:kingston,ONLINE,
2026-08-19T15:12:34+00:00,aws:ionq:qpu:forte-1,UNAVAILABLE,
2026-08-19T15:12:34+00:00,aws:ionq:qpu:forte-enterprise-1,OFFLINE,
2026-08-19T15:12:34+00:00,ionq:ionq:qpu:forte-1,UNAVAILABLE,
2026-08-19T15:12:34+00:00,ibm:ibm:qpu:fez,ONLINE,
2026-08-19T15:12:34+00:00,aws:iqm:qpu:garnet,ONLINE,
2026-08-19T15:12:34+00:00,azure:rigetti:qpu:cepheus-1-36q,OFFLINE,
2026-08-19T15:12:34+00:00,azure:ionq:qpu:forte-enterprise-1,OFFLINE,
2026-08-19T15:12:34+00:00,ibm:ibm:qpu:boston,ONLINE,
2026-08-19T15:12:34+00:00,ibm:ibm:qpu:miami,ONLINE,
2026-08-19T15:12:34+00:00,rigetti:rigetti:qpu:cepheus-1-108q,ONLINE,
2026-08-19T15:12:34+00:00,aws:rigetti:qpu:cepheus-1-108q,ONLINE,
2026-08-19T15:12:34+00:00,openquantum:aqt:qpu:ibex-q1,ONLINE,
2026-08-19T15:12:34+00:00,openquantum:ionq:qpu:forte-1,ONLINE,
2026-08-19T15:12:34+00:00,openquantum:ionq:qpu:forte-enterprise,ONLINE,
2026-08-19T15:12:34+00:00,openquantum:iqm:qpu:emerald,ONLINE,
2026-08-19T15:12:34+00:00,openquantum:iqm:qpu:garnet,ONLINE,
2026-08-19T15:12:34+00:00,openquantum:rigetti:qpu:cepheus-1-108q,ONLINE,
2026-08-19T16:03:28+00:00,aws:aqt:qpu:ibex-q1,UNAVAILABLE,
2026-08-19T16:03:28+00:00,aws:quera:qpu:aquila,UNAVAILABLE,
2026-08-19T16:03:28+00:00,ibm:ibm:qpu:marrakesh,ONLINE,
2026-08-19T16:03:28+00:00,ibm:ibm:qpu:pittsburgh,ONLINE,
2026-08-19T16:03:28+00:00,azure:pasqal:qpu:fresnel,OFFLINE,
2026-08-19T16:03:28+00:00,aws:iqm:qpu:emerald,ONLINE,
2026-08-19T16:03:28+00:00,azure:ionq:qpu:forte-1,OFFLINE,
2026-08-19T16:03:28+00:00,ibm:ibm:qpu:kingston,ONLINE,
2026-08-19T16:03:28+00:00,aws:ionq:qpu:forte-1,UNAVAILABLE,
2026-08-19T16:03:28+00:00,aws:ionq:qpu:forte-enterprise-1,OFFLINE,
2026-08-19T16:03:28+00:00,ionq:ionq:qpu:forte-1,UNAVAILABLE,
2026-08-19T16:03:28+00:00,ibm:ibm:qpu:fez,ONLINE,
2026-08-19T16:03:28+00:00,aws:iqm:qpu:garnet,UNAVAILABLE,
2026-08-19T16:03:28+00:00,azure:rigetti:qpu:cepheus-1-36q,OFFLINE,
2026-08-19T16:03:28+00:00,azure:ionq:qpu:forte-enterprise-1,OFFLINE,
2026-08-19T16:03:28+00:00,ibm:ibm:qpu:boston,ONLINE,
2026-08-19T16:03:28+00:00,ibm:ibm:qpu:miami,ONLINE,
2026-08-19T16:03:28+00:00,rigetti:rigetti:qpu:cepheus-1-108q,ONLINE,
2026-08-19T16:03:28+00:00,aws:rigetti:qpu:cepheus-1-108q,ONLINE,
2026-08-19T16:03:28+00:00,openquantum:aqt:qpu:ibex-q1,ONLINE,
2026-08-19T16:03:28+00:00,openquantum:ionq:qpu:forte-1,ONLINE,
2026-08-19T16:03:28+00:00,openquantum:ionq:qpu:forte-enterprise,ONLINE,
2026-08-19T16:03:28+00:00,openquantum:iqm:qpu:emerald,ONLINE,
2026-08-19T16:03:28+00:00,openquantum:iqm:qpu:garnet,ONLINE,
2026-08-19T16:03:28+00:00,openquantum:rigetti:qpu:cepheus-1-108q,ONLINE,
2026-08-19T17:02:47+00:00,aws:aqt:qpu:ibex-q1,UNAVAILABLE,
2026-08-19T17:02:47+00:00,aws:quera:qpu:aquila,UNAVAILABLE,
2026-08-19T17:02:47+00:00,ibm:ibm:qpu:marrakesh,ONLINE,
2026-08-19T17:02:47+00:00,ibm:ibm:qpu:pittsburgh,ONLINE,
2026-08-19T17:02:47+00:00,azure:pasqal:qpu:fresnel,OFFLINE,
2026-08-19T17:02:47+00:00,aws:iqm:qpu:emerald,ONLINE,
2026-08-19T17:02:47+00:00,azure:ionq:qpu:forte-1,OFFLINE,
2026-08-19T17:02:47+00:00,ibm:ibm:qpu:kingston,ONLINE,
2026-08-19T17:02:47+00:00,aws:ionq:qpu:forte-1,UNAVAILABLE,
2026-08-19T17:02:47+00:00,aws:ionq:qpu:forte-enterprise-1,OFFLINE,
2026-08-19T17:02:47+00:00,ionq:ionq:qpu:forte-1,UNAVAILABLE,
2026-08-19T17:02:47+00:00,ibm:ibm:qpu:fez,ONLINE,
2026-08-19T17:02:47+00:00,aws:iqm:qpu:garnet,UNAVAILABLE,
2026-08-19T17:02:47+00:00,azure:rigetti:qpu:cepheus-1-36q,OFFLINE,
2026-08-19T17:02:47+00:00,azure:ionq:qpu:forte-enterprise-1,OFFLINE,
2026-08-19T17:02:47+00:00,ibm:ibm:qpu:boston,ONLINE,
2026-08-19T17:02:47+00:00,ibm:ibm:qpu:miami,ONLINE,
2026-08-19T17:02:47+00:00,rigetti:rigetti:qpu:cepheus-1-108q,ONLINE,
2026-08-19T17:02:47+00:00,aws:rigetti:qpu:cepheus-1-108q,ONLINE,
2026-08-19T17:02:47+00:00,openquantum:aqt:qpu:ibex-q1,ONLINE,
2026-08-19T17:02:47+00:00,openquantum:ionq:qpu:forte-1,ONLINE,
2026-08-19T17:02:47+00:00,openquantum:ionq:qpu:forte-enterprise,ONLINE,
2026-08-19T17:02:47+00:00,openquantum:iqm:qpu:emerald,ONLINE,
2026-08-19T17:02:47+00:00,openquantum:iqm:qpu:garnet,ONLINE,
2026-08-19T17:02:47+00:00,openquantum:rigetti:qpu:cepheus-1-108q,ONLINE,
2026-08-19T17:59:02+00:00,aws:aqt:qpu:ibex-q1,UNAVAILABLE,
2026-08-19T17:59:02+00:00,aws:quera:qpu:aquila,UNAVAILABLE,
2026-08-19T17:59:02+00:00,ibm:ibm:qpu:marrakesh,ONLINE,
2026-08-19T17:59:02+00:00,ibm:ibm:qpu:pittsburgh,ONLINE,
2026-08-19T17:59:02+00:00,azure:pasqal:qpu:fresnel,OFFLINE,
2026-08-19T17:59:02+00:00,aws:iqm:qpu:emerald,ONLINE,
2026-08-19T17:59:02+00:00,azure:ionq:qpu:forte-1,OFFLINE,
2026-08-19T17:59:02+00:00,ibm:ibm:qpu:kingston,ONLINE,
2026-08-19T17:59:02+00:00,aws:ionq:qpu:forte-1,UNAVAILABLE,
2026-08-19T17:59:02+00:00,aws:ionq:qpu:forte-enterprise-1,OFFLINE,
2026-08-19T17:59:02+00:00,ionq:ionq:qpu:forte-1,UNAVAILABLE,
2026-08-19T17:59:02+00:00,ibm:ibm:qpu:fez,ONLINE,
2026-08-19T17:59:02+00:00,aws:iqm:qpu:garnet,ONLINE,
2026-08-19T17:59:02+00:00,azure:rigetti:qpu:cepheus-1-36q,OFFLINE,
2026-08-19T17:59:02+00:00,azure:ionq:qpu:forte-enterprise-1,OFFLINE,
2026-08-19T17:59:02+00:00,ibm:ibm:qpu:boston,ONLINE,
2026-08-19T17:59:02+00:00,ibm:ibm:qpu:miami,ONLINE,
2026-08-19T17:59:02+00:00,rigetti:rigetti:qpu:cepheus-1-108q,ONLINE,
2026-08-19T17:59:02+00:00,aws:rigetti:qpu:cepheus-1-108q,ONLINE,
2026-08-19T17:59:02+00:00,openquantum:aqt:qpu:ibex-q1,ONLINE,
2026-08-19T17:59:02+00:00,openquantum:ionq:qpu:forte-1,ONLINE,
2026-08-19T17:59:02+00:00,openquantum:ionq:qpu:forte-enterprise,ONLINE,
2026-08-19T17:59:02+00:00,openquantum:iqm:qpu:emerald,ONLINE,
2026-08-19T17:59:02+00:00,openquantum:iqm:qpu:garnet,ONLINE,
2026-08-19T17:59:02+00:00,openquantum:rigetti:qpu:cepheus-1-108q,ONLINE,
2026-08-19T18:46:50+00:00,aws:aqt:qpu:ibex-q1,UNAVAILABLE,
2026-08-19T18:46:50+00:00,aws:quera:qpu:aquila,UNAVAILABLE,
2026-08-19T18:46:50+00:00,ibm:ibm:qpu:marrakesh,ONLINE,
2026-08-19T18:46:50+00:00,ibm:ibm:qpu:pittsburgh,ONLINE,
2026-08-19T18:46:50+00:00,azure:pasqal:qpu:fresnel,OFFLINE,
2026-08-19T18:46:50+00:00,aws:iqm:qpu:emerald,ONLINE,
2026-08-19T18:46:50+00:00,azure:ionq:qpu:forte-1,OFFLINE,
2026-08-19T18:46:50+00:00,ibm:ibm:qpu:kingston,ONLINE,
2026-08-19T18:46:50+00:00,aws:ionq:qpu:forte-1,UNAVAILABLE,
2026-08-19T18:46:50+00:00,aws:ionq:qpu:forte-enterprise-1,OFFLINE,
2026-08-19T18:46:50+00:00,ionq:ionq:qpu:forte-1,UNAVAILABLE,
2026-08-19T18:46:50+00:00,ibm:ibm:qpu:fez,ONLINE,
2026-08-19T18:46:50+00:00,aws:iqm:qpu:garnet,ONLINE,
2026-08-19T18:46:50+00:00,azure:rigetti:qpu:cepheus-1-36q,OFFLINE,
2026-08-19T18:46:50+00:00,azure:ionq:qpu:forte-enterprise-1,OFFLINE,
2026-08-19T18:46:50+00:00,ibm:ibm:qpu:boston,ONLINE,
2026-08-19T18:46:50+00:00,ibm:ibm:qpu:miami,ONLINE,
2026-08-19T18:46:50+00:00,rigetti:rigetti:qpu:cepheus-1-108q,ONLINE,
2026-08-19T18:46:50+00:00,aws:rigetti:qpu:cepheus-1-108q,ONLINE,
2026-08-19T18:46:50+00:00,openquantum:aqt:qpu:ibex-q1,ONLINE,
2026-08-19T18:46:50+00:00,openquantum:ionq:qpu:forte-1,ONLINE,
2026-08-19T18:46:50+00:00,openquantum:ionq:qpu:forte-enterprise,ONLINE,
2026-08-19T18:46:50+00:00,openquantum:iqm:qpu:emerald,ONLINE,
2026-08-19T18:46:50+00:00,openquantum:iqm:qpu:garnet,ONLINE,
2026-08-19T18:46:50+00:00,openquantum:rigetti:qpu:cepheus-1-108q,ONLINE,
2026-08-19T19:24:03+00:00,aws:aqt:qpu:ibex-q1,UNAVAILABLE,
2026-08-19T19:24:03+00:00,aws:quera:qpu:aquila,UNAVAILABLE,
2026-08-19T19:24:03+00:00,ibm:ibm:qpu:marrakesh,UNAVAILABLE,
2026-08-19T19:24:03+00:00,ibm:ibm:qpu:pittsburgh,ONLINE,
2026-08-19T19:24:03+00:00,azure:pasqal:qpu:fresnel,OFFLINE,
2026-08-19T19:24:03+00:00,aws:iqm:qpu:emerald,ONLINE,
2026-08-19T19:24:03+00:00,azure:ionq:qpu:forte-1,OFFLINE,
2026-08-19T19:24:03+00:00,ibm:ibm:qpu:kingston,ONLINE,
2026-08-19T19:24:03+00:00,aws:ionq:qpu:forte-1,UNAVAILABLE,
2026-08-19T19:24:03+00:00,aws:ionq:qpu:forte-enterprise-1,OFFLINE,
2026-08-19T19:24:03+00:00,ionq:ionq:qpu:forte-1,UNAVAILABLE,
2026-08-19T19:24:03+00:00,ibm:ibm:qpu:fez,ONLINE,
2026-08-19T19:24:03+00:00,aws:iqm:qpu:garnet,ONLINE,
2026-08-19T19:24:03+00:00,azure:rigetti:qpu:cepheus-1-36q,OFFLINE,
2026-08-19T19:24:03+00:00,azure:ionq:qpu:forte-enterprise-1,OFFLINE,
2026-08-19T19:24:03+00:00,ibm:ibm:qpu:boston,ONLINE,
2026-08-19T19:24:03+00:00,ibm:ibm:qpu:miami,ONLINE,
2026-08-19T19:24:03+00:00,rigetti:rigetti:qpu:cepheus-1-108q,ONLINE,
2026-08-19T19:24:03+00:00,aws:rigetti:qpu:cepheus-1-108q,UNAVAILABLE,
2026-08-19T19:24:03+00:00,openquantum:aqt:qpu:ibex-q1,ONLINE,
2026-08-19T19:24:03+00:00,openquantum:ionq:qpu:forte-1,ONLINE,
2026-08-19T19:24:03+00:00,openquantum:ionq:qpu:forte-enterprise,ONLINE,
2026-08-19T19:24:03+00:00,openquantum:iqm:qpu:emerald,ONLINE,
2026-08-19T19:24:03+00:00,openquantum:iqm:qpu:garnet,ONLINE,
2026-08-19T19:24:03+00:00,openquantum:rigetti:qpu:cepheus-1-108q,ONLINE,
2026-08-19T19:59:38+00:00,aws:aqt:qpu:ibex-q1,UNAVAILABLE,
2026-08-19T19:59:38+00:00,aws:quera:qpu:aquila,UNAVAILABLE,
2026-08-19T19:59:38+00:00,ibm:ibm:qpu:marrakesh,UNAVAILABLE,
2026-08-19T19:59:38+00:00,ibm:ibm:qpu:pittsburgh,ONLINE,
2026-08-19T19:59:38+00:00,azure:pasqal:qpu:fresnel,OFFLINE,
2026-08-19T19:59:38+00:00,aws:iqm:qpu:emerald,ONLINE,
2026-08-19T19:59:38+00:00,azure:ionq:qpu:forte-1,OFFLINE,
2026-08-19T19:59:38+00:00,ibm:ibm:qpu:kingston,ONLINE,
2026-08-19T19:59:38+00:00,aws:ionq:qpu:forte-1,UNAVAILABLE,
2026-08-19T19:59:38+00:00,aws:ionq:qpu:forte-enterprise-1,OFFLINE,
2026-08-19T19:59:38+00:00,ionq:ionq:qpu:forte-1,UNAVAILABLE,
2026-08-19T19:59:38+00:00,ibm:ibm:qpu:fez,ONLINE,
2026-08-19T19:59:38+00:00,aws:iqm:qpu:garnet,ONLINE,
2026-08-19T19:59:38+00:00,azure:rigetti:qpu:cepheus-1-36q,OFFLINE,
2026-08-19T19:59:38+00:00,azure:ionq:qpu:forte-enterprise-1,OFFLINE,
2026-08-19T19:59:38+00:00,ibm:ibm:qpu:boston,ONLINE,
2026-08-19T19:59:38+00:00,ibm:ibm:qpu:miami,ONLINE,
2026-08-19T19:59:38+00:00,rigetti:rigetti:qpu:cepheus-1-108q,ONLINE,
2026-08-19T19:59:38+00:00,aws:rigetti:qpu:cepheus-1-108q,UNAVAILABLE,
2026-08-19T19:59:38+00:00,openquantum:aqt:qpu:ibex-q1,ONLINE,
2026-08-19T19:59:38+00:00,openquantum:ionq:qpu:forte-1,ONLINE,
2026-08-19T19:59:38+00:00,openquantum:ionq:qpu:forte-enterprise,ONLINE,
2026-08-19T19:59:38+00:00,openquantum:iqm:qpu:emerald,ONLINE,
2026-08-19T19:59:38+00:00,openquantum:iqm:qpu:garnet,ONLINE,
2026-08-19T19:59:38+00:00,openquantum:rigetti:qpu:cepheus-1-108q,ONLINE,
2026-08-19T20:38:05+00:00,aws:aqt:qpu:ibex-q1,UNAVAILABLE,
2026-08-19T20:38:05+00:00,aws:quera:qpu:aquila,UNAVAILABLE,
2026-08-19T20:38:05+00:00,ibm:ibm:qpu:marrakesh,UNAVAILABLE,
2026-08-19T20:38:05+00:00,ibm:ibm:qpu:pittsburgh,ONLINE,
2026-08-19T20:38:05+00:00,azure:pasqal:qpu:fresnel,OFFLINE,
2026-08-19T20:38:05+00:00,aws:iqm:qpu:emerald,ONLINE,
2026-08-19T20:38:05+00:00,azure:ionq:qpu:forte-1,OFFLINE,
2026-08-19T20:38:05+00:00,ibm:ibm:qpu:kingston,ONLINE,
2026-08-19T20:38:05+00:00,aws:ionq:qpu:forte-1,ONLINE,
2026-08-19T20:38:05+00:00,aws:ionq:qpu:forte-enterprise-1,OFFLINE,
2026-08-19T20:38:05+00:00,ionq:ionq:qpu:forte-1,UNAVAILABLE,
2026-08-19T20:38:05+00:00,ibm:ibm:qpu:fez,ONLINE,
2026-08-19T20:38:05+00:00,aws:iqm:qpu:garnet,ONLINE,
2026-08-19T20:38:05+00:00,azure:rigetti:qpu:cepheus-1-36q,OFFLINE,
2026-08-19T20:38:05+00:00,azure:ionq:qpu:forte-enterprise-1,OFFLINE,
2026-08-19T20:38:05+00:00,ibm:ibm:qpu:boston,ONLINE,
2026-08-19T20:38:05+00:00,ibm:ibm:qpu:miami,ONLINE,
2026-08-19T20:38:05+00:00,rigetti:rigetti:qpu:cepheus-1-108q,ONLINE,
2026-08-19T20:38:05+00:00,aws:rigetti:qpu:cepheus-1-108q,UNAVAILABLE,
2026-08-19T20:38:05+00:00,openquantum:aqt:qpu:ibex-q1,ONLINE,
2026-08-19T20:38:05+00:00,openquantum:ionq:qpu:forte-1,ONLINE,
2026-08-19T20:38:05+00:00,openquantum:ionq:qpu:forte-enterprise,ONLINE,
2026-08-19T20:38:05+00:00,openquantum:iqm:qpu:emerald,ONLINE,
2026-08-19T20:38:05+00:00,openquantum:iqm:qpu:garnet,ONLINE,
2026-08-19T20:38:05+00:00,openquantum:rigetti:qpu:cepheus-1-108q,ONLINE,
2026-08-19T21:03:23+00:00,aws:aqt:qpu:ibex-q1,UNAVAILABLE,
2026-08-19T21:03:23+00:00,aws:quera:qpu:aquila,UNAVAILABLE,
2026-08-19T21:03:23+00:00,ibm:ibm:qpu:marrakesh,UNAVAILABLE,
2026-08-19T21:03:23+00:00,ibm:ibm:qpu:pittsburgh,ONLINE,
2026-08-19T21:03:23+00:00,azure:pasqal:qpu:fresnel,OFFLINE,
2026-08-19T21:03:23+00:00,aws:iqm:qpu:emerald,ONLINE,
2026-08-19T21:03:23+00:00,azure:ionq:qpu:forte-1,OFFLINE,
2026-08-19T21:03:23+00:00,ibm:ibm:qpu:kingston,ONLINE,
2026-08-19T21:03:23+00:00,aws:ionq:qpu:forte-1,ONLINE,
2026-08-19T21:03:23+00:00,aws:ionq:qpu:forte-enterprise-1,OFFLINE,
2026-08-19T21:03:23+00:00,ionq:ionq:qpu:forte-1,ONLINE,
2026-08-19T21:03:23+00:00,ibm:ibm:qpu:fez,ONLINE,
2026-08-19T21:03:23+00:00,aws:iqm:qpu:garnet,ONLINE,
2026-08-19T21:03:23+00:00,azure:rigetti:qpu:cepheus-1-36q,OFFLINE,
2026-08-19T21:03:23+00:00,azure:ionq:qpu:forte-enterprise-1,OFFLINE,
2026-08-19T21:03:23+00:00,ibm:ibm:qpu:boston,ONLINE,
2026-08-19T21:03:23+00:00,ibm:ibm:qpu:miami,ONLINE,
2026-08-19T21:03:23+00:00,rigetti:rigetti:qpu:cepheus-1-108q,ONLINE,
2026-08-19T21:03:23+00:00,aws:rigetti:qpu:cepheus-1-108q,ONLINE,
2026-08-19T21:03:23+00:00,openquantum:aqt:qpu:ibex-q1,ONLINE,
2026-08-19T21:03:23+00:00,openquantum:ionq:qpu:forte-1,ONLINE,
2026-08-19T21:03:23+00:00,openquantum:ionq:qpu:forte-enterprise,ONLINE,
2026-08-19T21:03:23+00:00,openquantum:iqm:qpu:emerald,ONLINE,
2026-08-19T21:03:23+00:00,openquantum:iqm:qpu:garnet,ONLINE,
2026-08-19T21:03:23+00:00,openquantum:rigetti:qpu:cepheus-1-108q,ONLINE,
2026-08-19T22:00:43+00:00,aws:aqt:qpu:ibex-q1,UNAVAILABLE,
2026-08-19T22:00:43+00:00,aws:quera:qpu:aquila,UNAVAILABLE,
2026-08-19T22:00:43+00:00,ibm:ibm:qpu:marrakesh,UNAVAILABLE,
2026-08-19T22:00:43+00:00,ibm:ibm:qpu:pittsburgh,ONLINE,
2026-08-19T22:00:43+00:00,azure:pasqal:qpu:fresnel,OFFLINE,
2026-08-19T22:00:43+00:00,aws:iqm:qpu:emerald,ONLINE,
2026-08-19T22:00:43+00:00,azure:ionq:qpu:forte-1,OFFLINE,
2026-08-19T22:00:43+00:00,ibm:ibm:qpu:kingston,ONLINE,
2026-08-19T22:00:43+00:00,aws:ionq:qpu:forte-1,ONLINE,
2026-08-19T22:00:43+00:00,aws:ionq:qpu:forte-enterprise-1,OFFLINE,
2026-08-19T22:00:43+00:00,ionq:ionq:qpu:forte-1,UNAVAILABLE,
2026-08-19T22:00:43+00:00,ibm:ibm:qpu:fez,ONLINE,
2026-08-19T22:00:43+00:00,aws:iqm:qpu:garnet,ONLINE,
2026-08-19T22:00:43+00:00,azure:rigetti:qpu:cepheus-1-36q,OFFLINE,
2026-08-19T22:00:43+00:00,azure:ionq:qpu:forte-enterprise-1,OFFLINE,
2026-08-19T22:00:43+00:00,ibm:ibm:qpu:boston,ONLINE,
2026-08-19T22:00:43+00:00,ibm:ibm:qpu:miami,ONLINE,
2026-08-19T22:00:43+00:00,rigetti:rigetti:qpu:cepheus-1-108q,ONLINE,
2026-08-19T22:00:43+00:00,aws:rigetti:qpu:cepheus-1-108q,ONLINE,
2026-08-19T22:00:43+00:00,openquantum:aqt:qpu:ibex-q1,ONLINE,
2026-08-19T22:00:43+00:00,openquantum:ionq:qpu:forte-1,ONLINE,
2026-08-19T22:00:43+00:00,openquantum:ionq:qpu:forte-enterprise,ONLINE,
2026-08-19T22:00:43+00:00,openquantum:iqm:qpu:emerald,ONLINE,
2026-08-19T22:00:43+00:00,openquantum:iqm:qpu:garnet,ONLINE,
2026-08-19T22:00:43+00:00,openquantum:rigetti:qpu:cepheus-1-108q,ONLINE,
2026-08-19T23:01:10+00:00,aws:aqt:qpu:ibex-q1,UNAVAILABLE,
2026-08-19T23:01:10+00:00,aws:quera:qpu:aquila,UNAVAILABLE,
2026-08-19T23:01:10+00:00,ibm:ibm:qpu:marrakesh,ONLINE,
2026-08-19T23:01:10+00:00,ibm:ibm:qpu:pittsburgh,ONLINE,
2026-08-19T23:01:10+00:00,azure:pasqal:qpu:fresnel,OFFLINE,
2026-08-19T23:01:10+00:00,aws:iqm:qpu:emerald,ONLINE,
2026-08-19T23:01:10+00:00,azure:ionq:qpu:forte-1,OFFLINE,
2026-08-19T23:01:10+00:00,ibm:ibm:qpu:kingston,ONLINE,
2026-08-19T23:01:10+00:00,aws:ionq:qpu:forte-1,ONLINE,
2026-08-19T23:01:10+00:00,aws:ionq:qpu:forte-enterprise-1,OFFLINE,
2026-08-19T23:01:10+00:00,ionq:ionq:qpu:forte-1,UNAVAILABLE,
2026-08-19T23:01:10+00:00,ibm:ibm:qpu:fez,ONLINE,
2026-08-19T23:01:10+00:00,aws:iqm:qpu:garnet,ONLINE,
2026-08-19T23:01:10+00:00,azure:rigetti:qpu:cepheus-1-36q,OFFLINE,
2026-08-19T23:01:10+00:00,azure:ionq:qpu:forte-enterprise-1,OFFLINE,
2026-08-19T23:01:10+00:00,ibm:ibm:qpu:boston,ONLINE,
2026-08-19T23:01:10+00:00,ibm:ibm:qpu:miami,ONLINE,
2026-08-19T23:01:10+00:00,rigetti:rigetti:qpu:cepheus-1-108q,ONLINE,
2026-08-19T23:01:10+00:00,aws:rigetti:qpu:cepheus-1-108q,ONLINE,
2026-08-19T23:01:10+00:00,openquantum:aqt:qpu:ibex-q1,ONLINE,
2026-08-19T23:01:10+00:00,openquantum:ionq:qpu:forte-1,ONLINE,
2026-08-19T23:01:10+00:00,openquantum:ionq:qpu:forte-enterprise,ONLINE,
2026-08-19T23:01:10+00:00,openquantum:iqm:qpu:emerald,ONLINE,
2026-08-19T23:01:10+00:00,openquantum:iqm:qpu:garnet,ONLINE,
2026-08-19T23:01:10+00:00,openquantum:rigetti:qpu:cepheus-1-108q,ONLINE,
2026-08-19T23:58:31+00:00,aws:aqt:qpu:ibex-q1,UNAVAILABLE,
2026-08-19T23:58:31+00:00,aws:quera:qpu:aquila,UNAVAILABLE,
2026-08-19T23:58:31+00:00,ibm:ibm:qpu:marrakesh,ONLINE,
2026-08-19T23:58:31+00:00,ibm:ibm:qpu:pittsburgh,ONLINE,
2026-08-19T23:58:31+00:00,azure:pasqal:qpu:fresnel,OFFLINE,
2026-08-19T23:58:31+00:00,aws:iqm:qpu:emerald,ONLINE,
2026-08-19T23:58:31+00:00,azure:ionq:qpu:forte-1,OFFLINE,
2026-08-19T23:58:31+00:00,ibm:ibm:qpu:kingston,ONLINE,
2026-08-19T23:58:31+00:00,aws:ionq:qpu:forte-1,ONLINE,
2026-08-19T23:58:31+00:00,aws:ionq:qpu:forte-enterprise-1,OFFLINE,
2026-08-19T23:58:31+00:00,ionq:ionq:qpu:forte-1,UNAVAILABLE,
2026-08-19T23:58:31+00:00,ibm:ibm:qpu:fez,ONLINE,
2026-08-19T23:58:31+00:00,aws:iqm:qpu:garnet,ONLINE,
2026-08-19T23:58:31+00:00,azure:rigetti:qpu:cepheus-1-36q,OFFLINE,
2026-08-19T23:58:31+00:00,azure:ionq:qpu:forte-enterprise-1,OFFLINE,
2026-08-19T23:58:31+00:00,ibm:ibm:qpu:boston,ONLINE,
2026-08-19T23:58:31+00:00,ibm:ibm:qpu:miami,ONLINE,
2026-08-19T23:58:31+00:00,rigetti:rigetti:qpu:cepheus-1-108q,ONLINE,
2026-08-19T23:58:31+00:00,aws:rigetti:qpu:cepheus-1-108q,ONLINE,
2026-08-19T23:58:31+00:00,openquantum:aqt:qpu:ibex-q1,ONLINE,
2026-08-19T23:58:31+00:00,openquantum:ionq:qpu:forte-1,ONLINE,
2026-08-19T23:58:31+00:00,openquantum:ionq:qpu:forte-enterprise,ONLINE,
2026-08-19T23:58:31+00:00,openquantum:iqm:qpu:emerald,ONLINE,
2026-08-19T23:58:31+00:00,openquantum:iqm:qpu:garnet,ONLINE,
2026-08-19T23:58:31+00:00,openquantum:rigetti:qpu:cepheus-1-108q,ONLINE,
2026-08-20T01:43:57+00:00,aws:aqt:qpu:ibex-q1,UNAVAILABLE,
2026-08-20T01:43:57+00:00,aws:quera:qpu:aquila,UNAVAILABLE,
2026-08-20T01:43:57+00:00,ibm:ibm:qpu:marrakesh,ONLINE,
2026-08-20T01:43:57+00:00,ibm:ibm:qpu:pittsburgh,ONLINE,
2026-08-20T01:43:57+00:00,azure:pasqal:qpu:fresnel,OFFLINE,
2026-08-20T01:43:57+00:00,aws:iqm:qpu:emerald,ONLINE,
2026-08-20T01:43:57+00:00,azure:ionq:qpu:forte-1,OFFLINE,
2026-08-20T01:43:57+00:00,ibm:ibm:qpu:kingston,ONLINE,
2026-08-20T01:43:57+00:00,aws:ionq:qpu:forte-1,ONLINE,
2026-08-20T01:43:57+00:00,aws:ionq:qpu:forte-enterprise-1,OFFLINE,
2026-08-20T01:43:57+00:00,ionq:ionq:qpu:forte-1,ONLINE,
2026-08-20T01:43:57+00:00,ibm:ibm:qpu:fez,ONLINE,
2026-08-20T01:43:57+00:00,aws:iqm:qpu:garnet,UNAVAILABLE,
2026-08-20T01:43:57+00:00,azure:rigetti:qpu:cepheus-1-36q,OFFLINE,
2026-08-20T01:43:57+00:00,azure:ionq:qpu:forte-enterprise-1,OFFLINE,
2026-08-20T01:43:57+00:00,ibm:ibm:qpu:boston,ONLINE,
2026-08-20T01:43:57+00:00,ibm:ibm:qpu:miami,ONLINE,
2026-08-20T01:43:57+00:00,rigetti:rigetti:qpu:cepheus-1-108q,ONLINE,
2026-08-20T01:43:57+00:00,aws:rigetti:qpu:cepheus-1-108q,ONLINE,
2026-08-20T01:43:57+00:00,openquantum:aqt:qpu:ibex-q1,ONLINE,
2026-08-20T01:43:57+00:00,openquantum:ionq:qpu:forte-1,ONLINE,
2026-08-20T01:43:57+00:00,openquantum:ionq:qpu:forte-enterprise,ONLINE,
2026-08-20T01:43:57+00:00,openquantum:iqm:qpu:emerald,ONLINE,
2026-08-20T01:43:57+00:00,openquantum:iqm:qpu:garnet,ONLINE,
2026-08-20T01:43:57+00:00,openquantum:rigetti:qpu:cepheus-1-108q,ONLINE,
2026-08-20T02:43:38+00:00,aws:aqt:qpu:ibex-q1,UNAVAILABLE,
2026-08-20T02:43:38+00:00,aws:quera:qpu:aquila,UNAVAILABLE,
2026-08-20T02:43:38+00:00,ibm:ibm:qpu:marrakesh,ONLINE,
2026-08-20T02:43:38+00:00,ibm:ibm:qpu:pittsburgh,ONLINE,
2026-08-20T02:43:38+00:00,azure:pasqal:qpu:fresnel,OFFLINE,
2026-08-20T02:43:38+00:00,aws:iqm:qpu:emerald,ONLINE,
2026-08-20T02:43:38+00:00,azure:ionq:qpu:forte-1,OFFLINE,
2026-08-20T02:43:38+00:00,ibm:ibm:qpu:kingston,ONLINE,
2026-08-20T02:43:38+00:00,aws:ionq:qpu:forte-1,ONLINE,
2026-08-20T02:43:38+00:00,aws:ionq:qpu:forte-enterprise-1,OFFLINE,
2026-08-20T02:43:38+00:00,ionq:ionq:qpu:forte-1,ONLINE,
2026-08-20T02:43:38+00:00,ibm:ibm:qpu:fez,ONLINE,
2026-08-20T02:43:38+00:00,aws:iqm:qpu:garnet,UNAVAILABLE,
2026-08-20T02:43:38+00:00,azure:rigetti:qpu:cepheus-1-36q,OFFLINE,
2026-08-20T02:43:38+00:00,azure:ionq:qpu:forte-enterprise-1,OFFLINE,
2026-08-20T02:43:38+00:00,ibm:ibm:qpu:boston,ONLINE,
2026-08-20T02:43:38+00:00,ibm:ibm:qpu:miami,ONLINE,
2026-08-20T02:43:38+00:00,rigetti:rigetti:qpu:cepheus-1-108q,ONLINE,
2026-08-20T02:43:38+00:00,aws:rigetti:qpu:cepheus-1-108q,ONLINE,
2026-08-20T02:43:38+00:00,openquantum:aqt:qpu:ibex-q1,ONLINE,
2026-08-20T02:43:38+00:00,openquantum:ionq:qpu:forte-1,ONLINE,
2026-08-20T02:43:38+00:00,openquantum:ionq:qpu:forte-enterprise,ONLINE,
2026-08-20T02:43:38+00:00,openquantum:iqm:qpu:emerald,ONLINE,
2026-08-20T02:43:38+00:00,openquantum:iqm:qpu:garnet,ONLINE,
2026-08-20T02:43:38+00:00,openquantum:rigetti:qpu:cepheus-1-108q,ONLINE,
2026-08-20T03:31:53+00:00,aws:aqt:qpu:ibex-q1,UNAVAILABLE,
2026-08-20T03:31:53+00:00,aws:quera:qpu:aquila,UNAVAILABLE,
2026-08-20T03:31:53+00:00,ibm:ibm:qpu:marrakesh,ONLINE,
2026-08-20T03:31:53+00:00,ibm:ibm:qpu:pittsburgh,ONLINE,
2026-08-20T03:31:53+00:00,azure:pasqal:qpu:fresnel,OFFLINE,
2026-08-20T03:31:53+00:00,aws:iqm:qpu:emerald,UNAVAILABLE,
2026-08-20T03:31:53+00:00,azure:ionq:qpu:forte-1,OFFLINE,
2026-08-20T03:31:53+00:00,ibm:ibm:qpu:kingston,ONLINE,
2026-08-20T03:31:53+00:00,aws:ionq:qpu:forte-1,ONLINE,
2026-08-20T03:31:53+00:00,aws:ionq:qpu:forte-enterprise-1,OFFLINE,
2026-08-20T03:31:53+00:00,ionq:ionq:qpu:forte-1,UNAVAILABLE,
2026-08-20T03:31:53+00:00,ibm:ibm:qpu:fez,ONLINE,
2026-08-20T03:31:53+00:00,aws:iqm:qpu:garnet,ONLINE,
2026-08-20T03:31:53+00:00,azure:rigetti:qpu:cepheus-1-36q,OFFLINE,
2026-08-20T03:31:53+00:00,azure:ionq:qpu:forte-enterprise-1,OFFLINE,
2026-08-20T03:31:53+00:00,ibm:ibm:qpu:boston,ONLINE,
2026-08-20T03:31:53+00:00,ibm:ibm:qpu:miami,ONLINE,
2026-08-20T03:31:53+00:00,rigetti:rigetti:qpu:cepheus-1-108q,ONLINE,
2026-08-20T03:31:53+00:00,aws:rigetti:qpu:cepheus-1-108q,ONLINE,
2026-08-20T03:31:53+00:00,openquantum:aqt:qpu:ibex-q1,ONLINE,
2026-08-20T03:31:53+00:00,openquantum:ionq:qpu:forte-1,ONLINE,
2026-08-20T03:31:53+00:00,openquantum:ionq:qpu:forte-enterprise,ONLINE,
2026-08-20T03:31:53+00:00,openquantum:iqm:qpu:emerald,ONLINE,
2026-08-20T03:31:53+00:00,openquantum:iqm:qpu:garnet,ONLINE,
2026-08-20T03:31:53+00:00,openquantum:rigetti:qpu:cepheus-1-108q,ONLINE,
2026-08-20T04:21:43+00:00,aws:aqt:qpu:ibex-q1,UNAVAILABLE,
2026-08-20T04:21:43+00:00,aws:quera:qpu:aquila,UNAVAILABLE,
2026-08-20T04:21:43+00:00,ibm:ibm:qpu:marrakesh,ONLINE,
2026-08-20T04:21:43+00:00,ibm:ibm:qpu:pittsburgh,ONLINE,
2026-08-20T04:21:43+00:00,azure:pasqal:qpu:fresnel,OFFLINE,
2026-08-20T04:21:43+00:00,aws:iqm:qpu:emerald,UNAVAILABLE,
2026-08-20T04:21:43+00:00,azure:ionq:qpu:forte-1,OFFLINE,
2026-08-20T04:21:43+00:00,ibm:ibm:qpu:kingston,ONLINE,
2026-08-20T04:21:43+00:00,aws:ionq:qpu:forte-1,ONLINE,
2026-08-20T04:21:43+00:00,aws:ionq:qpu:forte-enterprise-1,OFFLINE,
2026-08-20T04:21:43+00:00,ionq:ionq:qpu:forte-1,ONLINE,
2026-08-20T04:21:43+00:00,ibm:ibm:qpu:fez,ONLINE,
2026-08-20T04:21:43+00:00,aws:iqm:qpu:garnet,ONLINE,
2026-08-20T04:21:43+00:00,azure:rigetti:qpu:cepheus-1-36q,OFFLINE,
2026-08-20T04:21:43+00:00,azure:ionq:qpu:forte-enterprise-1,OFFLINE,
2026-08-20T04:21:43+00:00,ibm:ibm:qpu:boston,ONLINE,
2026-08-20T04:21:43+00:00,ibm:ibm:qpu:miami,ONLINE,
2026-08-20T04:21:43+00:00,rigetti:rigetti:qpu:cepheus-1-108q,ONLINE,
2026-08-20T04:21:43+00:00,aws:rigetti:qpu:cepheus-1-108q,ONLINE,
2026-08-20T04:21:43+00:00,openquantum:aqt:qpu:ibex-q1,ONLINE,
2026-08-20T04:21:43+00:00,openquantum:ionq:qpu:forte-1,ONLINE,
2026-08-20T04:21:43+00:00,openquantum:ionq:qpu:forte-enterprise,ONLINE,
2026-08-20T04:21:43+00:00,openquantum:iqm:qpu:emerald,ONLINE,
2026-08-20T04:21:43+00:00,openquantum:iqm:qpu:garnet,ONLINE,
2026-08-20T04:21:43+00:00,openquantum:rigetti:qpu:cepheus-1-108q,ONLINE,
2026-08-20T05:15:04+00:00,aws:aqt:qpu:ibex-q1,UNAVAILABLE,
2026-08-20T05:15:04+00:00,aws:quera:qpu:aquila,UNAVAILABLE,
2026-08-20T05:15:04+00:00,ibm:ibm:qpu:marrakesh,ONLINE,
2026-08-20T05:15:04+00:00,ibm:ibm:qpu:pittsburgh,ONLINE,
2026-08-20T05:15:04+00:00,azure:pasqal:qpu:fresnel,OFFLINE,
2026-08-20T05:15:04+00:00,aws:iqm:qpu:emerald,UNAVAILABLE,
2026-08-20T05:15:04+00:00,azure:ionq:qpu:forte-1,OFFLINE,
2026-08-20T05:15:04+00:00,ibm:ibm:qpu:kingston,ONLINE,
2026-08-20T05:15:04+00:00,aws:ionq:qpu:forte-1,ONLINE,
2026-08-20T05:15:04+00:00,aws:ionq:qpu:forte-enterprise-1,OFFLINE,
2026-08-20T05:15:04+00:00,ionq:ionq:qpu:forte-1,ONLINE,
2026-08-20T05:15:04+00:00,ibm:ibm:qpu:fez,ONLINE,
2026-08-20T05:15:04+00:00,aws:iqm:qpu:garnet,ONLINE,
2026-08-20T05:15:04+00:00,azure:rigetti:qpu:cepheus-1-36q,OFFLINE,
2026-08-20T05:15:04+00:00,azure:ionq:qpu:forte-enterprise-1,OFFLINE,
2026-08-20T05:15:04+00:00,ibm:ibm:qpu:boston,ONLINE,
2026-08-20T05:15:04+00:00,ibm:ibm:qpu:miami,ONLINE,
2026-08-20T05:15:04+00:00,rigetti:rigetti:qpu:cepheus-1-108q,ONLINE,
2026-08-20T05:15:04+00:00,aws:rigetti:qpu:cepheus-1-108q,ONLINE,
2026-08-20T05:15:04+00:00,openquantum:aqt:qpu:ibex-q1,ONLINE,
2026-08-20T05:15:04+00:00,openquantum:ionq:qpu:forte-1,ONLINE,
2026-08-20T05:15:04+00:00,openquantum:ionq:qpu:forte-enterprise,ONLINE,
2026-08-20T05:15:04+00:00,openquantum:iqm:qpu:emerald,ONLINE,
2026-08-20T05:15:04+00:00,openquantum:iqm:qpu:garnet,ONLINE,
2026-08-20T05:15:04+00:00,openquantum:rigetti:qpu:cepheus-1-108q,ONLINE,
2026-08-20T06:02:39+00:00,aws:aqt:qpu:ibex-q1,UNAVAILABLE,
2026-08-20T06:02:39+00:00,aws:quera:qpu:aquila,UNAVAILABLE,
2026-08-20T06:02:39+00:00,ibm:ibm:qpu:marrakesh,ONLINE,
2026-08-20T06:02:39+00:00,ibm:ibm:qpu:pittsburgh,ONLINE,
2026-08-20T06:02:39+00:00,azure:pasqal:qpu:fresnel,OFFLINE,
2026-08-20T06:02:39+00:00,aws:iqm:qpu:emerald,UNAVAILABLE,
2026-08-20T06:02:39+00:00,azure:ionq:qpu:forte-1,OFFLINE,
2026-08-20T06:02:39+00:00,ibm:ibm:qpu:kingston,ONLINE,
2026-08-20T06:02:39+00:00,aws:ionq:qpu:forte-1,ONLINE,
2026-08-20T06:02:39+00:00,aws:ionq:qpu:forte-enterprise-1,OFFLINE,
2026-08-20T06:02:39+00:00,ionq:ionq:qpu:forte-1,ONLINE,
2026-08-20T06:02:39+00:00,ibm:ibm:qpu:fez,ONLINE,
2026-08-20T06:02:39+00:00,aws:iqm:qpu:garnet,ONLINE,
2026-08-20T06:02:39+00:00,azure:rigetti:qpu:cepheus-1-36q,OFFLINE,
2026-08-20T06:02:39+00:00,azure:ionq:qpu:forte-enterprise-1,OFFLINE,
2026-08-20T06:02:39+00:00,ibm:ibm:qpu:boston,ONLINE,
2026-08-20T06:02:39+00:00,ibm:ibm:qpu:miami,ONLINE,
2026-08-20T06:02:39+00:00,rigetti:rigetti:qpu:cepheus-1-108q,ONLINE,
2026-08-20T06:02:39+00:00,aws:rigetti:qpu:cepheus-1-108q,ONLINE,
2026-08-20T06:02:39+00:00,openquantum:aqt:qpu:ibex-q1,ONLINE,
2026-08-20T06:02:39+00:00,openquantum:ionq:qpu:forte-1,ONLINE,
2026-08-20T06:02:39+00:00,openquantum:ionq:qpu:forte-enterprise,ONLINE,
2026-08-20T06:02:39+00:00,openquantum:iqm:qpu:emerald,ONLINE,
2026-08-20T06:02:39+00:00,openquantum:iqm:qpu:garnet,ONLINE,
2026-08-20T06:02:39+00:00,openquantum:rigetti:qpu:cepheus-1-108q,ONLINE,
2026-08-20T07:27:36+00:00,aws:aqt:qpu:ibex-q1,UNAVAILABLE,
2026-08-20T07:27:36+00:00,aws:quera:qpu:aquila,UNAVAILABLE,
2026-08-20T07:27:36+00:00,ibm:ibm:qpu:marrakesh,ONLINE,
2026-08-20T07:27:36+00:00,ibm:ibm:qpu:pittsburgh,ONLINE,
2026-08-20T07:27:36+00:00,azure:pasqal:qpu:fresnel,OFFLINE,
2026-08-20T07:27:36+00:00,aws:iqm:qpu:emerald,ONLINE,
2026-08-20T07:27:36+00:00,azure:ionq:qpu:forte-1,OFFLINE,
2026-08-20T07:27:36+00:00,ibm:ibm:qpu:kingston,ONLINE,
2026-08-20T07:27:36+00:00,aws:ionq:qpu:forte-1,ONLINE,
2026-08-20T07:27:36+00:00,aws:ionq:qpu:forte-enterprise-1,OFFLINE,
2026-08-20T07:27:36+00:00,ionq:ionq:qpu:forte-1,ONLINE,
2026-08-20T07:27:36+00:00,ibm:ibm:qpu:fez,ONLINE,
2026-08-20T07:27:36+00:00,aws:iqm:qpu:garnet,ONLINE,
2026-08-20T07:27:36+00:00,azure:rigetti:qpu:cepheus-1-36q,OFFLINE,
2026-08-20T07:27:36+00:00,azure:ionq:qpu:forte-enterprise-1,OFFLINE,
2026-08-20T07:27:36+00:00,ibm:ibm:qpu:boston,ONLINE,
2026-08-20T07:27:36+00:00,ibm:ibm:qpu:miami,ONLINE,
2026-08-20T07:27:36+00:00,rigetti:rigetti:qpu:cepheus-1-108q,ONLINE,
2026-08-20T07:27:36+00:00,aws:rigetti:qpu:cepheus-1-108q,UNAVAILABLE,
2026-08-20T07:27:36+00:00,openquantum:aqt:qpu:ibex-q1,ONLINE,
2026-08-20T07:27:36+00:00,openquantum:ionq:qpu:forte-1,ONLINE,
2026-08-20T07:27:36+00:00,openquantum:ionq:qpu:forte-enterprise,ONLINE,
2026-08-20T07:27:36+00:00,openquantum:iqm:qpu:emerald,ONLINE,
2026-08-20T07:27:36+00:00,openquantum:iqm:qpu:garnet,ONLINE,
2026-08-20T07:27:36+00:00,openquantum:rigetti:qpu:cepheus-1-108q,ONLINE,
2026-08-20T08:18:13+00:00,aws:aqt:qpu:ibex-q1,UNAVAILABLE,
2026-08-20T08:18:13+00:00,aws:quera:qpu:aquila,UNAVAILABLE,
2026-08-20T08:18:13+00:00,ibm:ibm:qpu:marrakesh,ONLINE,
2026-08-20T08:18:13+00:00,ibm:ibm:qpu:pittsburgh,ONLINE,
2026-08-20T08:18:13+00:00,azure:pasqal:qpu:fresnel,OFFLINE,
2026-08-20T08:18:13+00:00,aws:iqm:qpu:emerald,ONLINE,
2026-08-20T08:18:13+00:00,azure:ionq:qpu:forte-1,OFFLINE,
2026-08-20T08:18:13+00:00,ibm:ibm:qpu:kingston,ONLINE,
2026-08-20T08:18:13+00:00,aws:ionq:qpu:forte-1,ONLINE,
2026-08-20T08:18:13+00:00,aws:ionq:qpu:forte-enterprise-1,OFFLINE,
2026-08-20T08:18:13+00:00,ionq:ionq:qpu:forte-1,ONLINE,
2026-08-20T08:18:13+00:00,ibm:ibm:qpu:fez,ONLINE,
2026-08-20T08:18:13+00:00,aws:iqm:qpu:garnet,ONLINE,
2026-08-20T08:18:13+00:00,azure:rigetti:qpu:cepheus-1-36q,OFFLINE,
2026-08-20T08:18:13+00:00,azure:ionq:qpu:forte-enterprise-1,OFFLINE,
2026-08-20T08:18:13+00:00,ibm:ibm:qpu:boston,ONLINE,
2026-08-20T08:18:13+00:00,ibm:ibm:qpu:miami,ONLINE,
2026-08-20T08:18:13+00:00,rigetti:rigetti:qpu:cepheus-1-108q,ONLINE,
2026-08-20T08:18:13+00:00,aws:rigetti:qpu:cepheus-1-108q,UNAVAILABLE,
2026-08-20T08:18:13+00:00,openquantum:aqt:qpu:ibex-q1,ONLINE,
2026-08-20T08:18:13+00:00,openquantum:ionq:qpu:forte-1,ONLINE,
2026-08-20T08:18:13+00:00,openquantum:ionq:qpu:forte-enterprise,ONLINE,
2026-08-20T08:18:13+00:00,openquantum:iqm:qpu:emerald,ONLINE,
2026-08-20T08:18:13+00:00,openquantum:iqm:qpu:garnet,ONLINE,
2026-08-20T08:18:13+00:00,openquantum:rigetti:qpu:cepheus-1-108q,ONLINE,
2026-08-20T09:16:56+00:00,aws:aqt:qpu:ibex-q1,UNAVAILABLE,
2026-08-20T09:16:56+00:00,aws:quera:qpu:aquila,UNAVAILABLE,
2026-08-20T09:16:56+00:00,ibm:ibm:qpu:marrakesh,ONLINE,
2026-08-20T09:16:56+00:00,ibm:ibm:qpu:pittsburgh,ONLINE,
2026-08-20T09:16:56+00:00,azure:pasqal:qpu:fresnel,OFFLINE,
2026-08-20T09:16:56+00:00,aws:iqm:qpu:emerald,ONLINE,
2026-08-20T09:16:56+00:00,azure:ionq:qpu:forte-1,OFFLINE,
2026-08-20T09:16:56+00:00,ibm:ibm:qpu:kingston,ONLINE,
2026-08-20T09:16:56+00:00,aws:ionq:qpu:forte-1,ONLINE,
2026-08-20T09:16:56+00:00,aws:ionq:qpu:forte-enterprise-1,OFFLINE,
2026-08-20T09:16:56+00:00,ionq:ionq:qpu:forte-1,ONLINE,
2026-08-20T09:16:56+00:00,ibm:ibm:qpu:fez,ONLINE,
2026-08-20T09:16:56+00:00,aws:iqm:qpu:garnet,ONLINE,
2026-08-20T09:16:56+00:00,azure:rigetti:qpu:cepheus-1-36q,OFFLINE,
2026-08-20T09:16:56+00:00,azure:ionq:qpu:forte-enterprise-1,OFFLINE,
2026-08-20T09:16:56+00:00,ibm:ibm:qpu:boston,ONLINE,
2026-08-20T09:16:56+00:00,ibm:ibm:qpu:miami,ONLINE,
2026-08-20T09:16:56+00:00,rigetti:rigetti:qpu:cepheus-1-108q,ONLINE,
2026-08-20T09:16:56+00:00,aws:rigetti:qpu:cepheus-1-108q,ONLINE,
2026-08-20T09:16:56+00:00,openquantum:aqt:qpu:ibex-q1,ONLINE,
2026-08-20T09:16:56+00:00,openquantum:ionq:qpu:forte-1,ONLINE,
2026-08-20T09:16:56+00:00,openquantum:ionq:qpu:forte-enterprise,ONLINE,
2026-08-20T09:16:56+00:00,openquantum:iqm:qpu:emerald,ONLINE,
2026-08-20T09:16:56+00:00,openquantum:iqm:qpu:garnet,ONLINE,
2026-08-20T09:16:56+00:00,openquantum:rigetti:qpu:cepheus-1-108q,ONLINE,
2026-08-20T10:05:50+00:00,aws:aqt:qpu:ibex-q1,UNAVAILABLE,
2026-08-20T10:05:50+00:00,aws:quera:qpu:aquila,UNAVAILABLE,
2026-08-20T10:05:50+00:00,ibm:ibm:qpu:marrakesh,ONLINE,
2026-08-20T10:05:50+00:00,ibm:ibm:qpu:pittsburgh,ONLINE,
2026-08-20T10:05:50+00:00,azure:pasqal:qpu:fresnel,OFFLINE,
2026-08-20T10:05:50+00:00,aws:iqm:qpu:emerald,ONLINE,
2026-08-20T10:05:50+00:00,azure:ionq:qpu:forte-1,OFFLINE,
2026-08-20T10:05:50+00:00,ibm:ibm:qpu:kingston,ONLINE,
2026-08-20T10:05:50+00:00,aws:ionq:qpu:forte-1,ONLINE,
2026-08-20T10:05:50+00:00,aws:ionq:qpu:forte-enterprise-1,OFFLINE,
2026-08-20T10:05:50+00:00,ionq:ionq:qpu:forte-1,ONLINE,
2026-08-20T10:05:50+00:00,ibm:ibm:qpu:fez,ONLINE,
2026-08-20T10:05:50+00:00,aws:iqm:qpu:garnet,ONLINE,
2026-08-20T10:05:50+00:00,azure:rigetti:qpu:cepheus-1-36q,OFFLINE,
2026-08-20T10:05:50+00:00,azure:ionq:qpu:forte-enterprise-1,OFFLINE,
2026-08-20T10:05:50+00:00,ibm:ibm:qpu:boston,ONLINE,
2026-08-20T10:05:50+00:00,ibm:ibm:qpu:miami,ONLINE,
2026-08-20T10:05:50+00:00,rigetti:rigetti:qpu:cepheus-1-108q,ONLINE,
2026-08-20T10:05:50+00:00,aws:rigetti:qpu:cepheus-1-108q,ONLINE,
2026-08-20T10:05:50+00:00,openquantum:aqt:qpu:ibex-q1,ONLINE,
2026-08-20T10:05:50+00:00,openquantum:ionq:qpu:forte-1,ONLINE,
2026-08-20T10:05:50+00:00,openquantum:ionq:qpu:forte-enterprise,ONLINE,
2026-08-20T10:05:50+00:00,openquantum:iqm:qpu:emerald,ONLINE,
2026-08-20T10:05:50+00:00,openquantum:iqm:qpu:garnet,ONLINE,
2026-08-20T10:05:50+00:00,openquantum:rigetti:qpu:cepheus-1-108q,ONLINE,
2026-08-20T11:03:38+00:00,aws:aqt:qpu:ibex-q1,UNAVAILABLE,
2026-08-20T11:03:38+00:00,aws:quera:qpu:aquila,UNAVAILABLE,
2026-08-20T11:03:38+00:00,ibm:ibm:qpu:marrakesh,ONLINE,
2026-08-20T11:03:38+00:00,ibm:ibm:qpu:pittsburgh,ONLINE,
2026-08-20T11:03:38+00:00,azure:pasqal:qpu:fresnel,OFFLINE,
2026-08-20T11:03:38+00:00,aws:iqm:qpu:emerald,ONLINE,
2026-08-20T11:03:38+00:00,azure:ionq:qpu:forte-1,OFFLINE,
2026-08-20T11:03:38+00:00,ibm:ibm:qpu:kingston,ONLINE,
2026-08-20T11:03:38+00:00,aws:ionq:qpu:forte-1,ONLINE,
2026-08-20T11:03:38+00:00,aws:ionq:qpu:forte-enterprise-1,OFFLINE,
2026-08-20T11:03:38+00:00,ionq:ionq:qpu:forte-1,ONLINE,
2026-08-20T11:03:38+00:00,ibm:ibm:qpu:fez,ONLINE,
2026-08-20T11:03:38+00:00,aws:iqm:qpu:garnet,ONLINE,
2026-08-20T11:03:38+00:00,azure:rigetti:qpu:cepheus-1-36q,OFFLINE,
2026-08-20T11:03:38+00:00,azure:ionq:qpu:forte-enterprise-1,OFFLINE,
2026-08-20T11:03:38+00:00,ibm:ibm:qpu:boston,ONLINE,
2026-08-20T11:03:38+00:00,ibm:ibm:qpu:miami,ONLINE,
2026-08-20T11:03:38+00:00,rigetti:rigetti:qpu:cepheus-1-108q,ONLINE,
2026-08-20T11:03:38+00:00,aws:rigetti:qpu:cepheus-1-108q,ONLINE,
2026-08-20T11:03:38+00:00,openquantum:aqt:qpu:ibex-q1,ONLINE,
2026-08-20T11:03:38+00:00,openquantum:ionq:qpu:forte-1,ONLINE,
2026-08-20T11:03:38+00:00,openquantum:ionq:qpu:forte-enterprise,ONLINE,
2026-08-20T11:03:38+00:00,openquantum:iqm:qpu:emerald,ONLINE,
2026-08-20T11:03:38+00:00,openquantum:iqm:qpu:garnet,ONLINE,
2026-08-20T11:03:38+00:00,openquantum:rigetti:qpu:cepheus-1-108q,ONLINE,
2026-08-20T12:02:04+00:00,aws:aqt:qpu:ibex-q1,UNAVAILABLE,
2026-08-20T12:02:04+00:00,aws:quera:qpu:aquila,UNAVAILABLE,
2026-08-20T12:02:04+00:00,ibm:ibm:qpu:marrakesh,ONLINE,
2026-08-20T12:02:04+00:00,ibm:ibm:qpu:pittsburgh,ONLINE,
2026-08-20T12:02:04+00:00,azure:pasqal:qpu:fresnel,OFFLINE,
2026-08-20T12:02:04+00:00,aws:iqm:qpu:emerald,ONLINE,
2026-08-20T12:02:04+00:00,azure:ionq:qpu:forte-1,OFFLINE,
2026-08-20T12:02:04+00:00,ibm:ibm:qpu:kingston,ONLINE,
2026-08-20T12:02:04+00:00,aws:ionq:qpu:forte-1,ONLINE,
2026-08-20T12:02:04+00:00,aws:ionq:qpu:forte-enterprise-1,OFFLINE,
2026-08-20T12:02:04+00:00,ionq:ionq:qpu:forte-1,ONLINE,
2026-08-20T12:02:04+00:00,ibm:ibm:qpu:fez,ONLINE,
2026-08-20T12:02:04+00:00,aws:iqm:qpu:garnet,ONLINE,
2026-08-20T12:02:04+00:00,azure:rigetti:qpu:cepheus-1-36q,OFFLINE,
2026-08-20T12:02:04+00:00,azure:ionq:qpu:forte-enterprise-1,OFFLINE,
2026-08-20T12:02:04+00:00,ibm:ibm:qpu:boston,ONLINE,
2026-08-20T12:02:04+00:00,ibm:ibm:qpu:miami,ONLINE,
2026-08-20T12:02:04+00:00,rigetti:rigetti:qpu:cepheus-1-108q,ONLINE,
2026-08-20T12:02:04+00:00,aws:rigetti:qpu:cepheus-1-108q,ONLINE,
2026-08-20T12:02:04+00:00,openquantum:aqt:qpu:ibex-q1,ONLINE,
2026-08-20T12:02:04+00:00,openquantum:ionq:qpu:forte-1,ONLINE,
2026-08-20T12:02:04+00:00,openquantum:ionq:qpu:forte-enterprise,ONLINE,
2026-08-20T12:02:04+00:00,openquantum:iqm:qpu:emerald,ONLINE,
2026-08-20T12:02:04+00:00,openquantum:iqm:qpu:garnet,ONLINE,
2026-08-20T12:02:04+00:00,openquantum:rigetti:qpu:cepheus-1-108q,ONLINE,
2026-08-20T13:33:10+00:00,aws:aqt:qpu:ibex-q1,UNAVAILABLE,
2026-08-20T13:33:10+00:00,aws:quera:qpu:aquila,UNAVAILABLE,
2026-08-20T13:33:10+00:00,ibm:ibm:qpu:marrakesh,ONLINE,
2026-08-20T13:33:10+00:00,ibm:ibm:qpu:pittsburgh,ONLINE,
2026-08-20T13:33:10+00:00,azure:pasqal:qpu:fresnel,OFFLINE,
2026-08-20T13:33:10+00:00,aws:iqm:qpu:emerald,ONLINE,
2026-08-20T13:33:10+00:00,azure:ionq:qpu:forte-1,OFFLINE,
2026-08-20T13:33:10+00:00,ibm:ibm:qpu:kingston,ONLINE,
2026-08-20T13:33:10+00:00,aws:ionq:qpu:forte-1,ONLINE,
2026-08-20T13:33:10+00:00,aws:ionq:qpu:forte-enterprise-1,OFFLINE,
2026-08-20T13:33:10+00:00,ionq:ionq:qpu:forte-1,ONLINE,
2026-08-20T13:33:10+00:00,ibm:ibm:qpu:fez,ONLINE,
2026-08-20T13:33:10+00:00,aws:iqm:qpu:garnet,ONLINE,
2026-08-20T13:33:10+00:00,azure:rigetti:qpu:cepheus-1-36q,OFFLINE,
2026-08-20T13:33:10+00:00,azure:ionq:qpu:forte-enterprise-1,OFFLINE,
2026-08-20T13:33:10+00:00,ibm:ibm:qpu:boston,ONLINE,
2026-08-20T13:33:10+00:00,ibm:ibm:qpu:miami,ONLINE,
2026-08-20T13:33:10+00:00,rigetti:rigetti:qpu:cepheus-1-108q,ONLINE,
2026-08-20T13:33:10+00:00,aws:rigetti:qpu:cepheus-1-108q,ONLINE,
2026-08-20T13:33:10+00:00,openquantum:aqt:qpu:ibex-q1,ONLINE,
2026-08-20T13:33:10+00:00,openquantum:ionq:qpu:forte-1,ONLINE,
2026-08-20T13:33:10+00:00,openquantum:ionq:qpu:forte-enterprise,ONLINE,
2026-08-20T13:33:10+00:00,openquantum:iqm:qpu:emerald,ONLINE,
2026-08-20T13:33:10+00:00,openquantum:iqm:qpu:garnet,ONLINE,
2026-08-20T13:33:10+00:00,openquantum:rigetti:qpu:cepheus-1-108q,ONLINE,
2026-08-20T14:20:29+00:00,aws:aqt:qpu:ibex-q1,UNAVAILABLE,
2026-08-20T14:20:29+00:00,aws:quera:qpu:aquila,UNAVAILABLE,
2026-08-20T14:20:29+00:00,ibm:ibm:qpu:marrakesh,ONLINE,
2026-08-20T14:20:29+00:00,ibm:ibm:qpu:pittsburgh,ONLINE,
2026-08-20T14:20:29+00:00,azure:pasqal:qpu:fresnel,OFFLINE,
2026-08-20T14:20:29+00:00,aws:iqm:qpu:emerald,ONLINE,
2026-08-20T14:20:29+00:00,azure:ionq:qpu:forte-1,OFFLINE,
2026-08-20T14:20:29+00:00,ibm:ibm:qpu:kingston,ONLINE,
2026-08-20T14:20:29+00:00,aws:ionq:qpu:forte-1,ONLINE,
2026-08-20T14:20:29+00:00,aws:ionq:qpu:forte-enterprise-1,OFFLINE,
2026-08-20T14:20:29+00:00,ionq:ionq:qpu:forte-1,ONLINE,
2026-08-20T14:20:29+00:00,ibm:ibm:qpu:fez,ONLINE,
2026-08-20T14:20:29+00:00,aws:iqm:qpu:garnet,ONLINE,
2026-08-20T14:20:29+00:00,azure:rigetti:qpu:cepheus-1-36q,OFFLINE,
2026-08-20T14:20:29+00:00,azure:ionq:qpu:forte-enterprise-1,OFFLINE,
2026-08-20T14:20:29+00:00,ibm:ibm:qpu:boston,ONLINE,
2026-08-20T14:20:29+00:00,ibm:ibm:qpu:miami,ONLINE,
2026-08-20T14:20:29+00:00,rigetti:rigetti:qpu:cepheus-1-108q,ONLINE,
2026-08-20T14:20:29+00:00,aws:rigetti:qpu:cepheus-1-108q,ONLINE,
2026-08-20T14:20:29+00:00,openquantum:aqt:qpu:ibex-q1,ONLINE,
2026-08-20T14:20:29+00:00,openquantum:ionq:qpu:forte-1,ONLINE,
2026-08-20T14:20:29+00:00,openquantum:ionq:qpu:forte-enterprise,ONLINE,
2026-08-20T14:20:29+00:00,openquantum:iqm:qpu:emerald,ONLINE,
2026-08-20T14:20:29+00:00,openquantum:iqm:qpu:garnet,ONLINE,
2026-08-20T14:20:29+00:00,openquantum:rigetti:qpu:cepheus-1-108q,ONLINE,
2026-08-20T15:16:23+00:00,aws:aqt:qpu:ibex-q1,UNAVAILABLE,
2026-08-20T15:16:23+00:00,aws:quera:qpu:aquila,UNAVAILABLE,
2026-08-20T15:16:23+00:00,ibm:ibm:qpu:marrakesh,ONLINE,
2026-08-20T15:16:23+00:00,ibm:ibm:qpu:pittsburgh,ONLINE,
2026-08-20T15:16:23+00:00,azure:pasqal:qpu:fresnel,OFFLINE,
2026-08-20T15:16:23+00:00,aws:iqm:qpu:emerald,ONLINE,
2026-08-20T15:16:23+00:00,azure:ionq:qpu:forte-1,OFFLINE,
2026-08-20T15:16:23+00:00,ibm:ibm:qpu:kingston,ONLINE,
2026-08-20T15:16:23+00:00,aws:ionq:qpu:forte-1,ONLINE,
2026-08-20T15:16:23+00:00,aws:ionq:qpu:forte-enterprise-1,OFFLINE,
2026-08-20T15:16:23+00:00,ionq:ionq:qpu:forte-1,UNAVAILABLE,
2026-08-20T15:16:23+00:00,ibm:ibm:qpu:fez,ONLINE,
2026-08-20T15:16:23+00:00,aws:iqm:qpu:garnet,ONLINE,
2026-08-20T15:16:23+00:00,azure:rigetti:qpu:cepheus-1-36q,OFFLINE,
2026-08-20T15:16:23+00:00,azure:ionq:qpu:forte-enterprise-1,OFFLINE,
2026-08-20T15:16:23+00:00,ibm:ibm:qpu:boston,ONLINE,
2026-08-20T15:16:23+00:00,ibm:ibm:qpu:miami,ONLINE,
2026-08-20T15:16:23+00:00,rigetti:rigetti:qpu:cepheus-1-108q,ONLINE,
2026-08-20T15:16:23+00:00,aws:rigetti:qpu:cepheus-1-108q,ONLINE,
2026-08-20T15:16:23+00:00,openquantum:aqt:qpu:ibex-q1,ONLINE,
2026-08-20T15:16:23+00:00,openquantum:ionq:qpu:forte-1,ONLINE,
2026-08-20T15:16:23+00:00,openquantum:ionq:qpu:forte-enterprise,ONLINE,
2026-08-20T15:16:23+00:00,openquantum:iqm:qpu:emerald,ONLINE,
2026-08-20T15:16:23+00:00,openquantum:iqm:qpu:garnet,ONLINE,
2026-08-20T15:16:23+00:00,openquantum:rigetti:qpu:cepheus-1-108q,ONLINE,
2026-08-20T16:04:22+00:00,aws:aqt:qpu:ibex-q1,UNAVAILABLE,
2026-08-20T16:04:22+00:00,aws:quera:qpu:aquila,UNAVAILABLE,
2026-08-20T16:04:22+00:00,ibm:ibm:qpu:marrakesh,ONLINE,
2026-08-20T16:04:22+00:00,ibm:ibm:qpu:pittsburgh,ONLINE,
2026-08-20T16:04:22+00:00,azure:pasqal:qpu:fresnel,OFFLINE,
2026-08-20T16:04:22+00:00,aws:iqm:qpu:emerald,ONLINE,
2026-08-20T16:04:22+00:00,azure:ionq:qpu:forte-1,OFFLINE,
2026-08-20T16:04:22+00:00,ibm:ibm:qpu:kingston,ONLINE,
2026-08-20T16:04:22+00:00,aws:ionq:qpu:forte-1,ONLINE,
2026-08-20T16:04:22+00:00,aws:ionq:qpu:forte-enterprise-1,OFFLINE,
2026-08-20T16:04:22+00:00,ionq:ionq:qpu:forte-1,UNAVAILABLE,
2026-08-20T16:04:22+00:00,ibm:ibm:qpu:fez,ONLINE,
2026-08-20T16:04:22+00:00,aws:iqm:qpu:garnet,UNAVAILABLE,
2026-08-20T16:04:22+00:00,azure:rigetti:qpu:cepheus-1-36q,OFFLINE,
2026-08-20T16:04:22+00:00,azure:ionq:qpu:forte-enterprise-1,OFFLINE,
2026-08-20T16:04:22+00:00,ibm:ibm:qpu:boston,ONLINE,
2026-08-20T16:04:22+00:00,ibm:ibm:qpu:miami,ONLINE,
2026-08-20T16:04:22+00:00,rigetti:rigetti:qpu:cepheus-1-108q,ONLINE,
2026-08-20T16:04:22+00:00,aws:rigetti:qpu:cepheus-1-108q,ONLINE,
2026-08-20T16:04:22+00:00,openquantum:aqt:qpu:ibex-q1,ONLINE,
2026-08-20T16:04:22+00:00,openquantum:ionq:qpu:forte-1,ONLINE,
2026-08-20T16:04:22+00:00,openquantum:ionq:qpu:forte-enterprise,ONLINE,
2026-08-20T16:04:22+00:00,openquantum:iqm:qpu:emerald,ONLINE,
2026-08-20T16:04:22+00:00,openquantum:iqm:qpu:garnet,ONLINE,
2026-08-20T16:04:22+00:00,openquantum:rigetti:qpu:cepheus-1-108q,ONLINE,
2026-08-20T17:07:19+00:00,aws:aqt:qpu:ibex-q1,UNAVAILABLE,
2026-08-20T17:07:19+00:00,aws:quera:qpu:aquila,UNAVAILABLE,
2026-08-20T17:07:19+00:00,ibm:ibm:qpu:marrakesh,ONLINE,
2026-08-20T17:07:19+00:00,ibm:ibm:qpu:pittsburgh,ONLINE,
2026-08-20T17:07:19+00:00,azure:pasqal:qpu:fresnel,OFFLINE,
2026-08-20T17:07:19+00:00,aws:iqm:qpu:emerald,ONLINE,
2026-08-20T17:07:19+00:00,azure:ionq:qpu:forte-1,OFFLINE,
2026-08-20T17:07:19+00:00,ibm:ibm:qpu:kingston,ONLINE,
2026-08-20T17:07:19+00:00,aws:ionq:qpu:forte-1,ONLINE,
2026-08-20T17:07:19+00:00,aws:ionq:qpu:forte-enterprise-1,OFFLINE,
2026-08-20T17:07:19+00:00,ionq:ionq:qpu:forte-1,UNAVAILABLE,
2026-08-20T17:07:19+00:00,ibm:ibm:qpu:fez,ONLINE,
2026-08-20T17:07:19+00:00,aws:iqm:qpu:garnet,UNAVAILABLE,
2026-08-20T17:07:19+00:00,azure:rigetti:qpu:cepheus-1-36q,OFFLINE,
2026-08-20T17:07:19+00:00,azure:ionq:qpu:forte-enterprise-1,OFFLINE,
2026-08-20T17:07:19+00:00,ibm:ibm:qpu:boston,ONLINE,
2026-08-20T17:07:19+00:00,ibm:ibm:qpu:miami,ONLINE,
2026-08-20T17:07:19+00:00,rigetti:rigetti:qpu:cepheus-1-108q,ONLINE,
2026-08-20T17:07:19+00:00,aws:rigetti:qpu:cepheus-1-108q,ONLINE,
2026-08-20T17:07:19+00:00,openquantum:aqt:qpu:ibex-q1,ONLINE,
2026-08-20T17:07:19+00:00,openquantum:ionq:qpu:forte-1,ONLINE,
2026-08-20T17:07:19+00:00,openquantum:ionq:qpu:forte-enterprise,ONLINE,
2026-08-20T17:07:19+00:00,openquantum:iqm:qpu:emerald,ONLINE,
2026-08-20T17:07:19+00:00,openquantum:iqm:qpu:garnet,ONLINE,
2026-08-20T17:07:19+00:00,openquantum:rigetti:qpu:cepheus-1-108q,ONLINE,
2026-08-20T18:02:38+00:00,aws:aqt:qpu:ibex-q1,UNAVAILABLE,
2026-08-20T18:02:38+00:00,aws:quera:qpu:aquila,UNAVAILABLE,
2026-08-20T18:02:38+00:00,ibm:ibm:qpu:marrakesh,ONLINE,
2026-08-20T18:02:38+00:00,ibm:ibm:qpu:pittsburgh,ONLINE,
2026-08-20T18:02:38+00:00,azure:pasqal:qpu:fresnel,OFFLINE,
2026-08-20T18:02:38+00:00,aws:iqm:qpu:emerald,ONLINE,
2026-08-20T18:02:38+00:00,azure:ionq:qpu:forte-1,OFFLINE,
2026-08-20T18:02:38+00:00,ibm:ibm:qpu:kingston,ONLINE,
2026-08-20T18:02:38+00:00,aws:ionq:qpu:forte-1,UNAVAILABLE,
2026-08-20T18:02:38+00:00,aws:ionq:qpu:forte-enterprise-1,OFFLINE,
2026-08-20T18:02:38+00:00,ionq:ionq:qpu:forte-1,UNAVAILABLE,
2026-08-20T18:02:38+00:00,ibm:ibm:qpu:fez,ONLINE,
2026-08-20T18:02:38+00:00,aws:iqm:qpu:garnet,ONLINE,
2026-08-20T18:02:38+00:00,azure:rigetti:qpu:cepheus-1-36q,OFFLINE,
2026-08-20T18:02:38+00:00,azure:ionq:qpu:forte-enterprise-1,OFFLINE,
2026-08-20T18:02:38+00:00,ibm:ibm:qpu:boston,ONLINE,
2026-08-20T18:02:38+00:00,ibm:ibm:qpu:miami,ONLINE,
2026-08-20T18:02:38+00:00,rigetti:rigetti:qpu:cepheus-1-108q,ONLINE,
2026-08-20T18:02:38+00:00,aws:rigetti:qpu:cepheus-1-108q,ONLINE,
2026-08-20T18:02:38+00:00,openquantum:aqt:qpu:ibex-q1,ONLINE,
2026-08-20T18:02:38+00:00,openquantum:ionq:qpu:forte-1,ONLINE,
2026-08-20T18:02:38+00:00,openquantum:ionq:qpu:forte-enterprise,ONLINE,
2026-08-20T18:02:38+00:00,openquantum:iqm:qpu:emerald,ONLINE,
2026-08-20T18:02:38+00:00,openquantum:iqm:qpu:garnet,ONLINE,
2026-08-20T18:02:38+00:00,openquantum:rigetti:qpu:cepheus-1-108q,ONLINE,
2026-08-20T19:18:32+00:00,aws:aqt:qpu:ibex-q1,UNAVAILABLE,
2026-08-20T19:18:32+00:00,aws:quera:qpu:aquila,UNAVAILABLE,
2026-08-20T19:18:32+00:00,ibm:ibm:qpu:marrakesh,ONLINE,
2026-08-20T19:18:32+00:00,ibm:ibm:qpu:pittsburgh,ONLINE,
2026-08-20T19:18:32+00:00,azure:pasqal:qpu:fresnel,OFFLINE,
2026-08-20T19:18:32+00:00,aws:iqm:qpu:emerald,ONLINE,
2026-08-20T19:18:32+00:00,azure:ionq:qpu:forte-1,OFFLINE,
2026-08-20T19:18:32+00:00,ibm:ibm:qpu:kingston,ONLINE,
2026-08-20T19:18:32+00:00,aws:ionq:qpu:forte-1,ONLINE,
2026-08-20T19:18:32+00:00,aws:ionq:qpu:forte-enterprise-1,OFFLINE,
2026-08-20T19:18:32+00:00,ionq:ionq:qpu:forte-1,ONLINE,
2026-08-20T19:18:32+00:00,ibm:ibm:qpu:fez,ONLINE,
2026-08-20T19:18:32+00:00,aws:iqm:qpu:garnet,ONLINE,
2026-08-20T19:18:32+00:00,azure:rigetti:qpu:cepheus-1-36q,OFFLINE,
2026-08-20T19:18:32+00:00,azure:ionq:qpu:forte-enterprise-1,OFFLINE,
2026-08-20T19:18:32+00:00,ibm:ibm:qpu:boston,ONLINE,
2026-08-20T19:18:32+00:00,ibm:ibm:qpu:miami,ONLINE,
2026-08-20T19:18:32+00:00,rigetti:rigetti:qpu:cepheus-1-108q,ONLINE,
2026-08-20T19:18:32+00:00,aws:rigetti:qpu:cepheus-1-108q,UNAVAILABLE,
2026-08-20T19:18:32+00:00,openquantum:aqt:qpu:ibex-q1,ONLINE,
2026-08-20T19:18:32+00:00,openquantum:ionq:qpu:forte-1,ONLINE,
2026-08-20T19:18:32+00:00,openquantum:ionq:qpu:forte-enterprise,ONLINE,
2026-08-20T19:18:32+00:00,openquantum:iqm:qpu:emerald,ONLINE,
2026-08-20T19:18:32+00:00,openquantum:iqm:qpu:garnet,ONLINE,
2026-08-20T19:18:32+00:00,openquantum:rigetti:qpu:cepheus-1-108q,ONLINE,
2026-08-20T20:02:27+00:00,aws:aqt:qpu:ibex-q1,UNAVAILABLE,
2026-08-20T20:02:27+00:00,aws:quera:qpu:aquila,UNAVAILABLE,
2026-08-20T20:02:27+00:00,ibm:ibm:qpu:marrakesh,ONLINE,
2026-08-20T20:02:27+00:00,ibm:ibm:qpu:pittsburgh,ONLINE,
2026-08-20T20:02:27+00:00,azure:pasqal:qpu:fresnel,OFFLINE,
2026-08-20T20:02:27+00:00,aws:iqm:qpu:emerald,ONLINE,
2026-08-20T20:02:27+00:00,azure:ionq:qpu:forte-1,OFFLINE,
2026-08-20T20:02:27+00:00,ibm:ibm:qpu:kingston,ONLINE,
2026-08-20T20:02:27+00:00,aws:ionq:qpu:forte-1,ONLINE,
2026-08-20T20:02:27+00:00,aws:ionq:qpu:forte-enterprise-1,OFFLINE,
2026-08-20T20:02:27+00:00,ionq:ionq:qpu:forte-1,ONLINE,
2026-08-20T20:02:27+00:00,ibm:ibm:qpu:fez,ONLINE,
2026-08-20T20:02:27+00:00,aws:iqm:qpu:garnet,ONLINE,
2026-08-20T20:02:27+00:00,azure:rigetti:qpu:cepheus-1-36q,OFFLINE,
2026-08-20T20:02:27+00:00,azure:ionq:qpu:forte-enterprise-1,OFFLINE,
2026-08-20T20:02:27+00:00,ibm:ibm:qpu:boston,ONLINE,
2026-08-20T20:02:27+00:00,ibm:ibm:qpu:miami,ONLINE,
2026-08-20T20:02:27+00:00,rigetti:rigetti:qpu:cepheus-1-108q,ONLINE,
2026-08-20T20:02:27+00:00,aws:rigetti:qpu:cepheus-1-108q,UNAVAILABLE,
2026-08-20T20:02:27+00:00,openquantum:aqt:qpu:ibex-q1,ONLINE,
2026-08-20T20:02:27+00:00,openquantum:ionq:qpu:forte-1,ONLINE,
2026-08-20T20:02:27+00:00,openquantum:ionq:qpu:forte-enterprise,ONLINE,
2026-08-20T20:02:27+00:00,openquantum:iqm:qpu:emerald,ONLINE,
2026-08-20T20:02:27+00:00,openquantum:iqm:qpu:garnet,ONLINE,
2026-08-20T20:02:27+00:00,openquantum:rigetti:qpu:cepheus-1-108q,ONLINE,
2026-08-20T21:04:31+00:00,aws:aqt:qpu:ibex-q1,UNAVAILABLE,
2026-08-20T21:04:31+00:00,aws:quera:qpu:aquila,UNAVAILABLE,
2026-08-20T21:04:31+00:00,ibm:ibm:qpu:marrakesh,ONLINE,
2026-08-20T21:04:31+00:00,ibm:ibm:qpu:pittsburgh,ONLINE,
2026-08-20T21:04:31+00:00,azure:pasqal:qpu:fresnel,OFFLINE,
2026-08-20T21:04:31+00:00,aws:iqm:qpu:emerald,ONLINE,
2026-08-20T21:04:31+00:00,azure:ionq:qpu:forte-1,OFFLINE,
2026-08-20T21:04:31+00:00,ibm:ibm:qpu:kingston,ONLINE,
2026-08-20T21:04:31+00:00,aws:ionq:qpu:forte-1,ONLINE,
2026-08-20T21:04:31+00:00,aws:ionq:qpu:forte-enterprise-1,OFFLINE,
2026-08-20T21:04:31+00:00,ionq:ionq:qpu:forte-1,ONLINE,
2026-08-20T21:04:31+00:00,ibm:ibm:qpu:fez,ONLINE,
2026-08-20T21:04:31+00:00,aws:iqm:qpu:garnet,ONLINE,
2026-08-20T21:04:31+00:00,azure:rigetti:qpu:cepheus-1-36q,OFFLINE,
2026-08-20T21:04:31+00:00,azure:ionq:qpu:forte-enterprise-1,OFFLINE,
2026-08-20T21:04:31+00:00,ibm:ibm:qpu:boston,ONLINE,
2026-08-20T21:04:31+00:00,ibm:ibm:qpu:miami,ONLINE,
2026-08-20T21:04:31+00:00,rigetti:rigetti:qpu:cepheus-1-108q,ONLINE,
2026-08-20T21:04:31+00:00,aws:rigetti:qpu:cepheus-1-108q,ONLINE,
2026-08-20T21:04:31+00:00,openquantum:aqt:qpu:ibex-q1,ONLINE,
2026-08-20T21:04:31+00:00,openquantum:ionq:qpu:forte-1,ONLINE,
2026-08-20T21:04:31+00:00,openquantum:ionq:qpu:forte-enterprise,ONLINE,
2026-08-20T21:04:31+00:00,openquantum:iqm:qpu:emerald,ONLINE,
2026-08-20T21:04:31+00:00,openquantum:iqm:qpu:garnet,ONLINE,
2026-08-20T21:04:31+00:00,openquantum:rigetti:qpu:cepheus-1-108q,ONLINE,
2026-08-20T22:01:39+00:00,aws:aqt:qpu:ibex-q1,UNAVAILABLE,
2026-08-20T22:01:39+00:00,aws:quera:qpu:aquila,UNAVAILABLE,
2026-08-20T22:01:39+00:00,ibm:ibm:qpu:marrakesh,ONLINE,
2026-08-20T22:01:39+00:00,ibm:ibm:qpu:pittsburgh,ONLINE,
2026-08-20T22:01:39+00:00,azure:pasqal:qpu:fresnel,OFFLINE,
2026-08-20T22:01:39+00:00,aws:iqm:qpu:emerald,ONLINE,
2026-08-20T22:01:39+00:00,azure:ionq:qpu:forte-1,OFFLINE,
2026-08-20T22:01:39+00:00,ibm:ibm:qpu:kingston,ONLINE,
2026-08-20T22:01:39+00:00,aws:ionq:qpu:forte-1,ONLINE,
2026-08-20T22:01:39+00:00,aws:ionq:qpu:forte-enterprise-1,OFFLINE,
2026-08-20T22:01:39+00:00,ionq:ionq:qpu:forte-1,ONLINE,
2026-08-20T22:01:39+00:00,ibm:ibm:qpu:fez,ONLINE,
2026-08-20T22:01:39+00:00,aws:iqm:qpu:garnet,ONLINE,
2026-08-20T22:01:39+00:00,azure:rigetti:qpu:cepheus-1-36q,OFFLINE,
2026-08-20T22:01:39+00:00,azure:ionq:qpu:forte-enterprise-1,OFFLINE,
2026-08-20T22:01:39+00:00,ibm:ibm:qpu:boston,ONLINE,
2026-08-20T22:01:39+00:00,ibm:ibm:qpu:miami,ONLINE,
2026-08-20T22:01:39+00:00,rigetti:rigetti:qpu:cepheus-1-108q,ONLINE,
2026-08-20T22:01:39+00:00,aws:rigetti:qpu:cepheus-1-108q,ONLINE,
2026-08-20T22:01:39+00:00,openquantum:aqt:qpu:ibex-q1,ONLINE,
2026-08-20T22:01:39+00:00,openquantum:ionq:qpu:forte-1,ONLINE,
2026-08-20T22:01:39+00:00,openquantum:ionq:qpu:forte-enterprise,ONLINE,
2026-08-20T22:01:39+00:00,openquantum:iqm:qpu:emerald,ONLINE,
2026-08-20T22:01:39+00:00,openquantum:iqm:qpu:garnet,ONLINE,
2026-08-20T22:01:39+00:00,openquantum:rigetti:qpu:cepheus-1-108q,ONLINE,
2026-08-20T23:02:54+00:00,aws:aqt:qpu:ibex-q1,UNAVAILABLE,
2026-08-20T23:02:54+00:00,aws:quera:qpu:aquila,UNAVAILABLE,
2026-08-20T23:02:54+00:00,ibm:ibm:qpu:marrakesh,ONLINE,
2026-08-20T23:02:54+00:00,ibm:ibm:qpu:pittsburgh,ONLINE,
2026-08-20T23:02:54+00:00,azure:pasqal:qpu:fresnel,OFFLINE,
2026-08-20T23:02:54+00:00,aws:iqm:qpu:emerald,ONLINE,
2026-08-20T23:02:54+00:00,azure:ionq:qpu:forte-1,OFFLINE,
2026-08-20T23:02:54+00:00,ibm:ibm:qpu:kingston,ONLINE,
2026-08-20T23:02:54+00:00,aws:ionq:qpu:forte-1,ONLINE,
2026-08-20T23:02:54+00:00,aws:ionq:qpu:forte-enterprise-1,OFFLINE,
2026-08-20T23:02:54+00:00,ionq:ionq:qpu:forte-1,ONLINE,
2026-08-20T23:02:54+00:00,ibm:ibm:qpu:fez,ONLINE,
2026-08-20T23:02:54+00:00,aws:iqm:qpu:garnet,ONLINE,
2026-08-20T23:02:54+00:00,azure:rigetti:qpu:cepheus-1-36q,OFFLINE,
2026-08-20T23:02:54+00:00,azure:ionq:qpu:forte-enterprise-1,OFFLINE,
2026-08-20T23:02:54+00:00,ibm:ibm:qpu:boston,ONLINE,
2026-08-20T23:02:54+00:00,ibm:ibm:qpu:miami,ONLINE,
2026-08-20T23:02:54+00:00,rigetti:rigetti:qpu:cepheus-1-108q,ONLINE,
2026-08-20T23:02:54+00:00,aws:rigetti:qpu:cepheus-1-108q,ONLINE,
2026-08-20T23:02:54+00:00,openquantum:aqt:qpu:ibex-q1,ONLINE,
2026-08-20T23:02:54+00:00,openquantum:ionq:qpu:forte-1,ONLINE,
2026-08-20T23:02:54+00:00,openquantum:ionq:qpu:forte-enterprise,ONLINE,
2026-08-20T23:02:54+00:00,openquantum:iqm:qpu:emerald,ONLINE,
2026-08-20T23:02:54+00:00,openquantum:iqm:qpu:garnet,ONLINE,
2026-08-20T23:02:54+00:00,openquantum:rigetti:qpu:cepheus-1-108q,ONLINE,
2026-08-21T00:00:00+00:00,aws:aqt:qpu:ibex-q1,UNAVAILABLE,
2026-08-21T00:00:00+00:00,aws:quera:qpu:aquila,UNAVAILABLE,
2026-08-21T00:00:00+00:00,ibm:ibm:qpu:marrakesh,ONLINE,
2026-08-21T00:00:00+00:00,ibm:ibm:qpu:pittsburgh,ONLINE,
2026-08-21T00:00:00+00:00,azure:pasqal:qpu:fresnel,OFFLINE,
2026-08-21T00:00:00+00:00,aws:iqm:qpu:emerald,ONLINE,
2026-08-21T00:00:00+00:00,azure:ionq:qpu:forte-1,OFFLINE,
2026-08-21T00:00:00+00:00,ibm:ibm:qpu:kingston,ONLINE,
2026-08-21T00:00:00+00:00,aws:ionq:qpu:forte-1,ONLINE,
2026-08-21T00:00:00+00:00,aws:ionq:qpu:forte-enterprise-1,OFFLINE,
2026-08-21T00:00:00+00:00,ionq:ionq:qpu:forte-1,ONLINE,
2026-08-21T00:00:00+00:00,ibm:ibm:qpu:fez,ONLINE,
2026-08-21T00:00:00+00:00,aws:iqm:qpu:garnet,ONLINE,
2026-08-21T00:00:00+00:00,azure:rigetti:qpu:cepheus-1-36q,OFFLINE,
2026-08-21T00:00:00+00:00,azure:ionq:qpu:forte-enterprise-1,OFFLINE,
2026-08-21T00:00:00+00:00,ibm:ibm:qpu:boston,ONLINE,
2026-08-21T00:00:00+00:00,ibm:ibm:qpu:miami,ONLINE,
2026-08-21T00:00:00+00:00,rigetti:rigetti:qpu:cepheus-1-108q,ONLINE,
2026-08-21T00:00:00+00:00,aws:rigetti:qpu:cepheus-1-108q,ONLINE,
2026-08-21T00:00:00+00:00,openquantum:aqt:qpu:ibex-q1,ONLINE,
2026-08-21T00:00:00+00:00,openquantum:ionq:qpu:forte-1,ONLINE,
2026-08-21T00:00:00+00:00,openquantum:ionq:qpu:forte-enterprise,ONLINE,
2026-08-21T00:00:00+00:00,openquantum:iqm:qpu:emerald,ONLINE,
2026-08-21T00:00:00+00:00,openquantum:iqm:qpu:garnet,ONLINE,
2026-08-21T00:00:00+00:00,openquantum:rigetti:qpu:cepheus-1-108q,ONLINE,
2026-08-21T01:51:23+00:00,aws:aqt:qpu:ibex-q1,UNAVAILABLE,
2026-08-21T01:51:23+00:00,aws:quera:qpu:aquila,UNAVAILABLE,
2026-08-21T01:51:23+00:00,ibm:ibm:qpu:marrakesh,ONLINE,
2026-08-21T01:51:23+00:00,ibm:ibm:qpu:pittsburgh,ONLINE,
2026-08-21T01:51:23+00:00,azure:pasqal:qpu:fresnel,OFFLINE,
2026-08-21T01:51:23+00:00,aws:iqm:qpu:emerald,ONLINE,
2026-08-21T01:51:23+00:00,azure:ionq:qpu:forte-1,OFFLINE,
2026-08-21T01:51:23+00:00,ibm:ibm:qpu:kingston,ONLINE,
2026-08-21T01:51:23+00:00,aws:ionq:qpu:forte-1,ONLINE,
2026-08-21T01:51:23+00:00,aws:ionq:qpu:forte-enterprise-1,OFFLINE,
2026-08-21T01:51:23+00:00,ionq:ionq:qpu:forte-1,UNAVAILABLE,
2026-08-21T01:51:23+00:00,ibm:ibm:qpu:fez,ONLINE,
2026-08-21T01:51:23+00:00,aws:iqm:qpu:garnet,UNAVAILABLE,
2026-08-21T01:51:23+00:00,azure:rigetti:qpu:cepheus-1-36q,OFFLINE,
2026-08-21T01:51:23+00:00,azure:ionq:qpu:forte-enterprise-1,OFFLINE,
2026-08-21T01:51:23+00:00,ibm:ibm:qpu:boston,ONLINE,
2026-08-21T01:51:23+00:00,ibm:ibm:qpu:miami,ONLINE,
2026-08-21T01:51:23+00:00,rigetti:rigetti:qpu:cepheus-1-108q,ONLINE,
2026-08-21T01:51:23+00:00,aws:rigetti:qpu:cepheus-1-108q,ONLINE,
2026-08-21T01:51:23+00:00,openquantum:aqt:qpu:ibex-q1,ONLINE,
2026-08-21T01:51:23+00:00,openquantum:ionq:qpu:forte-1,ONLINE,
2026-08-21T01:51:23+00:00,openquantum:ionq:qpu:forte-enterprise,ONLINE,
2026-08-21T01:51:23+00:00,openquantum:iqm:qpu:emerald,ONLINE,
2026-08-21T01:51:23+00:00,openquantum:iqm:qpu:garnet,ONLINE,
2026-08-21T01:51:23+00:00,openquantum:rigetti:qpu:cepheus-1-108q,ONLINE,
2026-08-21T03:01:46+00:00,aws:aqt:qpu:ibex-q1,UNAVAILABLE,
2026-08-21T03:01:46+00:00,aws:quera:qpu:aquila,UNAVAILABLE,
2026-08-21T03:01:46+00:00,ibm:ibm:qpu:marrakesh,ONLINE,
2026-08-21T03:01:46+00:00,ibm:ibm:qpu:pittsburgh,ONLINE,
2026-08-21T03:01:46+00:00,azure:pasqal:qpu:fresnel,OFFLINE,
2026-08-21T03:01:46+00:00,aws:iqm:qpu:emerald,ONLINE,
2026-08-21T03:01:46+00:00,azure:ionq:qpu:forte-1,OFFLINE,
2026-08-21T03:01:46+00:00,ibm:ibm:qpu:kingston,ONLINE,
2026-08-21T03:01:46+00:00,aws:ionq:qpu:forte-1,ONLINE,
2026-08-21T03:01:46+00:00,aws:ionq:qpu:forte-enterprise-1,OFFLINE,
2026-08-21T03:01:46+00:00,ionq:ionq:qpu:forte-1,ONLINE,
2026-08-21T03:01:46+00:00,ibm:ibm:qpu:fez,ONLINE,
2026-08-21T03:01:46+00:00,aws:iqm:qpu:garnet,UNAVAILABLE,
2026-08-21T03:01:46+00:00,azure:rigetti:qpu:cepheus-1-36q,OFFLINE,
2026-08-21T03:01:46+00:00,azure:ionq:qpu:forte-enterprise-1,OFFLINE,
2026-08-21T03:01:46+00:00,ibm:ibm:qpu:boston,ONLINE,
2026-08-21T03:01:46+00:00,ibm:ibm:qpu:miami,ONLINE,
2026-08-21T03:01:46+00:00,rigetti:rigetti:qpu:cepheus-1-108q,ONLINE,
2026-08-21T03:01:46+00:00,aws:rigetti:qpu:cepheus-1-108q,ONLINE,
2026-08-21T03:01:46+00:00,openquantum:aqt:qpu:ibex-q1,ONLINE,
2026-08-21T03:01:46+00:00,openquantum:ionq:qpu:forte-1,ONLINE,
2026-08-21T03:01:46+00:00,openquantum:ionq:qpu:forte-enterprise,ONLINE,
2026-08-21T03:01:46+00:00,openquantum:iqm:qpu:emerald,ONLINE,
2026-08-21T03:01:46+00:00,openquantum:iqm:qpu:garnet,ONLINE,
2026-08-21T03:01:46+00:00,openquantum:rigetti:qpu:cepheus-1-108q,ONLINE,
2026-08-21T04:23:16+00:00,aws:aqt:qpu:ibex-q1,UNAVAILABLE,
2026-08-21T04:23:16+00:00,aws:quera:qpu:aquila,ONLINE,
2026-08-21T04:23:16+00:00,ibm:ibm:qpu:marrakesh,ONLINE,
2026-08-21T04:23:16+00:00,ibm:ibm:qpu:pittsburgh,ONLINE,
2026-08-21T04:23:16+00:00,azure:pasqal:qpu:fresnel,OFFLINE,
2026-08-21T04:23:16+00:00,aws:iqm:qpu:emerald,UNAVAILABLE,
2026-08-21T04:23:16+00:00,azure:ionq:qpu:forte-1,OFFLINE,
2026-08-21T04:23:16+00:00,ibm:ibm:qpu:kingston,ONLINE,
2026-08-21T04:23:16+00:00,aws:ionq:qpu:forte-1,ONLINE,
2026-08-21T04:23:16+00:00,aws:ionq:qpu:forte-enterprise-1,OFFLINE,
2026-08-21T04:23:16+00:00,ionq:ionq:qpu:forte-1,ONLINE,
2026-08-21T04:23:16+00:00,ibm:ibm:qpu:fez,ONLINE,
2026-08-21T04:23:16+00:00,aws:iqm:qpu:garnet,ONLINE,
2026-08-21T04:23:16+00:00,azure:rigetti:qpu:cepheus-1-36q,OFFLINE,
2026-08-21T04:23:16+00:00,azure:ionq:qpu:forte-enterprise-1,OFFLINE,
2026-08-21T04:23:16+00:00,ibm:ibm:qpu:boston,ONLINE,
2026-08-21T04:23:16+00:00,ibm:ibm:qpu:miami,ONLINE,
2026-08-21T04:23:16+00:00,rigetti:rigetti:qpu:cepheus-1-108q,ONLINE,
2026-08-21T04:23:16+00:00,aws:rigetti:qpu:cepheus-1-108q,ONLINE,
2026-08-21T04:23:16+00:00,openquantum:aqt:qpu:ibex-q1,ONLINE,
2026-08-21T04:23:16+00:00,openquantum:ionq:qpu:forte-1,ONLINE,
2026-08-21T04:23:16+00:00,openquantum:ionq:qpu:forte-enterprise,ONLINE,
2026-08-21T04:23:16+00:00,openquantum:iqm:qpu:emerald,ONLINE,
2026-08-21T04:23:16+00:00,openquantum:iqm:qpu:garnet,ONLINE,
2026-08-21T04:23:16+00:00,openquantum:rigetti:qpu:cepheus-1-108q,ONLINE,
2026-08-21T05:16:09+00:00,aws:aqt:qpu:ibex-q1,UNAVAILABLE,
2026-08-21T05:16:09+00:00,aws:quera:qpu:aquila,ONLINE,
2026-08-21T05:16:09+00:00,ibm:ibm:qpu:marrakesh,ONLINE,
2026-08-21T05:16:09+00:00,ibm:ibm:qpu:pittsburgh,ONLINE,
2026-08-21T05:16:09+00:00,azure:pasqal:qpu:fresnel,OFFLINE,
2026-08-21T05:16:09+00:00,aws:iqm:qpu:emerald,UNAVAILABLE,
2026-08-21T05:16:09+00:00,azure:ionq:qpu:forte-1,OFFLINE,
2026-08-21T05:16:09+00:00,ibm:ibm:qpu:kingston,ONLINE,
2026-08-21T05:16:09+00:00,aws:ionq:qpu:forte-1,ONLINE,
2026-08-21T05:16:09+00:00,aws:ionq:qpu:forte-enterprise-1,OFFLINE,
2026-08-21T05:16:09+00:00,ionq:ionq:qpu:forte-1,ONLINE,
2026-08-21T05:16:09+00:00,ibm:ibm:qpu:fez,ONLINE,
2026-08-21T05:16:09+00:00,aws:iqm:qpu:garnet,ONLINE,
2026-08-21T05:16:09+00:00,azure:rigetti:qpu:cepheus-1-36q,OFFLINE,
2026-08-21T05:16:09+00:00,azure:ionq:qpu:forte-enterprise-1,OFFLINE,
2026-08-21T05:16:09+00:00,ibm:ibm:qpu:boston,ONLINE,
2026-08-21T05:16:09+00:00,ibm:ibm:qpu:miami,ONLINE,
2026-08-21T05:16:09+00:00,rigetti:rigetti:qpu:cepheus-1-108q,ONLINE,
2026-08-21T05:16:09+00:00,aws:rigetti:qpu:cepheus-1-108q,ONLINE,
2026-08-21T05:16:09+00:00,openquantum:aqt:qpu:ibex-q1,ONLINE,
2026-08-21T05:16:09+00:00,openquantum:ionq:qpu:forte-1,ONLINE,
2026-08-21T05:16:09+00:00,openquantum:ionq:qpu:forte-enterprise,ONLINE,
2026-08-21T05:16:09+00:00,openquantum:iqm:qpu:emerald,ONLINE,
2026-08-21T05:16:09+00:00,openquantum:iqm:qpu:garnet,ONLINE,
2026-08-21T05:16:09+00:00,openquantum:rigetti:qpu:cepheus-1-108q,ONLINE,
2026-08-21T06:04:06+00:00,aws:aqt:qpu:ibex-q1,UNAVAILABLE,
2026-08-21T06:04:06+00:00,aws:quera:qpu:aquila,ONLINE,
2026-08-21T06:04:06+00:00,ibm:ibm:qpu:marrakesh,ONLINE,
2026-08-21T06:04:06+00:00,ibm:ibm:qpu:pittsburgh,ONLINE,
2026-08-21T06:04:06+00:00,azure:pasqal:qpu:fresnel,OFFLINE,
2026-08-21T06:04:06+00:00,aws:iqm:qpu:emerald,UNAVAILABLE,
2026-08-21T06:04:06+00:00,azure:ionq:qpu:forte-1,OFFLINE,
2026-08-21T06:04:06+00:00,ibm:ibm:qpu:kingston,ONLINE,
2026-08-21T06:04:06+00:00,aws:ionq:qpu:forte-1,ONLINE,
2026-08-21T06:04:06+00:00,aws:ionq:qpu:forte-enterprise-1,OFFLINE,
2026-08-21T06:04:06+00:00,ionq:ionq:qpu:forte-1,ONLINE,
2026-08-21T06:04:06+00:00,ibm:ibm:qpu:fez,ONLINE,
2026-08-21T06:04:06+00:00,aws:iqm:qpu:garnet,ONLINE,
2026-08-21T06:04:06+00:00,azure:rigetti:qpu:cepheus-1-36q,OFFLINE,
2026-08-21T06:04:06+00:00,azure:ionq:qpu:forte-enterprise-1,OFFLINE,
2026-08-21T06:04:06+00:00,ibm:ibm:qpu:boston,ONLINE,
2026-08-21T06:04:06+00:00,ibm:ibm:qpu:miami,ONLINE,
2026-08-21T06:04:06+00:00,rigetti:rigetti:qpu:cepheus-1-108q,ONLINE,
2026-08-21T06:04:06+00:00,aws:rigetti:qpu:cepheus-1-108q,ONLINE,
2026-08-21T06:04:06+00:00,openquantum:aqt:qpu:ibex-q1,ONLINE,
2026-08-21T06:04:06+00:00,openquantum:ionq:qpu:forte-1,ONLINE,
2026-08-21T06:04:06+00:00,openquantum:ionq:qpu:forte-enterprise,ONLINE,
2026-08-21T06:04:06+00:00,openquantum:iqm:qpu:emerald,ONLINE,
2026-08-21T06:04:06+00:00,openquantum:iqm:qpu:garnet,ONLINE,
2026-08-21T06:04:06+00:00,openquantum:rigetti:qpu:cepheus-1-108q,ONLINE,
2026-08-21T07:29:09+00:00,aws:aqt:qpu:ibex-q1,UNAVAILABLE,
2026-08-21T07:29:09+00:00,aws:quera:qpu:aquila,ONLINE,
2026-08-21T07:29:09+00:00,ibm:ibm:qpu:marrakesh,ONLINE,
2026-08-21T07:29:09+00:00,ibm:ibm:qpu:pittsburgh,ONLINE,
2026-08-21T07:29:09+00:00,azure:pasqal:qpu:fresnel,OFFLINE,
2026-08-21T07:29:09+00:00,aws:iqm:qpu:emerald,ONLINE,
2026-08-21T07:29:09+00:00,azure:ionq:qpu:forte-1,OFFLINE,
2026-08-21T07:29:09+00:00,ibm:ibm:qpu:kingston,ONLINE,
2026-08-21T07:29:09+00:00,aws:ionq:qpu:forte-1,ONLINE,
2026-08-21T07:29:09+00:00,aws:ionq:qpu:forte-enterprise-1,OFFLINE,
2026-08-21T07:29:09+00:00,ionq:ionq:qpu:forte-1,ONLINE,
2026-08-21T07:29:09+00:00,ibm:ibm:qpu:fez,ONLINE,
2026-08-21T07:29:09+00:00,aws:iqm:qpu:garnet,ONLINE,
2026-08-21T07:29:09+00:00,azure:rigetti:qpu:cepheus-1-36q,OFFLINE,
2026-08-21T07:29:09+00:00,azure:ionq:qpu:forte-enterprise-1,OFFLINE,
2026-08-21T07:29:09+00:00,ibm:ibm:qpu:boston,ONLINE,
2026-08-21T07:29:09+00:00,ibm:ibm:qpu:miami,ONLINE,
2026-08-21T07:29:09+00:00,rigetti:rigetti:qpu:cepheus-1-108q,ONLINE,
2026-08-21T07:29:09+00:00,aws:rigetti:qpu:cepheus-1-108q,UNAVAILABLE,
2026-08-21T07:29:09+00:00,openquantum:aqt:qpu:ibex-q1,ONLINE,
2026-08-21T07:29:09+00:00,openquantum:ionq:qpu:forte-1,ONLINE,
2026-08-21T07:29:09+00:00,openquantum:ionq:qpu:forte-enterprise,ONLINE,
2026-08-21T07:29:09+00:00,openquantum:iqm:qpu:emerald,ONLINE,
2026-08-21T07:29:09+00:00,openquantum:iqm:qpu:garnet,ONLINE,
2026-08-21T07:29:09+00:00,openquantum:rigetti:qpu:cepheus-1-108q,ONLINE,
2026-08-21T08:19:28+00:00,aws:aqt:qpu:ibex-q1,ONLINE,
2026-08-21T08:19:28+00:00,aws:quera:qpu:aquila,ONLINE,
2026-08-21T08:19:28+00:00,ibm:ibm:qpu:marrakesh,ONLINE,
2026-08-21T08:19:28+00:00,ibm:ibm:qpu:pittsburgh,UNAVAILABLE,
2026-08-21T08:19:28+00:00,azure:pasqal:qpu:fresnel,OFFLINE,
2026-08-21T08:19:28+00:00,aws:iqm:qpu:emerald,ONLINE,
2026-08-21T08:19:28+00:00,azure:ionq:qpu:forte-1,OFFLINE,
2026-08-21T08:19:28+00:00,ibm:ibm:qpu:kingston,ONLINE,
2026-08-21T08:19:28+00:00,aws:ionq:qpu:forte-1,ONLINE,
2026-08-21T08:19:28+00:00,aws:ionq:qpu:forte-enterprise-1,OFFLINE,
2026-08-21T08:19:28+00:00,ionq:ionq:qpu:forte-1,ONLINE,
2026-08-21T08:19:28+00:00,ibm:ibm:qpu:fez,ONLINE,
2026-08-21T08:19:28+00:00,aws:iqm:qpu:garnet,ONLINE,
2026-08-21T08:19:28+00:00,azure:rigetti:qpu:cepheus-1-36q,OFFLINE,
2026-08-21T08:19:28+00:00,azure:ionq:qpu:forte-enterprise-1,OFFLINE,
2026-08-21T08:19:28+00:00,ibm:ibm:qpu:boston,ONLINE,
2026-08-21T08:19:28+00:00,ibm:ibm:qpu:miami,ONLINE,
2026-08-21T08:19:28+00:00,rigetti:rigetti:qpu:cepheus-1-108q,ONLINE,
2026-08-21T08:19:28+00:00,aws:rigetti:qpu:cepheus-1-108q,UNAVAILABLE,
2026-08-21T08:19:28+00:00,openquantum:aqt:qpu:ibex-q1,ONLINE,
2026-08-21T08:19:28+00:00,openquantum:ionq:qpu:forte-1,ONLINE,
2026-08-21T08:19:28+00:00,openquantum:ionq:qpu:forte-enterprise,ONLINE,
2026-08-21T08:19:28+00:00,openquantum:iqm:qpu:emerald,ONLINE,
2026-08-21T08:19:28+00:00,openquantum:iqm:qpu:garnet,ONLINE,
2026-08-21T08:19:28+00:00,openquantum:rigetti:qpu:cepheus-1-108q,ONLINE,
2026-08-21T09:19:25+00:00,aws:aqt:qpu:ibex-q1,ONLINE,
2026-08-21T09:19:25+00:00,aws:quera:qpu:aquila,ONLINE,
2026-08-21T09:19:25+00:00,ibm:ibm:qpu:marrakesh,ONLINE,
2026-08-21T09:19:25+00:00,ibm:ibm:qpu:pittsburgh,UNAVAILABLE,
2026-08-21T09:19:25+00:00,azure:pasqal:qpu:fresnel,OFFLINE,
2026-08-21T09:19:25+00:00,aws:iqm:qpu:emerald,ONLINE,
2026-08-21T09:19:25+00:00,azure:ionq:qpu:forte-1,OFFLINE,
2026-08-21T09:19:25+00:00,ibm:ibm:qpu:kingston,ONLINE,
2026-08-21T09:19:25+00:00,aws:ionq:qpu:forte-1,ONLINE,
2026-08-21T09:19:25+00:00,aws:ionq:qpu:forte-enterprise-1,OFFLINE,
2026-08-21T09:19:25+00:00,ionq:ionq:qpu:forte-1,ONLINE,
2026-08-21T09:19:25+00:00,ibm:ibm:qpu:fez,ONLINE,
2026-08-21T09:19:25+00:00,aws:iqm:qpu:garnet,ONLINE,
2026-08-21T09:19:25+00:00,azure:rigetti:qpu:cepheus-1-36q,OFFLINE,
2026-08-21T09:19:25+00:00,azure:ionq:qpu:forte-enterprise-1,OFFLINE,
2026-08-21T09:19:25+00:00,ibm:ibm:qpu:boston,ONLINE,
2026-08-21T09:19:25+00:00,ibm:ibm:qpu:miami,ONLINE,
2026-08-21T09:19:25+00:00,rigetti:rigetti:qpu:cepheus-1-108q,ONLINE,
2026-08-21T09:19:25+00:00,aws:rigetti:qpu:cepheus-1-108q,ONLINE,
2026-08-21T09:19:25+00:00,openquantum:aqt:qpu:ibex-q1,ONLINE,
2026-08-21T09:19:25+00:00,openquantum:ionq:qpu:forte-1,ONLINE,
2026-08-21T09:19:25+00:00,openquantum:ionq:qpu:forte-enterprise,ONLINE,
2026-08-21T09:19:25+00:00,openquantum:iqm:qpu:emerald,ONLINE,
2026-08-21T09:19:25+00:00,openquantum:iqm:qpu:garnet,ONLINE,
2026-08-21T09:19:25+00:00,openquantum:rigetti:qpu:cepheus-1-108q,ONLINE,
2026-08-21T10:07:02+00:00,aws:aqt:qpu:ibex-q1,ONLINE,
2026-08-21T10:07:02+00:00,aws:quera:qpu:aquila,ONLINE,
2026-08-21T10:07:02+00:00,ibm:ibm:qpu:marrakesh,ONLINE,
2026-08-21T10:07:02+00:00,ibm:ibm:qpu:pittsburgh,UNAVAILABLE,
2026-08-21T10:07:02+00:00,azure:pasqal:qpu:fresnel,OFFLINE,
2026-08-21T10:07:02+00:00,aws:iqm:qpu:emerald,ONLINE,
2026-08-21T10:07:02+00:00,azure:ionq:qpu:forte-1,OFFLINE,
2026-08-21T10:07:02+00:00,ibm:ibm:qpu:kingston,ONLINE,
2026-08-21T10:07:02+00:00,aws:ionq:qpu:forte-1,ONLINE,
2026-08-21T10:07:02+00:00,aws:ionq:qpu:forte-enterprise-1,OFFLINE,
2026-08-21T10:07:02+00:00,ionq:ionq:qpu:forte-1,ONLINE,
2026-08-21T10:07:02+00:00,ibm:ibm:qpu:fez,ONLINE,
2026-08-21T10:07:02+00:00,aws:iqm:qpu:garnet,ONLINE,
2026-08-21T10:07:02+00:00,azure:rigetti:qpu:cepheus-1-36q,OFFLINE,
2026-08-21T10:07:02+00:00,azure:ionq:qpu:forte-enterprise-1,OFFLINE,
2026-08-21T10:07:02+00:00,ibm:ibm:qpu:boston,ONLINE,
2026-08-21T10:07:02+00:00,ibm:ibm:qpu:miami,ONLINE,
2026-08-21T10:07:02+00:00,rigetti:rigetti:qpu:cepheus-1-108q,ONLINE,
2026-08-21T10:07:02+00:00,aws:rigetti:qpu:cepheus-1-108q,ONLINE,
2026-08-21T10:07:02+00:00,openquantum:aqt:qpu:ibex-q1,ONLINE,
2026-08-21T10:07:02+00:00,openquantum:ionq:qpu:forte-1,ONLINE,
2026-08-21T10:07:02+00:00,openquantum:ionq:qpu:forte-enterprise,ONLINE,
2026-08-21T10:07:02+00:00,openquantum:iqm:qpu:emerald,ONLINE,
2026-08-21T10:07:02+00:00,openquantum:iqm:qpu:garnet,ONLINE,
2026-08-21T10:07:02+00:00,openquantum:rigetti:qpu:cepheus-1-108q,ONLINE,
2026-08-21T11:03:02+00:00,aws:aqt:qpu:ibex-q1,ONLINE,
2026-08-21T11:03:02+00:00,aws:quera:qpu:aquila,ONLINE,
2026-08-21T11:03:02+00:00,ibm:ibm:qpu:marrakesh,ONLINE,
2026-08-21T11:03:02+00:00,ibm:ibm:qpu:pittsburgh,UNAVAILABLE,
2026-08-21T11:03:02+00:00,azure:pasqal:qpu:fresnel,OFFLINE,
2026-08-21T11:03:02+00:00,aws:iqm:qpu:emerald,ONLINE,
2026-08-21T11:03:02+00:00,azure:ionq:qpu:forte-1,OFFLINE,
2026-08-21T11:03:02+00:00,ibm:ibm:qpu:kingston,ONLINE,
2026-08-21T11:03:02+00:00,aws:ionq:qpu:forte-1,ONLINE,
2026-08-21T11:03:02+00:00,aws:ionq:qpu:forte-enterprise-1,OFFLINE,
2026-08-21T11:03:02+00:00,ionq:ionq:qpu:forte-1,ONLINE,
2026-08-21T11:03:02+00:00,ibm:ibm:qpu:fez,ONLINE,
2026-08-21T11:03:02+00:00,aws:iqm:qpu:garnet,ONLINE,
2026-08-21T11:03:02+00:00,azure:rigetti:qpu:cepheus-1-36q,OFFLINE,
2026-08-21T11:03:02+00:00,azure:ionq:qpu:forte-enterprise-1,OFFLINE,
2026-08-21T11:03:02+00:00,ibm:ibm:qpu:boston,ONLINE,
2026-08-21T11:03:02+00:00,ibm:ibm:qpu:miami,ONLINE,
2026-08-21T11:03:02+00:00,rigetti:rigetti:qpu:cepheus-1-108q,ONLINE,
2026-08-21T11:03:02+00:00,aws:rigetti:qpu:cepheus-1-108q,ONLINE,
2026-08-21T11:03:02+00:00,openquantum:aqt:qpu:ibex-q1,ONLINE,
2026-08-21T11:03:02+00:00,openquantum:ionq:qpu:forte-1,ONLINE,
2026-08-21T11:03:02+00:00,openquantum:ionq:qpu:forte-enterprise,ONLINE,
2026-08-21T11:03:02+00:00,openquantum:iqm:qpu:emerald,ONLINE,
2026-08-21T11:03:02+00:00,openquantum:iqm:qpu:garnet,ONLINE,
2026-08-21T11:03:02+00:00,openquantum:rigetti:qpu:cepheus-1-108q,ONLINE,
2026-08-21T12:02:19+00:00,aws:aqt:qpu:ibex-q1,ONLINE,
2026-08-21T12:02:19+00:00,aws:quera:qpu:aquila,UNAVAILABLE,
2026-08-21T12:02:19+00:00,ibm:ibm:qpu:marrakesh,ONLINE,
2026-08-21T12:02:19+00:00,ibm:ibm:qpu:pittsburgh,ONLINE,
2026-08-21T12:02:19+00:00,azure:pasqal:qpu:fresnel,OFFLINE,
2026-08-21T12:02:19+00:00,aws:iqm:qpu:emerald,ONLINE,
2026-08-21T12:02:19+00:00,azure:ionq:qpu:forte-1,OFFLINE,
2026-08-21T12:02:19+00:00,ibm:ibm:qpu:kingston,ONLINE,
2026-08-21T12:02:19+00:00,aws:ionq:qpu:forte-1,ONLINE,
2026-08-21T12:02:19+00:00,aws:ionq:qpu:forte-enterprise-1,OFFLINE,
2026-08-21T12:02:19+00:00,ionq:ionq:qpu:forte-1,ONLINE,
2026-08-21T12:02:19+00:00,ibm:ibm:qpu:fez,ONLINE,
2026-08-21T12:02:19+00:00,aws:iqm:qpu:garnet,ONLINE,
2026-08-21T12:02:19+00:00,azure:rigetti:qpu:cepheus-1-36q,OFFLINE,
2026-08-21T12:02:19+00:00,azure:ionq:qpu:forte-enterprise-1,OFFLINE,
2026-08-21T12:02:19+00:00,ibm:ibm:qpu:boston,ONLINE,
2026-08-21T12:02:19+00:00,ibm:ibm:qpu:miami,ONLINE,
2026-08-21T12:02:19+00:00,rigetti:rigetti:qpu:cepheus-1-108q,ONLINE,
2026-08-21T12:02:19+00:00,aws:rigetti:qpu:cepheus-1-108q,ONLINE,
2026-08-21T12:02:19+00:00,openquantum:aqt:qpu:ibex-q1,ONLINE,
2026-08-21T12:02:19+00:00,openquantum:ionq:qpu:forte-1,ONLINE,
2026-08-21T12:02:19+00:00,openquantum:ionq:qpu:forte-enterprise,ONLINE,
2026-08-21T12:02:19+00:00,openquantum:iqm:qpu:emerald,ONLINE,
2026-08-21T12:02:19+00:00,openquantum:iqm:qpu:garnet,ONLINE,
2026-08-21T12:02:19+00:00,openquantum:rigetti:qpu:cepheus-1-108q,ONLINE,
2026-08-21T13:31:46+00:00,aws:aqt:qpu:ibex-q1,ONLINE,
2026-08-21T13:31:46+00:00,aws:quera:qpu:aquila,ONLINE,
2026-08-21T13:31:46+00:00,ibm:ibm:qpu:marrakesh,ONLINE,
2026-08-21T13:31:46+00:00,ibm:ibm:qpu:pittsburgh,UNAVAILABLE,
2026-08-21T13:31:46+00:00,azure:pasqal:qpu:fresnel,OFFLINE,
2026-08-21T13:31:46+00:00,aws:iqm:qpu:emerald,ONLINE,
2026-08-21T13:31:46+00:00,azure:ionq:qpu:forte-1,OFFLINE,
2026-08-21T13:31:46+00:00,ibm:ibm:qpu:kingston,ONLINE,
2026-08-21T13:31:46+00:00,aws:ionq:qpu:forte-1,ONLINE,
2026-08-21T13:31:46+00:00,aws:ionq:qpu:forte-enterprise-1,OFFLINE,
2026-08-21T13:31:46+00:00,ionq:ionq:qpu:forte-1,ONLINE,
2026-08-21T13:31:46+00:00,ibm:ibm:qpu:fez,ONLINE,
2026-08-21T13:31:46+00:00,aws:iqm:qpu:garnet,ONLINE,
2026-08-21T13:31:46+00:00,azure:rigetti:qpu:cepheus-1-36q,OFFLINE,
2026-08-21T13:31:46+00:00,azure:ionq:qpu:forte-enterprise-1,OFFLINE,
2026-08-21T13:31:46+00:00,ibm:ibm:qpu:boston,ONLINE,
2026-08-21T13:31:46+00:00,ibm:ibm:qpu:miami,ONLINE,
2026-08-21T13:31:46+00:00,rigetti:rigetti:qpu:cepheus-1-108q,ONLINE,
2026-08-21T13:31:46+00:00,aws:rigetti:qpu:cepheus-1-108q,ONLINE,
2026-08-21T13:31:46+00:00,openquantum:aqt:qpu:ibex-q1,ONLINE,
2026-08-21T13:31:46+00:00,openquantum:ionq:qpu:forte-1,ONLINE,
2026-08-21T13:31:46+00:00,openquantum:ionq:qpu:forte-enterprise,ONLINE,
2026-08-21T13:31:46+00:00,openquantum:iqm:qpu:emerald,ONLINE,
2026-08-21T13:31:46+00:00,openquantum:iqm:qpu:garnet,ONLINE,
2026-08-21T13:31:46+00:00,openquantum:rigetti:qpu:cepheus-1-108q,ONLINE,
2026-08-21T14:19:17+00:00,aws:aqt:qpu:ibex-q1,ONLINE,
2026-08-21T14:19:17+00:00,aws:quera:qpu:aquila,ONLINE,
2026-08-21T14:19:17+00:00,ibm:ibm:qpu:marrakesh,ONLINE,
2026-08-21T14:19:17+00:00,ibm:ibm:qpu:pittsburgh,ONLINE,
2026-08-21T14:19:17+00:00,azure:pasqal:qpu:fresnel,OFFLINE,
2026-08-21T14:19:17+00:00,aws:iqm:qpu:emerald,ONLINE,
2026-08-21T14:19:17+00:00,azure:ionq:qpu:forte-1,OFFLINE,
2026-08-21T14:19:17+00:00,ibm:ibm:qpu:kingston,ONLINE,
2026-08-21T14:19:17+00:00,aws:ionq:qpu:forte-1,ONLINE,
2026-08-21T14:19:17+00:00,aws:ionq:qpu:forte-enterprise-1,OFFLINE,
2026-08-21T14:19:17+00:00,ionq:ionq:qpu:forte-1,ONLINE,
2026-08-21T14:19:17+00:00,ibm:ibm:qpu:fez,ONLINE,
2026-08-21T14:19:17+00:00,aws:iqm:qpu:garnet,ONLINE,
2026-08-21T14:19:17+00:00,azure:rigetti:qpu:cepheus-1-36q,OFFLINE,
2026-08-21T14:19:17+00:00,azure:ionq:qpu:forte-enterprise-1,OFFLINE,
2026-08-21T14:19:17+00:00,ibm:ibm:qpu:boston,ONLINE,
2026-08-21T14:19:17+00:00,ibm:ibm:qpu:miami,ONLINE,
2026-08-21T14:19:17+00:00,rigetti:rigetti:qpu:cepheus-1-108q,ONLINE,
2026-08-21T14:19:17+00:00,aws:rigetti:qpu:cepheus-1-108q,ONLINE,
2026-08-21T14:19:17+00:00,openquantum:aqt:qpu:ibex-q1,ONLINE,
2026-08-21T14:19:17+00:00,openquantum:ionq:qpu:forte-1,ONLINE,
2026-08-21T14:19:17+00:00,openquantum:ionq:qpu:forte-enterprise,ONLINE,
2026-08-21T14:19:17+00:00,openquantum:iqm:qpu:emerald,ONLINE,
2026-08-21T14:19:17+00:00,openquantum:iqm:qpu:garnet,ONLINE,
2026-08-21T14:19:17+00:00,openquantum:rigetti:qpu:cepheus-1-108q,ONLINE,
2026-08-21T15:14:13+00:00,aws:aqt:qpu:ibex-q1,UNAVAILABLE,
2026-08-21T15:14:13+00:00,aws:quera:qpu:aquila,ONLINE,
2026-08-21T15:14:13+00:00,ibm:ibm:qpu:marrakesh,ONLINE,
2026-08-21T15:14:13+00:00,ibm:ibm:qpu:pittsburgh,UNAVAILABLE,
2026-08-21T15:14:13+00:00,azure:pasqal:qpu:fresnel,OFFLINE,
2026-08-21T15:14:13+00:00,aws:iqm:qpu:emerald,ONLINE,
2026-08-21T15:14:13+00:00,azure:ionq:qpu:forte-1,OFFLINE,
2026-08-21T15:14:13+00:00,ibm:ibm:qpu:kingston,ONLINE,
2026-08-21T15:14:13+00:00,aws:ionq:qpu:forte-1,ONLINE,
2026-08-21T15:14:13+00:00,aws:ionq:qpu:forte-enterprise-1,OFFLINE,
2026-08-21T15:14:13+00:00,ionq:ionq:qpu:forte-1,ONLINE,
2026-08-21T15:14:13+00:00,ibm:ibm:qpu:fez,ONLINE,
2026-08-21T15:14:13+00:00,aws:iqm:qpu:garnet,ONLINE,
2026-08-21T15:14:13+00:00,azure:rigetti:qpu:cepheus-1-36q,OFFLINE,
2026-08-21T15:14:13+00:00,azure:ionq:qpu:forte-enterprise-1,OFFLINE,
2026-08-21T15:14:13+00:00,ibm:ibm:qpu:boston,ONLINE,
2026-08-21T15:14:13+00:00,ibm:ibm:qpu:miami,ONLINE,
2026-08-21T15:14:13+00:00,rigetti:rigetti:qpu:cepheus-1-108q,ONLINE,
2026-08-21T15:14:13+00:00,aws:rigetti:qpu:cepheus-1-108q,ONLINE,
2026-08-21T15:14:13+00:00,openquantum:aqt:qpu:ibex-q1,ONLINE,
2026-08-21T15:14:13+00:00,openquantum:ionq:qpu:forte-1,ONLINE,
2026-08-21T15:14:13+00:00,openquantum:ionq:qpu:forte-enterprise,ONLINE,
2026-08-21T15:14:13+00:00,openquantum:iqm:qpu:emerald,ONLINE,
2026-08-21T15:14:13+00:00,openquantum:iqm:qpu:garnet,ONLINE,
2026-08-21T15:14:13+00:00,openquantum:rigetti:qpu:cepheus-1-108q,ONLINE,
2026-08-21T16:04:18+00:00,aws:aqt:qpu:ibex-q1,UNAVAILABLE,
2026-08-21T16:04:18+00:00,aws:quera:qpu:aquila,ONLINE,
2026-08-21T16:04:18+00:00,ibm:ibm:qpu:marrakesh,ONLINE,
2026-08-21T16:04:18+00:00,ibm:ibm:qpu:pittsburgh,UNAVAILABLE,
2026-08-21T16:04:18+00:00,azure:pasqal:qpu:fresnel,OFFLINE,
2026-08-21T16:04:18+00:00,aws:iqm:qpu:emerald,ONLINE,
2026-08-21T16:04:18+00:00,azure:ionq:qpu:forte-1,OFFLINE,
2026-08-21T16:04:18+00:00,ibm:ibm:qpu:kingston,ONLINE,
2026-08-21T16:04:18+00:00,aws:ionq:qpu:forte-1,ONLINE,
2026-08-21T16:04:18+00:00,aws:ionq:qpu:forte-enterprise-1,OFFLINE,
2026-08-21T16:04:18+00:00,ionq:ionq:qpu:forte-1,ONLINE,
2026-08-21T16:04:18+00:00,ibm:ibm:qpu:fez,ONLINE,
2026-08-21T16:04:18+00:00,aws:iqm:qpu:garnet,UNAVAILABLE,
2026-08-21T16:04:18+00:00,azure:rigetti:qpu:cepheus-1-36q,OFFLINE,
2026-08-21T16:04:18+00:00,azure:ionq:qpu:forte-enterprise-1,OFFLINE,
2026-08-21T16:04:18+00:00,ibm:ibm:qpu:boston,ONLINE,
2026-08-21T16:04:18+00:00,ibm:ibm:qpu:miami,ONLINE,
2026-08-21T16:04:18+00:00,rigetti:rigetti:qpu:cepheus-1-108q,ONLINE,
2026-08-21T16:04:18+00:00,aws:rigetti:qpu:cepheus-1-108q,ONLINE,
2026-08-21T16:04:18+00:00,openquantum:aqt:qpu:ibex-q1,ONLINE,
2026-08-21T16:04:18+00:00,openquantum:ionq:qpu:forte-1,ONLINE,
2026-08-21T16:04:18+00:00,openquantum:ionq:qpu:forte-enterprise,ONLINE,
2026-08-21T16:04:18+00:00,openquantum:iqm:qpu:emerald,ONLINE,
2026-08-21T16:04:18+00:00,openquantum:iqm:qpu:garnet,ONLINE,
2026-08-21T16:04:18+00:00,openquantum:rigetti:qpu:cepheus-1-108q,ONLINE,
2026-08-21T17:07:33+00:00,aws:aqt:qpu:ibex-q1,UNAVAILABLE,
2026-08-21T17:07:33+00:00,aws:quera:qpu:aquila,ONLINE,
2026-08-21T17:07:33+00:00,ibm:ibm:qpu:marrakesh,ONLINE,
2026-08-21T17:07:33+00:00,ibm:ibm:qpu:pittsburgh,UNAVAILABLE,
2026-08-21T17:07:33+00:00,azure:pasqal:qpu:fresnel,OFFLINE,
2026-08-21T17:07:33+00:00,aws:iqm:qpu:emerald,ONLINE,
2026-08-21T17:07:33+00:00,azure:ionq:qpu:forte-1,OFFLINE,
2026-08-21T17:07:33+00:00,ibm:ibm:qpu:kingston,ONLINE,
2026-08-21T17:07:33+00:00,aws:ionq:qpu:forte-1,ONLINE,
2026-08-21T17:07:33+00:00,aws:ionq:qpu:forte-enterprise-1,ONLINE,
2026-08-21T17:07:33+00:00,ionq:ionq:qpu:forte-1,ONLINE,
2026-08-21T17:07:33+00:00,ibm:ibm:qpu:fez,ONLINE,
2026-08-21T17:07:33+00:00,aws:iqm:qpu:garnet,UNAVAILABLE,
2026-08-21T17:07:33+00:00,azure:rigetti:qpu:cepheus-1-36q,OFFLINE,
2026-08-21T17:07:33+00:00,azure:ionq:qpu:forte-enterprise-1,OFFLINE,
2026-08-21T17:07:33+00:00,ibm:ibm:qpu:boston,ONLINE,
2026-08-21T17:07:33+00:00,ibm:ibm:qpu:miami,ONLINE,
2026-08-21T17:07:33+00:00,rigetti:rigetti:qpu:cepheus-1-108q,ONLINE,
2026-08-21T17:07:33+00:00,aws:rigetti:qpu:cepheus-1-108q,ONLINE,
2026-08-21T17:07:33+00:00,openquantum:aqt:qpu:ibex-q1,ONLINE,
2026-08-21T17:07:33+00:00,openquantum:ionq:qpu:forte-1,ONLINE,
2026-08-21T17:07:33+00:00,openquantum:ionq:qpu:forte-enterprise,ONLINE,
2026-08-21T17:07:33+00:00,openquantum:iqm:qpu:emerald,ONLINE,
2026-08-21T17:07:33+00:00,openquantum:iqm:qpu:garnet,ONLINE,
2026-08-21T17:07:33+00:00,openquantum:rigetti:qpu:cepheus-1-108q,ONLINE,
2026-08-21T18:02:53+00:00,aws:aqt:qpu:ibex-q1,UNAVAILABLE,
2026-08-21T18:02:53+00:00,aws:quera:qpu:aquila,ONLINE,
2026-08-21T18:02:53+00:00,ibm:ibm:qpu:marrakesh,ONLINE,
2026-08-21T18:02:53+00:00,ibm:ibm:qpu:pittsburgh,UNAVAILABLE,
2026-08-21T18:02:53+00:00,azure:pasqal:qpu:fresnel,OFFLINE,
2026-08-21T18:02:53+00:00,aws:iqm:qpu:emerald,ONLINE,
2026-08-21T18:02:53+00:00,azure:ionq:qpu:forte-1,OFFLINE,
2026-08-21T18:02:53+00:00,ibm:ibm:qpu:kingston,ONLINE,
2026-08-21T18:02:53+00:00,aws:ionq:qpu:forte-1,UNAVAILABLE,
2026-08-21T18:02:53+00:00,aws:ionq:qpu:forte-enterprise-1,ONLINE,
2026-08-21T18:02:53+00:00,ionq:ionq:qpu:forte-1,ONLINE,
2026-08-21T18:02:53+00:00,ibm:ibm:qpu:fez,ONLINE,
2026-08-21T18:02:53+00:00,aws:iqm:qpu:garnet,ONLINE,
2026-08-21T18:02:53+00:00,azure:rigetti:qpu:cepheus-1-36q,OFFLINE,
2026-08-21T18:02:53+00:00,azure:ionq:qpu:forte-enterprise-1,OFFLINE,
2026-08-21T18:02:53+00:00,ibm:ibm:qpu:boston,ONLINE,
2026-08-21T18:02:53+00:00,ibm:ibm:qpu:miami,ONLINE,
2026-08-21T18:02:53+00:00,rigetti:rigetti:qpu:cepheus-1-108q,ONLINE,
2026-08-21T18:02:53+00:00,aws:rigetti:qpu:cepheus-1-108q,ONLINE,
2026-08-21T18:02:53+00:00,openquantum:aqt:qpu:ibex-q1,ONLINE,
2026-08-21T18:02:53+00:00,openquantum:ionq:qpu:forte-1,ONLINE,
2026-08-21T18:02:53+00:00,openquantum:ionq:qpu:forte-enterprise,ONLINE,
2026-08-21T18:02:53+00:00,openquantum:iqm:qpu:emerald,ONLINE,
2026-08-21T18:02:53+00:00,openquantum:iqm:qpu:garnet,ONLINE,
2026-08-21T18:02:53+00:00,openquantum:rigetti:qpu:cepheus-1-108q,ONLINE,
2026-08-21T19:14:00+00:00,aws:aqt:qpu:ibex-q1,UNAVAILABLE,
2026-08-21T19:14:00+00:00,aws:quera:qpu:aquila,ONLINE,
2026-08-21T19:14:00+00:00,ibm:ibm:qpu:marrakesh,ONLINE,
2026-08-21T19:14:00+00:00,ibm:ibm:qpu:pittsburgh,ONLINE,
2026-08-21T19:14:00+00:00,azure:pasqal:qpu:fresnel,OFFLINE,
2026-08-21T19:14:00+00:00,aws:iqm:qpu:emerald,ONLINE,
2026-08-21T19:14:00+00:00,azure:ionq:qpu:forte-1,OFFLINE,
2026-08-21T19:14:00+00:00,ibm:ibm:qpu:kingston,ONLINE,
2026-08-21T19:14:00+00:00,aws:ionq:qpu:forte-1,ONLINE,
2026-08-21T19:14:00+00:00,aws:ionq:qpu:forte-enterprise-1,ONLINE,
2026-08-21T19:14:00+00:00,ionq:ionq:qpu:forte-1,UNAVAILABLE,
2026-08-21T19:14:00+00:00,ibm:ibm:qpu:fez,ONLINE,
2026-08-21T19:14:00+00:00,aws:iqm:qpu:garnet,ONLINE,
2026-08-21T19:14:00+00:00,azure:rigetti:qpu:cepheus-1-36q,OFFLINE,
2026-08-21T19:14:00+00:00,azure:ionq:qpu:forte-enterprise-1,OFFLINE,
2026-08-21T19:14:00+00:00,ibm:ibm:qpu:boston,ONLINE,
2026-08-21T19:14:00+00:00,ibm:ibm:qpu:miami,ONLINE,
2026-08-21T19:14:00+00:00,rigetti:rigetti:qpu:cepheus-1-108q,ONLINE,
2026-08-21T19:14:00+00:00,aws:rigetti:qpu:cepheus-1-108q,UNAVAILABLE,
2026-08-21T19:14:00+00:00,openquantum:aqt:qpu:ibex-q1,ONLINE,
2026-08-21T19:14:00+00:00,openquantum:ionq:qpu:forte-1,ONLINE,
2026-08-21T19:14:00+00:00,openquantum:ionq:qpu:forte-enterprise,ONLINE,
2026-08-21T19:14:00+00:00,openquantum:iqm:qpu:emerald,ONLINE,
2026-08-21T19:14:00+00:00,openquantum:iqm:qpu:garnet,ONLINE,
2026-08-21T19:14:00+00:00,openquantum:rigetti:qpu:cepheus-1-108q,ONLINE,
2026-08-21T19:57:07+00:00,aws:aqt:qpu:ibex-q1,UNAVAILABLE,
2026-08-21T19:57:07+00:00,aws:quera:qpu:aquila,ONLINE,
2026-08-21T19:57:07+00:00,ibm:ibm:qpu:marrakesh,ONLINE,
2026-08-21T19:57:07+00:00,ibm:ibm:qpu:pittsburgh,ONLINE,
2026-08-21T19:57:07+00:00,azure:pasqal:qpu:fresnel,OFFLINE,
2026-08-21T19:57:07+00:00,aws:iqm:qpu:emerald,ONLINE,
2026-08-21T19:57:07+00:00,azure:ionq:qpu:forte-1,OFFLINE,
2026-08-21T19:57:07+00:00,ibm:ibm:qpu:kingston,ONLINE,
2026-08-21T19:57:07+00:00,aws:ionq:qpu:forte-1,ONLINE,
2026-08-21T19:57:07+00:00,aws:ionq:qpu:forte-enterprise-1,ONLINE,
2026-08-21T19:57:07+00:00,ionq:ionq:qpu:forte-1,ONLINE,
2026-08-21T19:57:07+00:00,ibm:ibm:qpu:fez,ONLINE,
2026-08-21T19:57:07+00:00,aws:iqm:qpu:garnet,ONLINE,
2026-08-21T19:57:07+00:00,azure:rigetti:qpu:cepheus-1-36q,OFFLINE,
2026-08-21T19:57:07+00:00,azure:ionq:qpu:forte-enterprise-1,OFFLINE,
2026-08-21T19:57:07+00:00,ibm:ibm:qpu:boston,ONLINE,
2026-08-21T19:57:07+00:00,ibm:ibm:qpu:miami,ONLINE,
2026-08-21T19:57:07+00:00,rigetti:rigetti:qpu:cepheus-1-108q,ONLINE,
2026-08-21T19:57:07+00:00,aws:rigetti:qpu:cepheus-1-108q,UNAVAILABLE,
2026-08-21T19:57:07+00:00,openquantum:aqt:qpu:ibex-q1,ONLINE,
2026-08-21T19:57:07+00:00,openquantum:ionq:qpu:forte-1,ONLINE,
2026-08-21T19:57:07+00:00,openquantum:ionq:qpu:forte-enterprise,ONLINE,
2026-08-21T19:57:07+00:00,openquantum:iqm:qpu:emerald,ONLINE,
2026-08-21T19:57:07+00:00,openquantum:iqm:qpu:garnet,ONLINE,
2026-08-21T19:57:07+00:00,openquantum:rigetti:qpu:cepheus-1-108q,ONLINE,
2026-08-21T20:30:34+00:00,aws:aqt:qpu:ibex-q1,UNAVAILABLE,
2026-08-21T20:30:34+00:00,aws:quera:qpu:aquila,ONLINE,
2026-08-21T20:30:34+00:00,ibm:ibm:qpu:marrakesh,ONLINE,
2026-08-21T20:30:34+00:00,ibm:ibm:qpu:pittsburgh,ONLINE,
2026-08-21T20:30:34+00:00,azure:pasqal:qpu:fresnel,OFFLINE,
2026-08-21T20:30:34+00:00,aws:iqm:qpu:emerald,ONLINE,
2026-08-21T20:30:34+00:00,azure:ionq:qpu:forte-1,OFFLINE,
2026-08-21T20:30:34+00:00,ibm:ibm:qpu:kingston,ONLINE,
2026-08-21T20:30:34+00:00,aws:ionq:qpu:forte-1,ONLINE,
2026-08-21T20:30:34+00:00,aws:ionq:qpu:forte-enterprise-1,ONLINE,
2026-08-21T20:30:34+00:00,ionq:ionq:qpu:forte-1,ONLINE,
2026-08-21T20:30:34+00:00,ibm:ibm:qpu:fez,ONLINE,
2026-08-21T20:30:34+00:00,aws:iqm:qpu:garnet,ONLINE,
2026-08-21T20:30:34+00:00,azure:rigetti:qpu:cepheus-1-36q,OFFLINE,
2026-08-21T20:30:34+00:00,azure:ionq:qpu:forte-enterprise-1,OFFLINE,
2026-08-21T20:30:34+00:00,ibm:ibm:qpu:boston,ONLINE,
2026-08-21T20:30:34+00:00,ibm:ibm:qpu:miami,ONLINE,
2026-08-21T20:30:34+00:00,rigetti:rigetti:qpu:cepheus-1-108q,ONLINE,
2026-08-21T20:30:34+00:00,aws:rigetti:qpu:cepheus-1-108q,UNAVAILABLE,
2026-08-21T20:30:34+00:00,openquantum:aqt:qpu:ibex-q1,ONLINE,
2026-08-21T20:30:34+00:00,openquantum:ionq:qpu:forte-1,ONLINE,
2026-08-21T20:30:34+00:00,openquantum:ionq:qpu:forte-enterprise,ONLINE,
2026-08-21T20:30:34+00:00,openquantum:iqm:qpu:emerald,ONLINE,
2026-08-21T20:30:34+00:00,openquantum:iqm:qpu:garnet,ONLINE,
2026-08-21T20:30:34+00:00,openquantum:rigetti:qpu:cepheus-1-108q,ONLINE,
2026-08-21T21:00:15+00:00,aws:aqt:qpu:ibex-q1,UNAVAILABLE,
2026-08-21T21:00:15+00:00,aws:quera:qpu:aquila,ONLINE,
2026-08-21T21:00:15+00:00,ibm:ibm:qpu:marrakesh,ONLINE,
2026-08-21T21:00:15+00:00,ibm:ibm:qpu:pittsburgh,ONLINE,
2026-08-21T21:00:15+00:00,azure:pasqal:qpu:fresnel,OFFLINE,
2026-08-21T21:00:15+00:00,aws:iqm:qpu:emerald,ONLINE,
2026-08-21T21:00:15+00:00,azure:ionq:qpu:forte-1,OFFLINE,
2026-08-21T21:00:15+00:00,ibm:ibm:qpu:kingston,ONLINE,
2026-08-21T21:00:15+00:00,aws:ionq:qpu:forte-1,ONLINE,
2026-08-21T21:00:15+00:00,aws:ionq:qpu:forte-enterprise-1,ONLINE,
2026-08-21T21:00:15+00:00,ionq:ionq:qpu:forte-1,ONLINE,
2026-08-21T21:00:15+00:00,ibm:ibm:qpu:fez,ONLINE,
2026-08-21T21:00:15+00:00,aws:iqm:qpu:garnet,ONLINE,
2026-08-21T21:00:15+00:00,azure:rigetti:qpu:cepheus-1-36q,OFFLINE,
2026-08-21T21:00:15+00:00,azure:ionq:qpu:forte-enterprise-1,OFFLINE,
2026-08-21T21:00:15+00:00,ibm:ibm:qpu:boston,ONLINE,
2026-08-21T21:00:15+00:00,ibm:ibm:qpu:miami,ONLINE,
2026-08-21T21:00:15+00:00,rigetti:rigetti:qpu:cepheus-1-108q,ONLINE,
2026-08-21T21:00:15+00:00,aws:rigetti:qpu:cepheus-1-108q,UNAVAILABLE,
2026-08-21T21:00:15+00:00,openquantum:aqt:qpu:ibex-q1,ONLINE,
2026-08-21T21:00:15+00:00,openquantum:ionq:qpu:forte-1,ONLINE,
2026-08-21T21:00:15+00:00,openquantum:ionq:qpu:forte-enterprise,ONLINE,
2026-08-21T21:00:15+00:00,openquantum:iqm:qpu:emerald,ONLINE,
2026-08-21T21:00:15+00:00,openquantum:iqm:qpu:garnet,ONLINE,
2026-08-21T21:00:15+00:00,openquantum:rigetti:qpu:cepheus-1-108q,ONLINE,
2026-08-21T21:59:29+00:00,aws:aqt:qpu:ibex-q1,UNAVAILABLE,
2026-08-21T21:59:29+00:00,aws:quera:qpu:aquila,ONLINE,
2026-08-21T21:59:29+00:00,ibm:ibm:qpu:marrakesh,ONLINE,
2026-08-21T21:59:29+00:00,ibm:ibm:qpu:pittsburgh,ONLINE,
2026-08-21T21:59:29+00:00,azure:pasqal:qpu:fresnel,OFFLINE,
2026-08-21T21:59:29+00:00,aws:iqm:qpu:emerald,ONLINE,
2026-08-21T21:59:29+00:00,azure:ionq:qpu:forte-1,OFFLINE,
2026-08-21T21:59:29+00:00,ibm:ibm:qpu:kingston,ONLINE,
2026-08-21T21:59:29+00:00,aws:ionq:qpu:forte-1,ONLINE,
2026-08-21T21:59:29+00:00,aws:ionq:qpu:forte-enterprise-1,ONLINE,
2026-08-21T21:59:29+00:00,ionq:ionq:qpu:forte-1,ONLINE,
2026-08-21T21:59:29+00:00,ibm:ibm:qpu:fez,ONLINE,
2026-08-21T21:59:29+00:00,aws:iqm:qpu:garnet,ONLINE,
2026-08-21T21:59:29+00:00,azure:rigetti:qpu:cepheus-1-36q,OFFLINE,
2026-08-21T21:59:29+00:00,azure:ionq:qpu:forte-enterprise-1,OFFLINE,
2026-08-21T21:59:29+00:00,ibm:ibm:qpu:boston,ONLINE,
2026-08-21T21:59:29+00:00,ibm:ibm:qpu:miami,ONLINE,
2026-08-21T21:59:29+00:00,rigetti:rigetti:qpu:cepheus-1-108q,ONLINE,
2026-08-21T21:59:29+00:00,aws:rigetti:qpu:cepheus-1-108q,ONLINE,
2026-08-21T21:59:29+00:00,openquantum:aqt:qpu:ibex-q1,ONLINE,
2026-08-21T21:59:29+00:00,openquantum:ionq:qpu:forte-1,ONLINE,
2026-08-21T21:59:29+00:00,openquantum:ionq:qpu:forte-enterprise,ONLINE,
2026-08-21T21:59:29+00:00,openquantum:iqm:qpu:emerald,ONLINE,
2026-08-21T21:59:29+00:00,openquantum:iqm:qpu:garnet,ONLINE,
2026-08-21T21:59:29+00:00,openquantum:rigetti:qpu:cepheus-1-108q,ONLINE,
2026-08-21T22:33:12+00:00,aws:aqt:qpu:ibex-q1,UNAVAILABLE,
2026-08-21T22:33:12+00:00,aws:quera:qpu:aquila,ONLINE,
2026-08-21T22:33:12+00:00,ibm:ibm:qpu:marrakesh,ONLINE,
2026-08-21T22:33:12+00:00,ibm:ibm:qpu:pittsburgh,ONLINE,
2026-08-21T22:33:12+00:00,azure:pasqal:qpu:fresnel,OFFLINE,
2026-08-21T22:33:12+00:00,aws:iqm:qpu:emerald,ONLINE,
2026-08-21T22:33:12+00:00,azure:ionq:qpu:forte-1,OFFLINE,
2026-08-21T22:33:12+00:00,ibm:ibm:qpu:kingston,ONLINE,
2026-08-21T22:33:12+00:00,aws:ionq:qpu:forte-1,ONLINE,
2026-08-21T22:33:12+00:00,aws:ionq:qpu:forte-enterprise-1,ONLINE,
2026-08-21T22:33:12+00:00,ionq:ionq:qpu:forte-1,ONLINE,
2026-08-21T22:33:12+00:00,ibm:ibm:qpu:fez,ONLINE,
2026-08-21T22:33:12+00:00,aws:iqm:qpu:garnet,ONLINE,
2026-08-21T22:33:12+00:00,azure:rigetti:qpu:cepheus-1-36q,OFFLINE,
2026-08-21T22:33:12+00:00,azure:ionq:qpu:forte-enterprise-1,OFFLINE,
2026-08-21T22:33:12+00:00,ibm:ibm:qpu:boston,ONLINE,
2026-08-21T22:33:12+00:00,ibm:ibm:qpu:miami,ONLINE,
2026-08-21T22:33:12+00:00,rigetti:rigetti:qpu:cepheus-1-108q,ONLINE,
2026-08-21T22:33:12+00:00,aws:rigetti:qpu:cepheus-1-108q,ONLINE,
2026-08-21T22:33:12+00:00,openquantum:aqt:qpu:ibex-q1,ONLINE,
2026-08-21T22:33:12+00:00,openquantum:ionq:qpu:forte-1,ONLINE,
2026-08-21T22:33:12+00:00,openquantum:ionq:qpu:forte-enterprise,ONLINE,
2026-08-21T22:33:12+00:00,openquantum:iqm:qpu:emerald,ONLINE,
2026-08-21T22:33:12+00:00,openquantum:iqm:qpu:garnet,ONLINE,
2026-08-21T22:33:12+00:00,openquantum:rigetti:qpu:cepheus-1-108q,ONLINE,
2026-08-21T23:00:25+00:00,aws:aqt:qpu:ibex-q1,UNAVAILABLE,
2026-08-21T23:00:25+00:00,aws:quera:qpu:aquila,ONLINE,
2026-08-21T23:00:25+00:00,ibm:ibm:qpu:marrakesh,ONLINE,
2026-08-21T23:00:25+00:00,ibm:ibm:qpu:pittsburgh,ONLINE,
2026-08-21T23:00:25+00:00,azure:pasqal:qpu:fresnel,OFFLINE,
2026-08-21T23:00:25+00:00,aws:iqm:qpu:emerald,ONLINE,
2026-08-21T23:00:25+00:00,azure:ionq:qpu:forte-1,OFFLINE,
2026-08-21T23:00:25+00:00,ibm:ibm:qpu:kingston,ONLINE,
2026-08-21T23:00:25+00:00,aws:ionq:qpu:forte-1,ONLINE,
2026-08-21T23:00:25+00:00,aws:ionq:qpu:forte-enterprise-1,ONLINE,
2026-08-21T23:00:25+00:00,ionq:ionq:qpu:forte-1,ONLINE,
2026-08-21T23:00:25+00:00,ibm:ibm:qpu:fez,ONLINE,
2026-08-21T23:00:25+00:00,aws:iqm:qpu:garnet,ONLINE,
2026-08-21T23:00:25+00:00,azure:rigetti:qpu:cepheus-1-36q,OFFLINE,
2026-08-21T23:00:25+00:00,azure:ionq:qpu:forte-enterprise-1,OFFLINE,
2026-08-21T23:00:25+00:00,ibm:ibm:qpu:boston,ONLINE,
2026-08-21T23:00:25+00:00,ibm:ibm:qpu:miami,ONLINE,
2026-08-21T23:00:25+00:00,rigetti:rigetti:qpu:cepheus-1-108q,ONLINE,
2026-08-21T23:00:25+00:00,aws:rigetti:qpu:cepheus-1-108q,ONLINE,
2026-08-21T23:00:25+00:00,openquantum:aqt:qpu:ibex-q1,ONLINE,
2026-08-21T23:00:25+00:00,openquantum:ionq:qpu:forte-1,ONLINE,
2026-08-21T23:00:25+00:00,openquantum:ionq:qpu:forte-enterprise,ONLINE,
2026-08-21T23:00:25+00:00,openquantum:iqm:qpu:emerald,ONLINE,
2026-08-21T23:00:25+00:00,openquantum:iqm:qpu:garnet,ONLINE,
2026-08-21T23:00:25+00:00,openquantum:rigetti:qpu:cepheus-1-108q,ONLINE,
2026-08-21T23:59:24+00:00,aws:aqt:qpu:ibex-q1,UNAVAILABLE,
2026-08-21T23:59:24+00:00,aws:quera:qpu:aquila,ONLINE,
2026-08-21T23:59:24+00:00,ibm:ibm:qpu:marrakesh,ONLINE,
2026-08-21T23:59:24+00:00,ibm:ibm:qpu:pittsburgh,UNAVAILABLE,
2026-08-21T23:59:24+00:00,azure:pasqal:qpu:fresnel,OFFLINE,
2026-08-21T23:59:24+00:00,aws:iqm:qpu:emerald,ONLINE,
2026-08-21T23:59:24+00:00,azure:ionq:qpu:forte-1,OFFLINE,
2026-08-21T23:59:24+00:00,ibm:ibm:qpu:kingston,ONLINE,
2026-08-21T23:59:24+00:00,aws:ionq:qpu:forte-1,ONLINE,
2026-08-21T23:59:24+00:00,aws:ionq:qpu:forte-enterprise-1,ONLINE,
2026-08-21T23:59:24+00:00,ionq:ionq:qpu:forte-1,ONLINE,
2026-08-21T23:59:24+00:00,ibm:ibm:qpu:fez,ONLINE,
2026-08-21T23:59:24+00:00,aws:iqm:qpu:garnet,ONLINE,
2026-08-21T23:59:24+00:00,azure:rigetti:qpu:cepheus-1-36q,OFFLINE,
2026-08-21T23:59:24+00:00,azure:ionq:qpu:forte-enterprise-1,OFFLINE,
2026-08-21T23:59:24+00:00,ibm:ibm:qpu:boston,ONLINE,
2026-08-21T23:59:24+00:00,ibm:ibm:qpu:miami,ONLINE,
2026-08-21T23:59:24+00:00,rigetti:rigetti:qpu:cepheus-1-108q,ONLINE,
2026-08-21T23:59:24+00:00,aws:rigetti:qpu:cepheus-1-108q,ONLINE,
2026-08-21T23:59:24+00:00,openquantum:aqt:qpu:ibex-q1,ONLINE,
2026-08-21T23:59:24+00:00,openquantum:ionq:qpu:forte-1,ONLINE,
2026-08-21T23:59:24+00:00,openquantum:ionq:qpu:forte-enterprise,ONLINE,
2026-08-21T23:59:24+00:00,openquantum:iqm:qpu:emerald,ONLINE,
2026-08-21T23:59:24+00:00,openquantum:iqm:qpu:garnet,ONLINE,
2026-08-21T23:59:24+00:00,openquantum:rigetti:qpu:cepheus-1-108q,ONLINE,
2026-08-22T01:43:44+00:00,aws:aqt:qpu:ibex-q1,UNAVAILABLE,
2026-08-22T01:43:44+00:00,aws:quera:qpu:aquila,ONLINE,
2026-08-22T01:43:44+00:00,ibm:ibm:qpu:marrakesh,ONLINE,
2026-08-22T01:43:44+00:00,ibm:ibm:qpu:pittsburgh,UNAVAILABLE,
2026-08-22T01:43:44+00:00,azure:pasqal:qpu:fresnel,OFFLINE,
2026-08-22T01:43:44+00:00,aws:iqm:qpu:emerald,UNAVAILABLE,
2026-08-22T01:43:44+00:00,azure:ionq:qpu:forte-1,OFFLINE,
2026-08-22T01:43:44+00:00,ibm:ibm:qpu:kingston,ONLINE,
2026-08-22T01:43:44+00:00,aws:ionq:qpu:forte-1,ONLINE,
2026-08-22T01:43:44+00:00,aws:ionq:qpu:forte-enterprise-1,ONLINE,
2026-08-22T01:43:44+00:00,ionq:ionq:qpu:forte-1,ONLINE,
2026-08-22T01:43:44+00:00,ibm:ibm:qpu:fez,ONLINE,
2026-08-22T01:43:44+00:00,aws:iqm:qpu:garnet,UNAVAILABLE,
2026-08-22T01:43:44+00:00,azure:rigetti:qpu:cepheus-1-36q,OFFLINE,
2026-08-22T01:43:44+00:00,azure:ionq:qpu:forte-enterprise-1,OFFLINE,
2026-08-22T01:43:44+00:00,ibm:ibm:qpu:boston,ONLINE,
2026-08-22T01:43:44+00:00,ibm:ibm:qpu:miami,ONLINE,
2026-08-22T01:43:44+00:00,rigetti:rigetti:qpu:cepheus-1-108q,ONLINE,
2026-08-22T01:43:44+00:00,aws:rigetti:qpu:cepheus-1-108q,ONLINE,
2026-08-22T01:43:44+00:00,openquantum:aqt:qpu:ibex-q1,ONLINE,
2026-08-22T01:43:44+00:00,openquantum:ionq:qpu:forte-1,ONLINE,
2026-08-22T01:43:44+00:00,openquantum:ionq:qpu:forte-enterprise,ONLINE,
2026-08-22T01:43:44+00:00,openquantum:iqm:qpu:emerald,ONLINE,
2026-08-22T01:43:44+00:00,openquantum:iqm:qpu:garnet,ONLINE,
2026-08-22T01:43:44+00:00,openquantum:rigetti:qpu:cepheus-1-108q,ONLINE,
2026-08-22T02:40:49+00:00,aws:aqt:qpu:ibex-q1,UNAVAILABLE,
2026-08-22T02:40:49+00:00,aws:quera:qpu:aquila,ONLINE,
2026-08-22T02:40:49+00:00,ibm:ibm:qpu:marrakesh,ONLINE,
2026-08-22T02:40:49+00:00,ibm:ibm:qpu:pittsburgh,UNAVAILABLE,
2026-08-22T02:40:49+00:00,azure:pasqal:qpu:fresnel,OFFLINE,
2026-08-22T02:40:49+00:00,aws:iqm:qpu:emerald,UNAVAILABLE,
2026-08-22T02:40:49+00:00,azure:ionq:qpu:forte-1,OFFLINE,
2026-08-22T02:40:49+00:00,ibm:ibm:qpu:kingston,ONLINE,
2026-08-22T02:40:49+00:00,aws:ionq:qpu:forte-1,ONLINE,
2026-08-22T02:40:49+00:00,aws:ionq:qpu:forte-enterprise-1,ONLINE,
2026-08-22T02:40:49+00:00,ionq:ionq:qpu:forte-1,ONLINE,
2026-08-22T02:40:49+00:00,ibm:ibm:qpu:fez,ONLINE,
2026-08-22T02:40:49+00:00,aws:iqm:qpu:garnet,UNAVAILABLE,
2026-08-22T02:40:49+00:00,azure:rigetti:qpu:cepheus-1-36q,OFFLINE,
2026-08-22T02:40:49+00:00,azure:ionq:qpu:forte-enterprise-1,OFFLINE,
2026-08-22T02:40:49+00:00,ibm:ibm:qpu:boston,ONLINE,
2026-08-22T02:40:49+00:00,ibm:ibm:qpu:miami,ONLINE,
2026-08-22T02:40:49+00:00,rigetti:rigetti:qpu:cepheus-1-108q,ONLINE,
2026-08-22T02:40:49+00:00,aws:rigetti:qpu:cepheus-1-108q,ONLINE,
2026-08-22T02:40:49+00:00,openquantum:aqt:qpu:ibex-q1,ONLINE,
2026-08-22T02:40:49+00:00,openquantum:ionq:qpu:forte-1,ONLINE,
2026-08-22T02:40:49+00:00,openquantum:ionq:qpu:forte-enterprise,ONLINE,
2026-08-22T02:40:49+00:00,openquantum:iqm:qpu:emerald,ONLINE,
2026-08-22T02:40:49+00:00,openquantum:iqm:qpu:garnet,ONLINE,
2026-08-22T02:40:49+00:00,openquantum:rigetti:qpu:cepheus-1-108q,ONLINE,
2026-08-22T03:25:56+00:00,aws:aqt:qpu:ibex-q1,UNAVAILABLE,
2026-08-22T03:25:56+00:00,aws:quera:qpu:aquila,ONLINE,
2026-08-22T03:25:56+00:00,ibm:ibm:qpu:marrakesh,ONLINE,
2026-08-22T03:25:56+00:00,ibm:ibm:qpu:pittsburgh,UNAVAILABLE,
2026-08-22T03:25:56+00:00,azure:pasqal:qpu:fresnel,OFFLINE,
2026-08-22T03:25:56+00:00,aws:iqm:qpu:emerald,UNAVAILABLE,
2026-08-22T03:25:56+00:00,azure:ionq:qpu:forte-1,OFFLINE,
2026-08-22T03:25:56+00:00,ibm:ibm:qpu:kingston,ONLINE,
2026-08-22T03:25:56+00:00,aws:ionq:qpu:forte-1,ONLINE,
2026-08-22T03:25:56+00:00,aws:ionq:qpu:forte-enterprise-1,ONLINE,
2026-08-22T03:25:56+00:00,ionq:ionq:qpu:forte-1,ONLINE,
2026-08-22T03:25:56+00:00,ibm:ibm:qpu:fez,ONLINE,
2026-08-22T03:25:56+00:00,aws:iqm:qpu:garnet,UNAVAILABLE,
2026-08-22T03:25:56+00:00,azure:rigetti:qpu:cepheus-1-36q,OFFLINE,
2026-08-22T03:25:56+00:00,azure:ionq:qpu:forte-enterprise-1,OFFLINE,
2026-08-22T03:25:56+00:00,ibm:ibm:qpu:boston,ONLINE,
2026-08-22T03:25:56+00:00,ibm:ibm:qpu:miami,ONLINE,
2026-08-22T03:25:56+00:00,rigetti:rigetti:qpu:cepheus-1-108q,ONLINE,
2026-08-22T03:25:56+00:00,aws:rigetti:qpu:cepheus-1-108q,ONLINE,
2026-08-22T03:25:56+00:00,openquantum:aqt:qpu:ibex-q1,ONLINE,
2026-08-22T03:25:56+00:00,openquantum:ionq:qpu:forte-1,ONLINE,
2026-08-22T03:25:56+00:00,openquantum:ionq:qpu:forte-enterprise,ONLINE,
2026-08-22T03:25:56+00:00,openquantum:iqm:qpu:emerald,ONLINE,
2026-08-22T03:25:56+00:00,openquantum:iqm:qpu:garnet,ONLINE,
2026-08-22T03:25:56+00:00,openquantum:rigetti:qpu:cepheus-1-108q,ONLINE,
2026-08-22T04:17:17+00:00,aws:aqt:qpu:ibex-q1,UNAVAILABLE,
2026-08-22T04:17:17+00:00,aws:quera:qpu:aquila,ONLINE,
2026-08-22T04:17:17+00:00,ibm:ibm:qpu:marrakesh,ONLINE,
2026-08-22T04:17:17+00:00,ibm:ibm:qpu:pittsburgh,UNAVAILABLE,
2026-08-22T04:17:17+00:00,azure:pasqal:qpu:fresnel,OFFLINE,
2026-08-22T04:17:17+00:00,aws:iqm:qpu:emerald,UNAVAILABLE,
2026-08-22T04:17:17+00:00,azure:ionq:qpu:forte-1,OFFLINE,
2026-08-22T04:17:17+00:00,ibm:ibm:qpu:kingston,ONLINE,
2026-08-22T04:17:17+00:00,aws:ionq:qpu:forte-1,ONLINE,
2026-08-22T04:17:17+00:00,aws:ionq:qpu:forte-enterprise-1,ONLINE,
2026-08-22T04:17:17+00:00,ionq:ionq:qpu:forte-1,ONLINE,
2026-08-22T04:17:17+00:00,ibm:ibm:qpu:fez,ONLINE,
2026-08-22T04:17:17+00:00,aws:iqm:qpu:garnet,UNAVAILABLE,
2026-08-22T04:17:17+00:00,azure:rigetti:qpu:cepheus-1-36q,OFFLINE,
2026-08-22T04:17:17+00:00,azure:ionq:qpu:forte-enterprise-1,OFFLINE,
2026-08-22T04:17:17+00:00,ibm:ibm:qpu:boston,ONLINE,
2026-08-22T04:17:17+00:00,ibm:ibm:qpu:miami,ONLINE,
2026-08-22T04:17:17+00:00,rigetti:rigetti:qpu:cepheus-1-108q,ONLINE,
2026-08-22T04:17:17+00:00,aws:rigetti:qpu:cepheus-1-108q,ONLINE,
2026-08-22T04:17:17+00:00,openquantum:aqt:qpu:ibex-q1,ONLINE,
2026-08-22T04:17:17+00:00,openquantum:ionq:qpu:forte-1,ONLINE,
2026-08-22T04:17:17+00:00,openquantum:ionq:qpu:forte-enterprise,ONLINE,
2026-08-22T04:17:17+00:00,openquantum:iqm:qpu:emerald,ONLINE,
2026-08-22T04:17:17+00:00,openquantum:iqm:qpu:garnet,ONLINE,
2026-08-22T04:17:17+00:00,openquantum:rigetti:qpu:cepheus-1-108q,ONLINE,
2026-08-22T05:05:20+00:00,aws:aqt:qpu:ibex-q1,UNAVAILABLE,
2026-08-22T05:05:20+00:00,aws:quera:qpu:aquila,ONLINE,
2026-08-22T05:05:20+00:00,ibm:ibm:qpu:marrakesh,ONLINE,
2026-08-22T05:05:20+00:00,ibm:ibm:qpu:pittsburgh,UNAVAILABLE,
2026-08-22T05:05:20+00:00,azure:pasqal:qpu:fresnel,OFFLINE,
2026-08-22T05:05:20+00:00,aws:iqm:qpu:emerald,UNAVAILABLE,
2026-08-22T05:05:20+00:00,azure:ionq:qpu:forte-1,OFFLINE,
2026-08-22T05:05:20+00:00,ibm:ibm:qpu:kingston,ONLINE,
2026-08-22T05:05:20+00:00,aws:ionq:qpu:forte-1,ONLINE,
2026-08-22T05:05:20+00:00,aws:ionq:qpu:forte-enterprise-1,ONLINE,
2026-08-22T05:05:20+00:00,ionq:ionq:qpu:forte-1,ONLINE,
2026-08-22T05:05:20+00:00,ibm:ibm:qpu:fez,ONLINE,
2026-08-22T05:05:20+00:00,aws:iqm:qpu:garnet,UNAVAILABLE,
2026-08-22T05:05:20+00:00,azure:rigetti:qpu:cepheus-1-36q,OFFLINE,
2026-08-22T05:05:20+00:00,azure:ionq:qpu:forte-enterprise-1,OFFLINE,
2026-08-22T05:05:20+00:00,ibm:ibm:qpu:boston,ONLINE,
2026-08-22T05:05:20+00:00,ibm:ibm:qpu:miami,ONLINE,
2026-08-22T05:05:20+00:00,rigetti:rigetti:qpu:cepheus-1-108q,ONLINE,
2026-08-22T05:05:20+00:00,aws:rigetti:qpu:cepheus-1-108q,ONLINE,
2026-08-22T05:05:20+00:00,openquantum:aqt:qpu:ibex-q1,ONLINE,
2026-08-22T05:05:20+00:00,openquantum:ionq:qpu:forte-1,ONLINE,
2026-08-22T05:05:20+00:00,openquantum:ionq:qpu:forte-enterprise,ONLINE,
2026-08-22T05:05:20+00:00,openquantum:iqm:qpu:emerald,ONLINE,
2026-08-22T05:05:20+00:00,openquantum:iqm:qpu:garnet,ONLINE,
2026-08-22T05:05:20+00:00,openquantum:rigetti:qpu:cepheus-1-108q,ONLINE,
2026-08-22T06:00:50+00:00,aws:aqt:qpu:ibex-q1,UNAVAILABLE,
2026-08-22T06:00:50+00:00,aws:quera:qpu:aquila,ONLINE,
2026-08-22T06:00:50+00:00,ibm:ibm:qpu:marrakesh,ONLINE,
2026-08-22T06:00:50+00:00,ibm:ibm:qpu:pittsburgh,ONLINE,
2026-08-22T06:00:50+00:00,azure:pasqal:qpu:fresnel,OFFLINE,
2026-08-22T06:00:50+00:00,aws:iqm:qpu:emerald,UNAVAILABLE,
2026-08-22T06:00:50+00:00,azure:ionq:qpu:forte-1,OFFLINE,
2026-08-22T06:00:50+00:00,ibm:ibm:qpu:kingston,ONLINE,
2026-08-22T06:00:50+00:00,aws:ionq:qpu:forte-1,ONLINE,
2026-08-22T06:00:50+00:00,aws:ionq:qpu:forte-enterprise-1,ONLINE,
2026-08-22T06:00:50+00:00,ionq:ionq:qpu:forte-1,ONLINE,
2026-08-22T06:00:50+00:00,ibm:ibm:qpu:fez,ONLINE,
2026-08-22T06:00:50+00:00,aws:iqm:qpu:garnet,UNAVAILABLE,
2026-08-22T06:00:50+00:00,azure:rigetti:qpu:cepheus-1-36q,OFFLINE,
2026-08-22T06:00:50+00:00,azure:ionq:qpu:forte-enterprise-1,OFFLINE,
2026-08-22T06:00:50+00:00,ibm:ibm:qpu:boston,ONLINE,
2026-08-22T06:00:50+00:00,ibm:ibm:qpu:miami,ONLINE,
2026-08-22T06:00:50+00:00,rigetti:rigetti:qpu:cepheus-1-108q,ONLINE,
2026-08-22T06:00:50+00:00,aws:rigetti:qpu:cepheus-1-108q,ONLINE,
2026-08-22T06:00:50+00:00,openquantum:aqt:qpu:ibex-q1,ONLINE,
2026-08-22T06:00:50+00:00,openquantum:ionq:qpu:forte-1,ONLINE,
2026-08-22T06:00:50+00:00,openquantum:ionq:qpu:forte-enterprise,ONLINE,
2026-08-22T06:00:50+00:00,openquantum:iqm:qpu:emerald,ONLINE,
2026-08-22T06:00:50+00:00,openquantum:iqm:qpu:garnet,ONLINE,
2026-08-22T06:00:50+00:00,openquantum:rigetti:qpu:cepheus-1-108q,ONLINE,
2026-08-22T07:18:37+00:00,aws:aqt:qpu:ibex-q1,UNAVAILABLE,
2026-08-22T07:18:37+00:00,aws:quera:qpu:aquila,ONLINE,
2026-08-22T07:18:37+00:00,ibm:ibm:qpu:marrakesh,ONLINE,
2026-08-22T07:18:37+00:00,ibm:ibm:qpu:pittsburgh,UNAVAILABLE,
2026-08-22T07:18:37+00:00,azure:pasqal:qpu:fresnel,OFFLINE,
2026-08-22T07:18:37+00:00,aws:iqm:qpu:emerald,UNAVAILABLE,
2026-08-22T07:18:37+00:00,azure:ionq:qpu:forte-1,OFFLINE,
2026-08-22T07:18:37+00:00,ibm:ibm:qpu:kingston,ONLINE,
2026-08-22T07:18:37+00:00,aws:ionq:qpu:forte-1,ONLINE,
2026-08-22T07:18:37+00:00,aws:ionq:qpu:forte-enterprise-1,ONLINE,
2026-08-22T07:18:37+00:00,ionq:ionq:qpu:forte-1,ONLINE,
2026-08-22T07:18:37+00:00,ibm:ibm:qpu:fez,ONLINE,
2026-08-22T07:18:37+00:00,aws:iqm:qpu:garnet,UNAVAILABLE,
2026-08-22T07:18:37+00:00,azure:rigetti:qpu:cepheus-1-36q,OFFLINE,
2026-08-22T07:18:37+00:00,azure:ionq:qpu:forte-enterprise-1,OFFLINE,
2026-08-22T07:18:37+00:00,ibm:ibm:qpu:boston,ONLINE,
2026-08-22T07:18:37+00:00,ibm:ibm:qpu:miami,ONLINE,
2026-08-22T07:18:37+00:00,rigetti:rigetti:qpu:cepheus-1-108q,ONLINE,
2026-08-22T07:18:37+00:00,aws:rigetti:qpu:cepheus-1-108q,UNAVAILABLE,
2026-08-22T07:18:37+00:00,openquantum:aqt:qpu:ibex-q1,ONLINE,
2026-08-22T07:18:37+00:00,openquantum:ionq:qpu:forte-1,ONLINE,
2026-08-22T07:18:37+00:00,openquantum:ionq:qpu:forte-enterprise,ONLINE,
2026-08-22T07:18:37+00:00,openquantum:iqm:qpu:emerald,ONLINE,
2026-08-22T07:18:37+00:00,openquantum:iqm:qpu:garnet,ONLINE,
2026-08-22T07:18:37+00:00,openquantum:rigetti:qpu:cepheus-1-108q,ONLINE,
2026-08-22T08:00:38+00:00,aws:aqt:qpu:ibex-q1,UNAVAILABLE,
2026-08-22T08:00:38+00:00,aws:quera:qpu:aquila,ONLINE,
2026-08-22T08:00:38+00:00,ibm:ibm:qpu:marrakesh,ONLINE,
2026-08-22T08:00:38+00:00,ibm:ibm:qpu:pittsburgh,UNAVAILABLE,
2026-08-22T08:00:38+00:00,azure:pasqal:qpu:fresnel,OFFLINE,
2026-08-22T08:00:38+00:00,aws:iqm:qpu:emerald,UNAVAILABLE,
2026-08-22T08:00:38+00:00,azure:ionq:qpu:forte-1,OFFLINE,
2026-08-22T08:00:38+00:00,ibm:ibm:qpu:kingston,ONLINE,
2026-08-22T08:00:38+00:00,aws:ionq:qpu:forte-1,ONLINE,
2026-08-22T08:00:38+00:00,aws:ionq:qpu:forte-enterprise-1,ONLINE,
2026-08-22T08:00:38+00:00,ionq:ionq:qpu:forte-1,ONLINE,
2026-08-22T08:00:38+00:00,ibm:ibm:qpu:fez,ONLINE,
2026-08-22T08:00:38+00:00,aws:iqm:qpu:garnet,UNAVAILABLE,
2026-08-22T08:00:38+00:00,azure:rigetti:qpu:cepheus-1-36q,OFFLINE,
2026-08-22T08:00:38+00:00,azure:ionq:qpu:forte-enterprise-1,OFFLINE,
2026-08-22T08:00:38+00:00,ibm:ibm:qpu:boston,ONLINE,
2026-08-22T08:00:38+00:00,ibm:ibm:qpu:miami,ONLINE,
2026-08-22T08:00:38+00:00,rigetti:rigetti:qpu:cepheus-1-108q,ONLINE,
2026-08-22T08:00:38+00:00,aws:rigetti:qpu:cepheus-1-108q,UNAVAILABLE,
2026-08-22T08:00:38+00:00,openquantum:aqt:qpu:ibex-q1,ONLINE,
2026-08-22T08:00:38+00:00,openquantum:ionq:qpu:forte-1,ONLINE,
2026-08-22T08:00:38+00:00,openquantum:ionq:qpu:forte-enterprise,ONLINE,
2026-08-22T08:00:38+00:00,openquantum:iqm:qpu:emerald,ONLINE,
2026-08-22T08:00:38+00:00,openquantum:iqm:qpu:garnet,ONLINE,
2026-08-22T08:00:38+00:00,openquantum:rigetti:qpu:cepheus-1-108q,ONLINE,
2026-08-22T09:03:13+00:00,aws:aqt:qpu:ibex-q1,UNAVAILABLE,
2026-08-22T09:03:13+00:00,aws:quera:qpu:aquila,ONLINE,
2026-08-22T09:03:13+00:00,ibm:ibm:qpu:marrakesh,ONLINE,
2026-08-22T09:03:13+00:00,ibm:ibm:qpu:pittsburgh,UNAVAILABLE,
2026-08-22T09:03:13+00:00,azure:pasqal:qpu:fresnel,OFFLINE,
2026-08-22T09:03:13+00:00,aws:iqm:qpu:emerald,UNAVAILABLE,
2026-08-22T09:03:13+00:00,azure:ionq:qpu:forte-1,OFFLINE,
2026-08-22T09:03:13+00:00,ibm:ibm:qpu:kingston,ONLINE,
2026-08-22T09:03:13+00:00,aws:ionq:qpu:forte-1,ONLINE,
2026-08-22T09:03:13+00:00,aws:ionq:qpu:forte-enterprise-1,ONLINE,
2026-08-22T09:03:13+00:00,ionq:ionq:qpu:forte-1,ONLINE,
2026-08-22T09:03:13+00:00,ibm:ibm:qpu:fez,ONLINE,
2026-08-22T09:03:13+00:00,aws:iqm:qpu:garnet,UNAVAILABLE,
2026-08-22T09:03:13+00:00,azure:rigetti:qpu:cepheus-1-36q,OFFLINE,
2026-08-22T09:03:13+00:00,azure:ionq:qpu:forte-enterprise-1,OFFLINE,
2026-08-22T09:03:13+00:00,ibm:ibm:qpu:boston,ONLINE,
2026-08-22T09:03:13+00:00,ibm:ibm:qpu:miami,ONLINE,
2026-08-22T09:03:13+00:00,rigetti:rigetti:qpu:cepheus-1-108q,ONLINE,
2026-08-22T09:03:13+00:00,aws:rigetti:qpu:cepheus-1-108q,UNAVAILABLE,
2026-08-22T09:03:13+00:00,openquantum:aqt:qpu:ibex-q1,ONLINE,
2026-08-22T09:03:13+00:00,openquantum:ionq:qpu:forte-1,ONLINE,
2026-08-22T09:03:13+00:00,openquantum:ionq:qpu:forte-enterprise,ONLINE,
2026-08-22T09:03:13+00:00,openquantum:iqm:qpu:emerald,ONLINE,
2026-08-22T09:03:13+00:00,openquantum:iqm:qpu:garnet,ONLINE,
2026-08-22T09:03:13+00:00,openquantum:rigetti:qpu:cepheus-1-108q,ONLINE,
2026-08-22T09:59:48+00:00,aws:aqt:qpu:ibex-q1,UNAVAILABLE,
2026-08-22T09:59:48+00:00,aws:quera:qpu:aquila,ONLINE,
2026-08-22T09:59:48+00:00,ibm:ibm:qpu:marrakesh,ONLINE,
2026-08-22T09:59:48+00:00,ibm:ibm:qpu:pittsburgh,UNAVAILABLE,
2026-08-22T09:59:48+00:00,azure:pasqal:qpu:fresnel,OFFLINE,
2026-08-22T09:59:48+00:00,aws:iqm:qpu:emerald,UNAVAILABLE,
2026-08-22T09:59:48+00:00,azure:ionq:qpu:forte-1,OFFLINE,
2026-08-22T09:59:48+00:00,ibm:ibm:qpu:kingston,ONLINE,
2026-08-22T09:59:48+00:00,aws:ionq:qpu:forte-1,ONLINE,
2026-08-22T09:59:48+00:00,aws:ionq:qpu:forte-enterprise-1,ONLINE,
2026-08-22T09:59:48+00:00,ionq:ionq:qpu:forte-1,ONLINE,
2026-08-22T09:59:48+00:00,ibm:ibm:qpu:fez,ONLINE,
2026-08-22T09:59:48+00:00,aws:iqm:qpu:garnet,UNAVAILABLE,
2026-08-22T09:59:48+00:00,azure:rigetti:qpu:cepheus-1-36q,OFFLINE,
2026-08-22T09:59:48+00:00,azure:ionq:qpu:forte-enterprise-1,OFFLINE,
2026-08-22T09:59:48+00:00,ibm:ibm:qpu:boston,ONLINE,
2026-08-22T09:59:48+00:00,ibm:ibm:qpu:miami,ONLINE,
2026-08-22T09:59:48+00:00,rigetti:rigetti:qpu:cepheus-1-108q,ONLINE,
2026-08-22T09:59:48+00:00,aws:rigetti:qpu:cepheus-1-108q,UNAVAILABLE,
2026-08-22T09:59:48+00:00,openquantum:aqt:qpu:ibex-q1,ONLINE,
2026-08-22T09:59:48+00:00,openquantum:ionq:qpu:forte-1,ONLINE,
2026-08-22T09:59:48+00:00,openquantum:ionq:qpu:forte-enterprise,ONLINE,
2026-08-22T09:59:48+00:00,openquantum:iqm:qpu:emerald,ONLINE,
2026-08-22T09:59:48+00:00,openquantum:iqm:qpu:garnet,ONLINE,
2026-08-22T09:59:48+00:00,openquantum:rigetti:qpu:cepheus-1-108q,ONLINE,
2026-08-22T10:33:10+00:00,aws:aqt:qpu:ibex-q1,UNAVAILABLE,
2026-08-22T10:33:10+00:00,aws:quera:qpu:aquila,ONLINE,
2026-08-22T10:33:10+00:00,ibm:ibm:qpu:marrakesh,ONLINE,
2026-08-22T10:33:10+00:00,ibm:ibm:qpu:pittsburgh,UNAVAILABLE,
2026-08-22T10:33:10+00:00,azure:pasqal:qpu:fresnel,OFFLINE,
2026-08-22T10:33:10+00:00,aws:iqm:qpu:emerald,UNAVAILABLE,
2026-08-22T10:33:10+00:00,azure:ionq:qpu:forte-1,OFFLINE,
2026-08-22T10:33:10+00:00,ibm:ibm:qpu:kingston,ONLINE,
2026-08-22T10:33:10+00:00,aws:ionq:qpu:forte-1,ONLINE,
2026-08-22T10:33:10+00:00,aws:ionq:qpu:forte-enterprise-1,ONLINE,
2026-08-22T10:33:10+00:00,ionq:ionq:qpu:forte-1,ONLINE,
2026-08-22T10:33:10+00:00,ibm:ibm:qpu:fez,ONLINE,
2026-08-22T10:33:10+00:00,aws:iqm:qpu:garnet,UNAVAILABLE,
2026-08-22T10:33:10+00:00,azure:rigetti:qpu:cepheus-1-36q,OFFLINE,
2026-08-22T10:33:10+00:00,azure:ionq:qpu:forte-enterprise-1,OFFLINE,
2026-08-22T10:33:10+00:00,ibm:ibm:qpu:boston,ONLINE,
2026-08-22T10:33:10+00:00,ibm:ibm:qpu:miami,ONLINE,
2026-08-22T10:33:10+00:00,rigetti:rigetti:qpu:cepheus-1-108q,ONLINE,
2026-08-22T10:33:10+00:00,aws:rigetti:qpu:cepheus-1-108q,UNAVAILABLE,
2026-08-22T10:33:10+00:00,openquantum:aqt:qpu:ibex-q1,ONLINE,
2026-08-22T10:33:10+00:00,openquantum:ionq:qpu:forte-1,ONLINE,
2026-08-22T10:33:10+00:00,openquantum:ionq:qpu:forte-enterprise,ONLINE,
2026-08-22T10:33:10+00:00,openquantum:iqm:qpu:emerald,ONLINE,
2026-08-22T10:33:10+00:00,openquantum:iqm:qpu:garnet,ONLINE,
2026-08-22T10:33:10+00:00,openquantum:rigetti:qpu:cepheus-1-108q,ONLINE,
2026-08-22T10:59:06+00:00,aws:aqt:qpu:ibex-q1,UNAVAILABLE,
2026-08-22T10:59:06+00:00,aws:quera:qpu:aquila,ONLINE,
2026-08-22T10:59:06+00:00,ibm:ibm:qpu:marrakesh,ONLINE,
2026-08-22T10:59:06+00:00,ibm:ibm:qpu:pittsburgh,UNAVAILABLE,
2026-08-22T10:59:06+00:00,azure:pasqal:qpu:fresnel,OFFLINE,
2026-08-22T10:59:06+00:00,aws:iqm:qpu:emerald,UNAVAILABLE,
2026-08-22T10:59:06+00:00,azure:ionq:qpu:forte-1,OFFLINE,
2026-08-22T10:59:06+00:00,ibm:ibm:qpu:kingston,ONLINE,
2026-08-22T10:59:06+00:00,aws:ionq:qpu:forte-1,ONLINE,
2026-08-22T10:59:06+00:00,aws:ionq:qpu:forte-enterprise-1,ONLINE,
2026-08-22T10:59:06+00:00,ionq:ionq:qpu:forte-1,ONLINE,
2026-08-22T10:59:06+00:00,ibm:ibm:qpu:fez,ONLINE,
2026-08-22T10:59:06+00:00,aws:iqm:qpu:garnet,UNAVAILABLE,
2026-08-22T10:59:06+00:00,azure:rigetti:qpu:cepheus-1-36q,OFFLINE,
2026-08-22T10:59:06+00:00,azure:ionq:qpu:forte-enterprise-1,OFFLINE,
2026-08-22T10:59:06+00:00,ibm:ibm:qpu:boston,ONLINE,
2026-08-22T10:59:06+00:00,ibm:ibm:qpu:miami,ONLINE,
2026-08-22T10:59:06+00:00,rigetti:rigetti:qpu:cepheus-1-108q,ONLINE,
2026-08-22T10:59:06+00:00,aws:rigetti:qpu:cepheus-1-108q,UNAVAILABLE,
2026-08-22T10:59:06+00:00,openquantum:aqt:qpu:ibex-q1,ONLINE,
2026-08-22T10:59:06+00:00,openquantum:ionq:qpu:forte-1,ONLINE,
2026-08-22T10:59:06+00:00,openquantum:ionq:qpu:forte-enterprise,ONLINE,
2026-08-22T10:59:06+00:00,openquantum:iqm:qpu:emerald,ONLINE,
2026-08-22T10:59:06+00:00,openquantum:iqm:qpu:garnet,ONLINE,
2026-08-22T10:59:06+00:00,openquantum:rigetti:qpu:cepheus-1-108q,ONLINE,
2026-08-22T11:28:09+00:00,aws:aqt:qpu:ibex-q1,UNAVAILABLE,
2026-08-22T11:28:09+00:00,aws:quera:qpu:aquila,ONLINE,
2026-08-22T11:28:09+00:00,ibm:ibm:qpu:marrakesh,ONLINE,
2026-08-22T11:28:09+00:00,ibm:ibm:qpu:pittsburgh,UNAVAILABLE,
2026-08-22T11:28:09+00:00,azure:pasqal:qpu:fresnel,OFFLINE,
2026-08-22T11:28:09+00:00,aws:iqm:qpu:emerald,UNAVAILABLE,
2026-08-22T11:28:09+00:00,azure:ionq:qpu:forte-1,OFFLINE,
2026-08-22T11:28:09+00:00,ibm:ibm:qpu:kingston,ONLINE,
2026-08-22T11:28:09+00:00,aws:ionq:qpu:forte-1,ONLINE,
2026-08-22T11:28:09+00:00,aws:ionq:qpu:forte-enterprise-1,ONLINE,
2026-08-22T11:28:09+00:00,ionq:ionq:qpu:forte-1,ONLINE,
2026-08-22T11:28:09+00:00,ibm:ibm:qpu:fez,ONLINE,
2026-08-22T11:28:09+00:00,aws:iqm:qpu:garnet,UNAVAILABLE,
2026-08-22T11:28:09+00:00,azure:rigetti:qpu:cepheus-1-36q,OFFLINE,
2026-08-22T11:28:09+00:00,azure:ionq:qpu:forte-enterprise-1,OFFLINE,
2026-08-22T11:28:09+00:00,ibm:ibm:qpu:boston,ONLINE,
2026-08-22T11:28:09+00:00,ibm:ibm:qpu:miami,ONLINE,
2026-08-22T11:28:09+00:00,rigetti:rigetti:qpu:cepheus-1-108q,ONLINE,
2026-08-22T11:28:09+00:00,aws:rigetti:qpu:cepheus-1-108q,UNAVAILABLE,
2026-08-22T11:28:09+00:00,openquantum:aqt:qpu:ibex-q1,ONLINE,
2026-08-22T11:28:09+00:00,openquantum:ionq:qpu:forte-1,ONLINE,
2026-08-22T11:28:09+00:00,openquantum:ionq:qpu:forte-enterprise,ONLINE,
2026-08-22T11:28:09+00:00,openquantum:iqm:qpu:emerald,ONLINE,
2026-08-22T11:28:09+00:00,openquantum:iqm:qpu:garnet,ONLINE,
2026-08-22T11:28:09+00:00,openquantum:rigetti:qpu:cepheus-1-108q,ONLINE,
2026-08-22T11:57:50+00:00,aws:aqt:qpu:ibex-q1,UNAVAILABLE,
2026-08-22T11:57:50+00:00,aws:quera:qpu:aquila,ONLINE,
2026-08-22T11:57:50+00:00,ibm:ibm:qpu:marrakesh,ONLINE,
2026-08-22T11:57:50+00:00,ibm:ibm:qpu:pittsburgh,UNAVAILABLE,
2026-08-22T11:57:50+00:00,azure:pasqal:qpu:fresnel,OFFLINE,
2026-08-22T11:57:50+00:00,aws:iqm:qpu:emerald,UNAVAILABLE,
2026-08-22T11:57:50+00:00,azure:ionq:qpu:forte-1,OFFLINE,
2026-08-22T11:57:50+00:00,ibm:ibm:qpu:kingston,ONLINE,
2026-08-22T11:57:50+00:00,aws:ionq:qpu:forte-1,ONLINE,
2026-08-22T11:57:50+00:00,aws:ionq:qpu:forte-enterprise-1,ONLINE,
2026-08-22T11:57:50+00:00,ionq:ionq:qpu:forte-1,ONLINE,
2026-08-22T11:57:50+00:00,ibm:ibm:qpu:fez,ONLINE,
2026-08-22T11:57:50+00:00,aws:iqm:qpu:garnet,UNAVAILABLE,
2026-08-22T11:57:50+00:00,azure:rigetti:qpu:cepheus-1-36q,OFFLINE,
2026-08-22T11:57:50+00:00,azure:ionq:qpu:forte-enterprise-1,OFFLINE,
2026-08-22T11:57:50+00:00,ibm:ibm:qpu:boston,ONLINE,
2026-08-22T11:57:50+00:00,ibm:ibm:qpu:miami,ONLINE,
2026-08-22T11:57:50+00:00,rigetti:rigetti:qpu:cepheus-1-108q,ONLINE,
2026-08-22T11:57:50+00:00,aws:rigetti:qpu:cepheus-1-108q,UNAVAILABLE,
2026-08-22T11:57:50+00:00,openquantum:aqt:qpu:ibex-q1,ONLINE,
2026-08-22T11:57:50+00:00,openquantum:ionq:qpu:forte-1,ONLINE,
2026-08-22T11:57:50+00:00,openquantum:ionq:qpu:forte-enterprise,ONLINE,
2026-08-22T11:57:50+00:00,openquantum:iqm:qpu:emerald,ONLINE,
2026-08-22T11:57:50+00:00,openquantum:iqm:qpu:garnet,ONLINE,
2026-08-22T11:57:50+00:00,openquantum:rigetti:qpu:cepheus-1-108q,ONLINE,
2026-08-22T12:51:58+00:00,aws:aqt:qpu:ibex-q1,UNAVAILABLE,
2026-08-22T12:51:58+00:00,aws:quera:qpu:aquila,ONLINE,
2026-08-22T12:51:58+00:00,ibm:ibm:qpu:marrakesh,ONLINE,
2026-08-22T12:51:58+00:00,ibm:ibm:qpu:pittsburgh,UNAVAILABLE,
2026-08-22T12:51:58+00:00,azure:pasqal:qpu:fresnel,OFFLINE,
2026-08-22T12:51:58+00:00,aws:iqm:qpu:emerald,UNAVAILABLE,
2026-08-22T12:51:58+00:00,azure:ionq:qpu:forte-1,OFFLINE,
2026-08-22T12:51:58+00:00,ibm:ibm:qpu:kingston,ONLINE,
2026-08-22T12:51:58+00:00,aws:ionq:qpu:forte-1,ONLINE,
2026-08-22T12:51:58+00:00,aws:ionq:qpu:forte-enterprise-1,ONLINE,
2026-08-22T12:51:58+00:00,ionq:ionq:qpu:forte-1,ONLINE,
2026-08-22T12:51:58+00:00,ibm:ibm:qpu:fez,ONLINE,
2026-08-22T12:51:58+00:00,aws:iqm:qpu:garnet,UNAVAILABLE,
2026-08-22T12:51:58+00:00,azure:rigetti:qpu:cepheus-1-36q,OFFLINE,
2026-08-22T12:51:58+00:00,azure:ionq:qpu:forte-enterprise-1,OFFLINE,
2026-08-22T12:51:58+00:00,ibm:ibm:qpu:boston,ONLINE,
2026-08-22T12:51:58+00:00,ibm:ibm:qpu:miami,ONLINE,
2026-08-22T12:51:58+00:00,rigetti:rigetti:qpu:cepheus-1-108q,ONLINE,
2026-08-22T12:51:58+00:00,aws:rigetti:qpu:cepheus-1-108q,UNAVAILABLE,
2026-08-22T12:51:58+00:00,openquantum:aqt:qpu:ibex-q1,ONLINE,
2026-08-22T12:51:58+00:00,openquantum:ionq:qpu:forte-1,ONLINE,
2026-08-22T12:51:58+00:00,openquantum:ionq:qpu:forte-enterprise,ONLINE,
2026-08-22T12:51:58+00:00,openquantum:iqm:qpu:emerald,ONLINE,
2026-08-22T12:51:58+00:00,openquantum:iqm:qpu:garnet,ONLINE,
2026-08-22T12:51:58+00:00,openquantum:rigetti:qpu:cepheus-1-108q,ONLINE,
2026-08-22T13:31:16+00:00,aws:aqt:qpu:ibex-q1,UNAVAILABLE,
2026-08-22T13:31:16+00:00,aws:quera:qpu:aquila,ONLINE,
2026-08-22T13:31:16+00:00,ibm:ibm:qpu:marrakesh,ONLINE,
2026-08-22T13:31:16+00:00,ibm:ibm:qpu:pittsburgh,UNAVAILABLE,
2026-08-22T13:31:16+00:00,azure:pasqal:qpu:fresnel,OFFLINE,
2026-08-22T13:31:16+00:00,aws:iqm:qpu:emerald,UNAVAILABLE,
2026-08-22T13:31:16+00:00,azure:ionq:qpu:forte-1,OFFLINE,
2026-08-22T13:31:16+00:00,ibm:ibm:qpu:kingston,ONLINE,
2026-08-22T13:31:16+00:00,aws:ionq:qpu:forte-1,ONLINE,
2026-08-22T13:31:16+00:00,aws:ionq:qpu:forte-enterprise-1,ONLINE,
2026-08-22T13:31:16+00:00,ionq:ionq:qpu:forte-1,ONLINE,
2026-08-22T13:31:16+00:00,ibm:ibm:qpu:fez,ONLINE,
2026-08-22T13:31:16+00:00,aws:iqm:qpu:garnet,UNAVAILABLE,
2026-08-22T13:31:16+00:00,azure:rigetti:qpu:cepheus-1-36q,OFFLINE,
2026-08-22T13:31:16+00:00,azure:ionq:qpu:forte-enterprise-1,OFFLINE,
2026-08-22T13:31:16+00:00,ibm:ibm:qpu:boston,ONLINE,
2026-08-22T13:31:16+00:00,ibm:ibm:qpu:miami,ONLINE,
2026-08-22T13:31:16+00:00,rigetti:rigetti:qpu:cepheus-1-108q,ONLINE,
2026-08-22T13:31:16+00:00,aws:rigetti:qpu:cepheus-1-108q,UNAVAILABLE,
2026-08-22T13:31:16+00:00,openquantum:aqt:qpu:ibex-q1,ONLINE,
2026-08-22T13:31:16+00:00,openquantum:ionq:qpu:forte-1,ONLINE,
2026-08-22T13:31:16+00:00,openquantum:ionq:qpu:forte-enterprise,ONLINE,
2026-08-22T13:31:16+00:00,openquantum:iqm:qpu:emerald,ONLINE,
2026-08-22T13:31:16+00:00,openquantum:iqm:qpu:garnet,ONLINE,
2026-08-22T13:31:16+00:00,openquantum:rigetti:qpu:cepheus-1-108q,ONLINE,
2026-08-22T13:58:38+00:00,aws:aqt:qpu:ibex-q1,UNAVAILABLE,
2026-08-22T13:58:38+00:00,aws:quera:qpu:aquila,ONLINE,
2026-08-22T13:58:38+00:00,ibm:ibm:qpu:marrakesh,ONLINE,
2026-08-22T13:58:38+00:00,ibm:ibm:qpu:pittsburgh,UNAVAILABLE,
2026-08-22T13:58:38+00:00,azure:pasqal:qpu:fresnel,OFFLINE,
2026-08-22T13:58:38+00:00,aws:iqm:qpu:emerald,UNAVAILABLE,
2026-08-22T13:58:38+00:00,azure:ionq:qpu:forte-1,OFFLINE,
2026-08-22T13:58:38+00:00,ibm:ibm:qpu:kingston,ONLINE,
2026-08-22T13:58:38+00:00,aws:ionq:qpu:forte-1,ONLINE,
2026-08-22T13:58:38+00:00,aws:ionq:qpu:forte-enterprise-1,ONLINE,
2026-08-22T13:58:38+00:00,ionq:ionq:qpu:forte-1,ONLINE,
2026-08-22T13:58:38+00:00,ibm:ibm:qpu:fez,ONLINE,
2026-08-22T13:58:38+00:00,aws:iqm:qpu:garnet,UNAVAILABLE,
2026-08-22T13:58:38+00:00,azure:rigetti:qpu:cepheus-1-36q,OFFLINE,
2026-08-22T13:58:38+00:00,azure:ionq:qpu:forte-enterprise-1,OFFLINE,
2026-08-22T13:58:38+00:00,ibm:ibm:qpu:boston,ONLINE,
2026-08-22T13:58:38+00:00,ibm:ibm:qpu:miami,ONLINE,
2026-08-22T13:58:38+00:00,rigetti:rigetti:qpu:cepheus-1-108q,ONLINE,
2026-08-22T13:58:38+00:00,aws:rigetti:qpu:cepheus-1-108q,UNAVAILABLE,
2026-08-22T13:58:38+00:00,openquantum:aqt:qpu:ibex-q1,ONLINE,
2026-08-22T13:58:38+00:00,openquantum:ionq:qpu:forte-1,ONLINE,
2026-08-22T13:58:38+00:00,openquantum:ionq:qpu:forte-enterprise,ONLINE,
2026-08-22T13:58:38+00:00,openquantum:iqm:qpu:emerald,ONLINE,
2026-08-22T13:58:38+00:00,openquantum:iqm:qpu:garnet,ONLINE,
2026-08-22T13:58:38+00:00,openquantum:rigetti:qpu:cepheus-1-108q,ONLINE,
2026-08-22T14:29:21+00:00,aws:aqt:qpu:ibex-q1,UNAVAILABLE,
2026-08-22T14:29:21+00:00,aws:quera:qpu:aquila,ONLINE,
2026-08-22T14:29:21+00:00,ibm:ibm:qpu:marrakesh,ONLINE,
2026-08-22T14:29:21+00:00,ibm:ibm:qpu:pittsburgh,UNAVAILABLE,
2026-08-22T14:29:21+00:00,azure:pasqal:qpu:fresnel,OFFLINE,
2026-08-22T14:29:21+00:00,aws:iqm:qpu:emerald,UNAVAILABLE,
2026-08-22T14:29:21+00:00,azure:ionq:qpu:forte-1,OFFLINE,
2026-08-22T14:29:21+00:00,ibm:ibm:qpu:kingston,ONLINE,
2026-08-22T14:29:21+00:00,aws:ionq:qpu:forte-1,ONLINE,
2026-08-22T14:29:21+00:00,aws:ionq:qpu:forte-enterprise-1,ONLINE,
2026-08-22T14:29:21+00:00,ionq:ionq:qpu:forte-1,ONLINE,
2026-08-22T14:29:21+00:00,ibm:ibm:qpu:fez,ONLINE,
2026-08-22T14:29:21+00:00,aws:iqm:qpu:garnet,UNAVAILABLE,
2026-08-22T14:29:21+00:00,azure:rigetti:qpu:cepheus-1-36q,OFFLINE,
2026-08-22T14:29:21+00:00,azure:ionq:qpu:forte-enterprise-1,OFFLINE,
2026-08-22T14:29:21+00:00,ibm:ibm:qpu:boston,ONLINE,
2026-08-22T14:29:21+00:00,ibm:ibm:qpu:miami,ONLINE,
2026-08-22T14:29:21+00:00,rigetti:rigetti:qpu:cepheus-1-108q,ONLINE,
2026-08-22T14:29:21+00:00,aws:rigetti:qpu:cepheus-1-108q,UNAVAILABLE,
2026-08-22T14:29:21+00:00,openquantum:aqt:qpu:ibex-q1,ONLINE,
2026-08-22T14:29:21+00:00,openquantum:ionq:qpu:forte-1,ONLINE,
2026-08-22T14:29:21+00:00,openquantum:ionq:qpu:forte-enterprise,ONLINE,
2026-08-22T14:29:21+00:00,openquantum:iqm:qpu:emerald,ONLINE,
2026-08-22T14:29:21+00:00,openquantum:iqm:qpu:garnet,ONLINE,
2026-08-22T14:29:21+00:00,openquantum:rigetti:qpu:cepheus-1-108q,ONLINE,
2026-08-22T14:58:42+00:00,aws:aqt:qpu:ibex-q1,UNAVAILABLE,
2026-08-22T14:58:42+00:00,aws:quera:qpu:aquila,ONLINE,
2026-08-22T14:58:42+00:00,ibm:ibm:qpu:marrakesh,ONLINE,
2026-08-22T14:58:42+00:00,ibm:ibm:qpu:pittsburgh,UNAVAILABLE,
2026-08-22T14:58:42+00:00,azure:pasqal:qpu:fresnel,OFFLINE,
2026-08-22T14:58:42+00:00,aws:iqm:qpu:emerald,UNAVAILABLE,
2026-08-22T14:58:42+00:00,azure:ionq:qpu:forte-1,OFFLINE,
2026-08-22T14:58:42+00:00,ibm:ibm:qpu:kingston,ONLINE,
2026-08-22T14:58:42+00:00,aws:ionq:qpu:forte-1,ONLINE,
2026-08-22T14:58:42+00:00,aws:ionq:qpu:forte-enterprise-1,ONLINE,
2026-08-22T14:58:42+00:00,ionq:ionq:qpu:forte-1,ONLINE,
2026-08-22T14:58:42+00:00,ibm:ibm:qpu:fez,ONLINE,
2026-08-22T14:58:42+00:00,aws:iqm:qpu:garnet,UNAVAILABLE,
2026-08-22T14:58:42+00:00,azure:rigetti:qpu:cepheus-1-36q,OFFLINE,
2026-08-22T14:58:42+00:00,azure:ionq:qpu:forte-enterprise-1,OFFLINE,
2026-08-22T14:58:42+00:00,ibm:ibm:qpu:boston,ONLINE,
2026-08-22T14:58:42+00:00,ibm:ibm:qpu:miami,ONLINE,
2026-08-22T14:58:42+00:00,rigetti:rigetti:qpu:cepheus-1-108q,ONLINE,
2026-08-22T14:58:42+00:00,aws:rigetti:qpu:cepheus-1-108q,UNAVAILABLE,
2026-08-22T14:58:42+00:00,openquantum:aqt:qpu:ibex-q1,ONLINE,
2026-08-22T14:58:42+00:00,openquantum:ionq:qpu:forte-1,ONLINE,
2026-08-22T14:58:42+00:00,openquantum:ionq:qpu:forte-enterprise,ONLINE,
2026-08-22T14:58:42+00:00,openquantum:iqm:qpu:emerald,ONLINE,
2026-08-22T14:58:42+00:00,openquantum:iqm:qpu:garnet,ONLINE,
2026-08-22T14:58:42+00:00,openquantum:rigetti:qpu:cepheus-1-108q,ONLINE,
2026-08-22T15:29:01+00:00,aws:aqt:qpu:ibex-q1,UNAVAILABLE,
2026-08-22T15:29:01+00:00,aws:quera:qpu:aquila,ONLINE,
2026-08-22T15:29:01+00:00,ibm:ibm:qpu:marrakesh,ONLINE,
2026-08-22T15:29:01+00:00,ibm:ibm:qpu:pittsburgh,UNAVAILABLE,
2026-08-22T15:29:01+00:00,azure:pasqal:qpu:fresnel,OFFLINE,
2026-08-22T15:29:01+00:00,aws:iqm:qpu:emerald,UNAVAILABLE,
2026-08-22T15:29:01+00:00,azure:ionq:qpu:forte-1,OFFLINE,
2026-08-22T15:29:01+00:00,ibm:ibm:qpu:kingston,ONLINE,
2026-08-22T15:29:01+00:00,aws:ionq:qpu:forte-1,ONLINE,
2026-08-22T15:29:01+00:00,aws:ionq:qpu:forte-enterprise-1,ONLINE,
2026-08-22T15:29:01+00:00,ionq:ionq:qpu:forte-1,ONLINE,
2026-08-22T15:29:01+00:00,ibm:ibm:qpu:fez,ONLINE,
2026-08-22T15:29:01+00:00,aws:iqm:qpu:garnet,UNAVAILABLE,
2026-08-22T15:29:01+00:00,azure:rigetti:qpu:cepheus-1-36q,OFFLINE,
2026-08-22T15:29:01+00:00,azure:ionq:qpu:forte-enterprise-1,OFFLINE,
2026-08-22T15:29:01+00:00,ibm:ibm:qpu:boston,ONLINE,
2026-08-22T15:29:01+00:00,ibm:ibm:qpu:miami,ONLINE,
2026-08-22T15:29:01+00:00,rigetti:rigetti:qpu:cepheus-1-108q,ONLINE,
2026-08-22T15:29:01+00:00,aws:rigetti:qpu:cepheus-1-108q,UNAVAILABLE,
2026-08-22T15:29:01+00:00,openquantum:aqt:qpu:ibex-q1,ONLINE,
2026-08-22T15:29:01+00:00,openquantum:ionq:qpu:forte-1,ONLINE,
2026-08-22T15:29:01+00:00,openquantum:ionq:qpu:forte-enterprise,ONLINE,
2026-08-22T15:29:01+00:00,openquantum:iqm:qpu:emerald,ONLINE,
2026-08-22T15:29:01+00:00,openquantum:iqm:qpu:garnet,ONLINE,
2026-08-22T15:29:01+00:00,openquantum:rigetti:qpu:cepheus-1-108q,ONLINE,
2026-08-22T15:57:26+00:00,aws:aqt:qpu:ibex-q1,UNAVAILABLE,
2026-08-22T15:57:26+00:00,aws:quera:qpu:aquila,ONLINE,
2026-08-22T15:57:26+00:00,ibm:ibm:qpu:marrakesh,ONLINE,
2026-08-22T15:57:26+00:00,ibm:ibm:qpu:pittsburgh,UNAVAILABLE,
2026-08-22T15:57:26+00:00,azure:pasqal:qpu:fresnel,OFFLINE,
2026-08-22T15:57:26+00:00,aws:iqm:qpu:emerald,UNAVAILABLE,
2026-08-22T15:57:26+00:00,azure:ionq:qpu:forte-1,OFFLINE,
2026-08-22T15:57:26+00:00,ibm:ibm:qpu:kingston,ONLINE,
2026-08-22T15:57:26+00:00,aws:ionq:qpu:forte-1,ONLINE,
2026-08-22T15:57:26+00:00,aws:ionq:qpu:forte-enterprise-1,ONLINE,
2026-08-22T15:57:26+00:00,ionq:ionq:qpu:forte-1,ONLINE,
2026-08-22T15:57:26+00:00,ibm:ibm:qpu:fez,ONLINE,
2026-08-22T15:57:26+00:00,aws:iqm:qpu:garnet,UNAVAILABLE,
2026-08-22T15:57:26+00:00,azure:rigetti:qpu:cepheus-1-36q,OFFLINE,
2026-08-22T15:57:26+00:00,azure:ionq:qpu:forte-enterprise-1,OFFLINE,
2026-08-22T15:57:26+00:00,ibm:ibm:qpu:boston,ONLINE,
2026-08-22T15:57:26+00:00,ibm:ibm:qpu:miami,ONLINE,
2026-08-22T15:57:26+00:00,rigetti:rigetti:qpu:cepheus-1-108q,ONLINE,
2026-08-22T15:57:26+00:00,aws:rigetti:qpu:cepheus-1-108q,UNAVAILABLE,
2026-08-22T15:57:26+00:00,openquantum:aqt:qpu:ibex-q1,ONLINE,
2026-08-22T15:57:26+00:00,openquantum:ionq:qpu:forte-1,ONLINE,
2026-08-22T15:57:26+00:00,openquantum:ionq:qpu:forte-enterprise,ONLINE,
2026-08-22T15:57:26+00:00,openquantum:iqm:qpu:emerald,ONLINE,
2026-08-22T15:57:26+00:00,openquantum:iqm:qpu:garnet,ONLINE,
2026-08-22T15:57:26+00:00,openquantum:rigetti:qpu:cepheus-1-108q,ONLINE,
2026-08-22T16:30:40+00:00,aws:aqt:qpu:ibex-q1,UNAVAILABLE,
2026-08-22T16:30:40+00:00,aws:quera:qpu:aquila,ONLINE,
2026-08-22T16:30:40+00:00,ibm:ibm:qpu:marrakesh,ONLINE,
2026-08-22T16:30:40+00:00,ibm:ibm:qpu:pittsburgh,UNAVAILABLE,
2026-08-22T16:30:40+00:00,azure:pasqal:qpu:fresnel,OFFLINE,
2026-08-22T16:30:40+00:00,aws:iqm:qpu:emerald,UNAVAILABLE,
2026-08-22T16:30:40+00:00,azure:ionq:qpu:forte-1,OFFLINE,
2026-08-22T16:30:40+00:00,ibm:ibm:qpu:kingston,ONLINE,
2026-08-22T16:30:40+00:00,aws:ionq:qpu:forte-1,ONLINE,
2026-08-22T16:30:40+00:00,aws:ionq:qpu:forte-enterprise-1,ONLINE,
2026-08-22T16:30:40+00:00,ionq:ionq:qpu:forte-1,ONLINE,
2026-08-22T16:30:40+00:00,ibm:ibm:qpu:fez,ONLINE,
2026-08-22T16:30:40+00:00,aws:iqm:qpu:garnet,UNAVAILABLE,
2026-08-22T16:30:40+00:00,azure:rigetti:qpu:cepheus-1-36q,OFFLINE,
2026-08-22T16:30:40+00:00,azure:ionq:qpu:forte-enterprise-1,OFFLINE,
2026-08-22T16:30:40+00:00,ibm:ibm:qpu:boston,ONLINE,
2026-08-22T16:30:40+00:00,ibm:ibm:qpu:miami,ONLINE,
2026-08-22T16:30:40+00:00,rigetti:rigetti:qpu:cepheus-1-108q,ONLINE,
2026-08-22T16:30:40+00:00,aws:rigetti:qpu:cepheus-1-108q,UNAVAILABLE,
2026-08-22T16:30:40+00:00,openquantum:aqt:qpu:ibex-q1,ONLINE,
2026-08-22T16:30:40+00:00,openquantum:ionq:qpu:forte-1,ONLINE,
2026-08-22T16:30:40+00:00,openquantum:ionq:qpu:forte-enterprise,ONLINE,
2026-08-22T16:30:40+00:00,openquantum:iqm:qpu:emerald,ONLINE,
2026-08-22T16:30:40+00:00,openquantum:iqm:qpu:garnet,ONLINE,
2026-08-22T16:30:40+00:00,openquantum:rigetti:qpu:cepheus-1-108q,ONLINE,
2026-08-22T16:59:59+00:00,aws:aqt:qpu:ibex-q1,UNAVAILABLE,
2026-08-22T16:59:59+00:00,aws:quera:qpu:aquila,ONLINE,
2026-08-22T16:59:59+00:00,ibm:ibm:qpu:marrakesh,ONLINE,
2026-08-22T16:59:59+00:00,ibm:ibm:qpu:pittsburgh,UNAVAILABLE,
2026-08-22T16:59:59+00:00,azure:pasqal:qpu:fresnel,OFFLINE,
2026-08-22T16:59:59+00:00,aws:iqm:qpu:emerald,UNAVAILABLE,
2026-08-22T16:59:59+00:00,azure:ionq:qpu:forte-1,OFFLINE,
2026-08-22T16:59:59+00:00,ibm:ibm:qpu:kingston,ONLINE,
2026-08-22T16:59:59+00:00,aws:ionq:qpu:forte-1,ONLINE,
2026-08-22T16:59:59+00:00,aws:ionq:qpu:forte-enterprise-1,ONLINE,
2026-08-22T16:59:59+00:00,ionq:ionq:qpu:forte-1,ONLINE,
2026-08-22T16:59:59+00:00,ibm:ibm:qpu:fez,ONLINE,
2026-08-22T16:59:59+00:00,aws:iqm:qpu:garnet,UNAVAILABLE,
2026-08-22T16:59:59+00:00,azure:rigetti:qpu:cepheus-1-36q,OFFLINE,
2026-08-22T16:59:59+00:00,azure:ionq:qpu:forte-enterprise-1,OFFLINE,
2026-08-22T16:59:59+00:00,ibm:ibm:qpu:boston,ONLINE,
2026-08-22T16:59:59+00:00,ibm:ibm:qpu:miami,ONLINE,
2026-08-22T16:59:59+00:00,rigetti:rigetti:qpu:cepheus-1-108q,ONLINE,
2026-08-22T16:59:59+00:00,aws:rigetti:qpu:cepheus-1-108q,UNAVAILABLE,
2026-08-22T16:59:59+00:00,openquantum:aqt:qpu:ibex-q1,ONLINE,
2026-08-22T16:59:59+00:00,openquantum:ionq:qpu:forte-1,ONLINE,
2026-08-22T16:59:59+00:00,openquantum:ionq:qpu:forte-enterprise,ONLINE,
2026-08-22T16:59:59+00:00,openquantum:iqm:qpu:emerald,ONLINE,
2026-08-22T16:59:59+00:00,openquantum:iqm:qpu:garnet,ONLINE,
2026-08-22T16:59:59+00:00,openquantum:rigetti:qpu:cepheus-1-108q,ONLINE,
2026-08-22T17:29:14+00:00,aws:aqt:qpu:ibex-q1,UNAVAILABLE,
2026-08-22T17:29:14+00:00,aws:quera:qpu:aquila,ONLINE,
2026-08-22T17:29:14+00:00,ibm:ibm:qpu:marrakesh,ONLINE,
2026-08-22T17:29:14+00:00,ibm:ibm:qpu:pittsburgh,UNAVAILABLE,
2026-08-22T17:29:14+00:00,azure:pasqal:qpu:fresnel,OFFLINE,
2026-08-22T17:29:14+00:00,aws:iqm:qpu:emerald,UNAVAILABLE,
2026-08-22T17:29:14+00:00,azure:ionq:qpu:forte-1,OFFLINE,
2026-08-22T17:29:14+00:00,ibm:ibm:qpu:kingston,ONLINE,
2026-08-22T17:29:14+00:00,aws:ionq:qpu:forte-1,ONLINE,
2026-08-22T17:29:14+00:00,aws:ionq:qpu:forte-enterprise-1,ONLINE,
2026-08-22T17:29:14+00:00,ionq:ionq:qpu:forte-1,ONLINE,
2026-08-22T17:29:14+00:00,ibm:ibm:qpu:fez,ONLINE,
2026-08-22T17:29:14+00:00,aws:iqm:qpu:garnet,UNAVAILABLE,
2026-08-22T17:29:14+00:00,azure:rigetti:qpu:cepheus-1-36q,OFFLINE,
2026-08-22T17:29:14+00:00,azure:ionq:qpu:forte-enterprise-1,OFFLINE,
2026-08-22T17:29:14+00:00,ibm:ibm:qpu:boston,ONLINE,
2026-08-22T17:29:14+00:00,ibm:ibm:qpu:miami,ONLINE,
2026-08-22T17:29:14+00:00,rigetti:rigetti:qpu:cepheus-1-108q,ONLINE,
2026-08-22T17:29:14+00:00,aws:rigetti:qpu:cepheus-1-108q,UNAVAILABLE,
2026-08-22T17:29:14+00:00,openquantum:aqt:qpu:ibex-q1,ONLINE,
2026-08-22T17:29:14+00:00,openquantum:ionq:qpu:forte-1,ONLINE,
2026-08-22T17:29:14+00:00,openquantum:ionq:qpu:forte-enterprise,ONLINE,
2026-08-22T17:29:14+00:00,openquantum:iqm:qpu:emerald,ONLINE,
2026-08-22T17:29:14+00:00,openquantum:iqm:qpu:garnet,ONLINE,
2026-08-22T17:29:14+00:00,openquantum:rigetti:qpu:cepheus-1-108q,ONLINE,
2026-08-22T17:57:57+00:00,aws:aqt:qpu:ibex-q1,UNAVAILABLE,
2026-08-22T17:57:57+00:00,aws:quera:qpu:aquila,ONLINE,
2026-08-22T17:57:57+00:00,ibm:ibm:qpu:marrakesh,ONLINE,
2026-08-22T17:57:57+00:00,ibm:ibm:qpu:pittsburgh,UNAVAILABLE,
2026-08-22T17:57:57+00:00,azure:pasqal:qpu:fresnel,OFFLINE,
2026-08-22T17:57:57+00:00,aws:iqm:qpu:emerald,UNAVAILABLE,
2026-08-22T17:57:57+00:00,azure:ionq:qpu:forte-1,OFFLINE,
2026-08-22T17:57:57+00:00,ibm:ibm:qpu:kingston,ONLINE,
2026-08-22T17:57:57+00:00,aws:ionq:qpu:forte-1,ONLINE,
2026-08-22T17:57:57+00:00,aws:ionq:qpu:forte-enterprise-1,ONLINE,
2026-08-22T17:57:57+00:00,ionq:ionq:qpu:forte-1,ONLINE,
2026-08-22T17:57:57+00:00,ibm:ibm:qpu:fez,ONLINE,
2026-08-22T17:57:57+00:00,aws:iqm:qpu:garnet,UNAVAILABLE,
2026-08-22T17:57:57+00:00,azure:rigetti:qpu:cepheus-1-36q,OFFLINE,
2026-08-22T17:57:57+00:00,azure:ionq:qpu:forte-enterprise-1,OFFLINE,
2026-08-22T17:57:57+00:00,ibm:ibm:qpu:boston,ONLINE,
2026-08-22T17:57:57+00:00,ibm:ibm:qpu:miami,ONLINE,
2026-08-22T17:57:57+00:00,rigetti:rigetti:qpu:cepheus-1-108q,ONLINE,
2026-08-22T17:57:57+00:00,aws:rigetti:qpu:cepheus-1-108q,UNAVAILABLE,
2026-08-22T17:57:57+00:00,openquantum:aqt:qpu:ibex-q1,ONLINE,
2026-08-22T17:57:57+00:00,openquantum:ionq:qpu:forte-1,ONLINE,
2026-08-22T17:57:57+00:00,openquantum:ionq:qpu:forte-enterprise,ONLINE,
2026-08-22T17:57:57+00:00,openquantum:iqm:qpu:emerald,ONLINE,
2026-08-22T17:57:57+00:00,openquantum:iqm:qpu:garnet,ONLINE,
2026-08-22T17:57:57+00:00,openquantum:rigetti:qpu:cepheus-1-108q,ONLINE,
2026-08-22T18:39:57+00:00,aws:aqt:qpu:ibex-q1,UNAVAILABLE,
2026-08-22T18:39:57+00:00,aws:quera:qpu:aquila,ONLINE,
2026-08-22T18:39:57+00:00,ibm:ibm:qpu:marrakesh,ONLINE,
2026-08-22T18:39:57+00:00,ibm:ibm:qpu:pittsburgh,UNAVAILABLE,
2026-08-22T18:39:57+00:00,azure:pasqal:qpu:fresnel,OFFLINE,
2026-08-22T18:39:57+00:00,aws:iqm:qpu:emerald,UNAVAILABLE,
2026-08-22T18:39:57+00:00,azure:ionq:qpu:forte-1,OFFLINE,
2026-08-22T18:39:57+00:00,ibm:ibm:qpu:kingston,ONLINE,
2026-08-22T18:39:57+00:00,aws:ionq:qpu:forte-1,ONLINE,
2026-08-22T18:39:57+00:00,aws:ionq:qpu:forte-enterprise-1,ONLINE,
2026-08-22T18:39:57+00:00,ionq:ionq:qpu:forte-1,ONLINE,
2026-08-22T18:39:57+00:00,ibm:ibm:qpu:fez,ONLINE,
2026-08-22T18:39:57+00:00,aws:iqm:qpu:garnet,UNAVAILABLE,
2026-08-22T18:39:57+00:00,azure:rigetti:qpu:cepheus-1-36q,OFFLINE,
2026-08-22T18:39:57+00:00,azure:ionq:qpu:forte-enterprise-1,OFFLINE,
2026-08-22T18:39:57+00:00,ibm:ibm:qpu:boston,ONLINE,
2026-08-22T18:39:57+00:00,ibm:ibm:qpu:miami,ONLINE,
2026-08-22T18:39:57+00:00,rigetti:rigetti:qpu:cepheus-1-108q,ONLINE,
2026-08-22T18:39:57+00:00,aws:rigetti:qpu:cepheus-1-108q,UNAVAILABLE,
2026-08-22T18:39:57+00:00,openquantum:aqt:qpu:ibex-q1,ONLINE,
2026-08-22T18:39:57+00:00,openquantum:ionq:qpu:forte-1,ONLINE,
2026-08-22T18:39:57+00:00,openquantum:ionq:qpu:forte-enterprise,ONLINE,
2026-08-22T18:39:57+00:00,openquantum:iqm:qpu:emerald,ONLINE,
2026-08-22T18:39:57+00:00,openquantum:iqm:qpu:garnet,ONLINE,
2026-08-22T18:39:57+00:00,openquantum:rigetti:qpu:cepheus-1-108q,ONLINE,
2026-08-22T19:03:48+00:00,aws:aqt:qpu:ibex-q1,UNAVAILABLE,
2026-08-22T19:03:48+00:00,aws:quera:qpu:aquila,ONLINE,
2026-08-22T19:03:48+00:00,ibm:ibm:qpu:marrakesh,ONLINE,
2026-08-22T19:03:48+00:00,ibm:ibm:qpu:pittsburgh,UNAVAILABLE,
2026-08-22T19:03:48+00:00,azure:pasqal:qpu:fresnel,OFFLINE,
2026-08-22T19:03:48+00:00,aws:iqm:qpu:emerald,UNAVAILABLE,
2026-08-22T19:03:48+00:00,azure:ionq:qpu:forte-1,OFFLINE,
2026-08-22T19:03:48+00:00,ibm:ibm:qpu:kingston,ONLINE,
2026-08-22T19:03:48+00:00,aws:ionq:qpu:forte-1,ONLINE,
2026-08-22T19:03:48+00:00,aws:ionq:qpu:forte-enterprise-1,ONLINE,
2026-08-22T19:03:48+00:00,ionq:ionq:qpu:forte-1,ONLINE,
2026-08-22T19:03:48+00:00,ibm:ibm:qpu:fez,ONLINE,
2026-08-22T19:03:48+00:00,aws:iqm:qpu:garnet,UNAVAILABLE,
2026-08-22T19:03:48+00:00,azure:rigetti:qpu:cepheus-1-36q,OFFLINE,
2026-08-22T19:03:48+00:00,azure:ionq:qpu:forte-enterprise-1,OFFLINE,
2026-08-22T19:03:48+00:00,ibm:ibm:qpu:boston,ONLINE,
2026-08-22T19:03:48+00:00,ibm:ibm:qpu:miami,ONLINE,
2026-08-22T19:03:48+00:00,rigetti:rigetti:qpu:cepheus-1-108q,ONLINE,
2026-08-22T19:03:48+00:00,aws:rigetti:qpu:cepheus-1-108q,UNAVAILABLE,
2026-08-22T19:03:48+00:00,openquantum:aqt:qpu:ibex-q1,ONLINE,
2026-08-22T19:03:48+00:00,openquantum:ionq:qpu:forte-1,ONLINE,
2026-08-22T19:03:48+00:00,openquantum:ionq:qpu:forte-enterprise,ONLINE,
2026-08-22T19:03:48+00:00,openquantum:iqm:qpu:emerald,ONLINE,
2026-08-22T19:03:48+00:00,openquantum:iqm:qpu:garnet,ONLINE,
2026-08-22T19:03:48+00:00,openquantum:rigetti:qpu:cepheus-1-108q,ONLINE,
2026-08-22T19:56:37+00:00,aws:aqt:qpu:ibex-q1,UNAVAILABLE,
2026-08-22T19:56:37+00:00,aws:quera:qpu:aquila,ONLINE,
2026-08-22T19:56:37+00:00,ibm:ibm:qpu:marrakesh,ONLINE,
2026-08-22T19:56:37+00:00,ibm:ibm:qpu:pittsburgh,UNAVAILABLE,
2026-08-22T19:56:37+00:00,azure:pasqal:qpu:fresnel,OFFLINE,
2026-08-22T19:56:37+00:00,aws:iqm:qpu:emerald,UNAVAILABLE,
2026-08-22T19:56:37+00:00,azure:ionq:qpu:forte-1,OFFLINE,
2026-08-22T19:56:37+00:00,ibm:ibm:qpu:kingston,ONLINE,
2026-08-22T19:56:37+00:00,aws:ionq:qpu:forte-1,ONLINE,
2026-08-22T19:56:37+00:00,aws:ionq:qpu:forte-enterprise-1,ONLINE,
2026-08-22T19:56:37+00:00,ionq:ionq:qpu:forte-1,ONLINE,
2026-08-22T19:56:37+00:00,ibm:ibm:qpu:fez,ONLINE,
2026-08-22T19:56:37+00:00,aws:iqm:qpu:garnet,UNAVAILABLE,
2026-08-22T19:56:37+00:00,azure:rigetti:qpu:cepheus-1-36q,OFFLINE,
2026-08-22T19:56:37+00:00,azure:ionq:qpu:forte-enterprise-1,OFFLINE,
2026-08-22T19:56:37+00:00,ibm:ibm:qpu:boston,ONLINE,
2026-08-22T19:56:37+00:00,ibm:ibm:qpu:miami,ONLINE,
2026-08-22T19:56:37+00:00,rigetti:rigetti:qpu:cepheus-1-108q,ONLINE,
2026-08-22T19:56:37+00:00,aws:rigetti:qpu:cepheus-1-108q,UNAVAILABLE,
2026-08-22T19:56:37+00:00,openquantum:aqt:qpu:ibex-q1,ONLINE,
2026-08-22T19:56:37+00:00,openquantum:ionq:qpu:forte-1,ONLINE,
2026-08-22T19:56:37+00:00,openquantum:ionq:qpu:forte-enterprise,ONLINE,
2026-08-22T19:56:37+00:00,openquantum:iqm:qpu:emerald,ONLINE,
2026-08-22T19:56:37+00:00,openquantum:iqm:qpu:garnet,ONLINE,
2026-08-22T19:56:37+00:00,openquantum:rigetti:qpu:cepheus-1-108q,ONLINE,
2026-08-22T20:26:42+00:00,aws:aqt:qpu:ibex-q1,UNAVAILABLE,
2026-08-22T20:26:42+00:00,aws:quera:qpu:aquila,ONLINE,
2026-08-22T20:26:42+00:00,ibm:ibm:qpu:marrakesh,ONLINE,
2026-08-22T20:26:42+00:00,ibm:ibm:qpu:pittsburgh,UNAVAILABLE,
2026-08-22T20:26:42+00:00,azure:pasqal:qpu:fresnel,OFFLINE,
2026-08-22T20:26:42+00:00,aws:iqm:qpu:emerald,UNAVAILABLE,
2026-08-22T20:26:42+00:00,azure:ionq:qpu:forte-1,OFFLINE,
2026-08-22T20:26:42+00:00,ibm:ibm:qpu:kingston,ONLINE,
2026-08-22T20:26:42+00:00,aws:ionq:qpu:forte-1,ONLINE,
2026-08-22T20:26:42+00:00,aws:ionq:qpu:forte-enterprise-1,ONLINE,
2026-08-22T20:26:42+00:00,ionq:ionq:qpu:forte-1,ONLINE,
2026-08-22T20:26:42+00:00,ibm:ibm:qpu:fez,ONLINE,
2026-08-22T20:26:42+00:00,aws:iqm:qpu:garnet,UNAVAILABLE,
2026-08-22T20:26:42+00:00,azure:rigetti:qpu:cepheus-1-36q,OFFLINE,
2026-08-22T20:26:42+00:00,azure:ionq:qpu:forte-enterprise-1,OFFLINE,
2026-08-22T20:26:42+00:00,ibm:ibm:qpu:boston,ONLINE,
2026-08-22T20:26:42+00:00,ibm:ibm:qpu:miami,ONLINE,
2026-08-22T20:26:42+00:00,rigetti:rigetti:qpu:cepheus-1-108q,ONLINE,
2026-08-22T20:26:42+00:00,aws:rigetti:qpu:cepheus-1-108q,UNAVAILABLE,
2026-08-22T20:26:42+00:00,openquantum:aqt:qpu:ibex-q1,ONLINE,
2026-08-22T20:26:42+00:00,openquantum:ionq:qpu:forte-1,ONLINE,
2026-08-22T20:26:42+00:00,openquantum:ionq:qpu:forte-enterprise,ONLINE,
2026-08-22T20:26:42+00:00,openquantum:iqm:qpu:emerald,ONLINE,
2026-08-22T20:26:42+00:00,openquantum:iqm:qpu:garnet,ONLINE,
2026-08-22T20:26:42+00:00,openquantum:rigetti:qpu:cepheus-1-108q,ONLINE,
2026-08-22T20:59:47+00:00,aws:aqt:qpu:ibex-q1,UNAVAILABLE,
2026-08-22T20:59:47+00:00,aws:quera:qpu:aquila,ONLINE,
2026-08-22T20:59:47+00:00,ibm:ibm:qpu:marrakesh,ONLINE,
2026-08-22T20:59:47+00:00,ibm:ibm:qpu:pittsburgh,UNAVAILABLE,
2026-08-22T20:59:47+00:00,azure:pasqal:qpu:fresnel,OFFLINE,
2026-08-22T20:59:47+00:00,aws:iqm:qpu:emerald,UNAVAILABLE,
2026-08-22T20:59:47+00:00,azure:ionq:qpu:forte-1,OFFLINE,
2026-08-22T20:59:47+00:00,ibm:ibm:qpu:kingston,ONLINE,
2026-08-22T20:59:47+00:00,aws:ionq:qpu:forte-1,ONLINE,
2026-08-22T20:59:47+00:00,aws:ionq:qpu:forte-enterprise-1,ONLINE,
2026-08-22T20:59:47+00:00,ionq:ionq:qpu:forte-1,ONLINE,
2026-08-22T20:59:47+00:00,ibm:ibm:qpu:fez,ONLINE,
2026-08-22T20:59:47+00:00,aws:iqm:qpu:garnet,UNAVAILABLE,
2026-08-22T20:59:47+00:00,azure:rigetti:qpu:cepheus-1-36q,OFFLINE,
2026-08-22T20:59:47+00:00,azure:ionq:qpu:forte-enterprise-1,OFFLINE,
2026-08-22T20:59:47+00:00,ibm:ibm:qpu:boston,ONLINE,
2026-08-22T20:59:47+00:00,ibm:ibm:qpu:miami,ONLINE,
2026-08-22T20:59:47+00:00,rigetti:rigetti:qpu:cepheus-1-108q,ONLINE,
2026-08-22T20:59:47+00:00,aws:rigetti:qpu:cepheus-1-108q,UNAVAILABLE,
2026-08-22T20:59:47+00:00,openquantum:aqt:qpu:ibex-q1,ONLINE,
2026-08-22T20:59:47+00:00,openquantum:ionq:qpu:forte-1,ONLINE,
2026-08-22T20:59:47+00:00,openquantum:ionq:qpu:forte-enterprise,ONLINE,
2026-08-22T20:59:47+00:00,openquantum:iqm:qpu:emerald,ONLINE,
2026-08-22T20:59:47+00:00,openquantum:iqm:qpu:garnet,ONLINE,
2026-08-22T20:59:47+00:00,openquantum:rigetti:qpu:cepheus-1-108q,ONLINE,
2026-08-22T21:30:06+00:00,aws:aqt:qpu:ibex-q1,UNAVAILABLE,
2026-08-22T21:30:06+00:00,aws:quera:qpu:aquila,ONLINE,
2026-08-22T21:30:06+00:00,ibm:ibm:qpu:marrakesh,ONLINE,
2026-08-22T21:30:06+00:00,ibm:ibm:qpu:pittsburgh,UNAVAILABLE,
2026-08-22T21:30:06+00:00,azure:pasqal:qpu:fresnel,OFFLINE,
2026-08-22T21:30:06+00:00,aws:iqm:qpu:emerald,UNAVAILABLE,
2026-08-22T21:30:06+00:00,azure:ionq:qpu:forte-1,OFFLINE,
2026-08-22T21:30:06+00:00,ibm:ibm:qpu:kingston,ONLINE,
2026-08-22T21:30:06+00:00,aws:ionq:qpu:forte-1,ONLINE,
2026-08-22T21:30:06+00:00,aws:ionq:qpu:forte-enterprise-1,ONLINE,
2026-08-22T21:30:06+00:00,ionq:ionq:qpu:forte-1,ONLINE,
2026-08-22T21:30:06+00:00,ibm:ibm:qpu:fez,ONLINE,
2026-08-22T21:30:06+00:00,aws:iqm:qpu:garnet,UNAVAILABLE,
2026-08-22T21:30:06+00:00,azure:rigetti:qpu:cepheus-1-36q,OFFLINE,
2026-08-22T21:30:06+00:00,azure:ionq:qpu:forte-enterprise-1,OFFLINE,
2026-08-22T21:30:06+00:00,ibm:ibm:qpu:boston,ONLINE,
2026-08-22T21:30:06+00:00,ibm:ibm:qpu:miami,ONLINE,
2026-08-22T21:30:06+00:00,rigetti:rigetti:qpu:cepheus-1-108q,ONLINE,
2026-08-22T21:30:06+00:00,aws:rigetti:qpu:cepheus-1-108q,UNAVAILABLE,
2026-08-22T21:30:06+00:00,openquantum:aqt:qpu:ibex-q1,ONLINE,
2026-08-22T21:30:06+00:00,openquantum:ionq:qpu:forte-1,ONLINE,
2026-08-22T21:30:06+00:00,openquantum:ionq:qpu:forte-enterprise,ONLINE,
2026-08-22T21:30:06+00:00,openquantum:iqm:qpu:emerald,ONLINE,
2026-08-22T21:30:06+00:00,openquantum:iqm:qpu:garnet,ONLINE,
2026-08-22T21:30:06+00:00,openquantum:rigetti:qpu:cepheus-1-108q,ONLINE,
2026-08-22T21:57:44+00:00,aws:aqt:qpu:ibex-q1,UNAVAILABLE,
2026-08-22T21:57:44+00:00,aws:quera:qpu:aquila,ONLINE,
2026-08-22T21:57:44+00:00,ibm:ibm:qpu:marrakesh,ONLINE,
2026-08-22T21:57:44+00:00,ibm:ibm:qpu:pittsburgh,UNAVAILABLE,
2026-08-22T21:57:44+00:00,azure:pasqal:qpu:fresnel,OFFLINE,
2026-08-22T21:57:44+00:00,aws:iqm:qpu:emerald,UNAVAILABLE,
2026-08-22T21:57:44+00:00,azure:ionq:qpu:forte-1,OFFLINE,
2026-08-22T21:57:44+00:00,ibm:ibm:qpu:kingston,ONLINE,
2026-08-22T21:57:44+00:00,aws:ionq:qpu:forte-1,ONLINE,
2026-08-22T21:57:44+00:00,aws:ionq:qpu:forte-enterprise-1,ONLINE,
2026-08-22T21:57:44+00:00,ionq:ionq:qpu:forte-1,ONLINE,
2026-08-22T21:57:44+00:00,ibm:ibm:qpu:fez,ONLINE,
2026-08-22T21:57:44+00:00,aws:iqm:qpu:garnet,UNAVAILABLE,
2026-08-22T21:57:44+00:00,azure:rigetti:qpu:cepheus-1-36q,OFFLINE,
2026-08-22T21:57:44+00:00,azure:ionq:qpu:forte-enterprise-1,OFFLINE,
2026-08-22T21:57:44+00:00,ibm:ibm:qpu:boston,ONLINE,
2026-08-22T21:57:44+00:00,ibm:ibm:qpu:miami,ONLINE,
2026-08-22T21:57:44+00:00,rigetti:rigetti:qpu:cepheus-1-108q,ONLINE,
2026-08-22T21:57:44+00:00,aws:rigetti:qpu:cepheus-1-108q,UNAVAILABLE,
2026-08-22T21:57:44+00:00,openquantum:aqt:qpu:ibex-q1,ONLINE,
2026-08-22T21:57:44+00:00,openquantum:ionq:qpu:forte-1,ONLINE,
2026-08-22T21:57:44+00:00,openquantum:ionq:qpu:forte-enterprise,ONLINE,
2026-08-22T21:57:44+00:00,openquantum:iqm:qpu:emerald,ONLINE,
2026-08-22T21:57:44+00:00,openquantum:iqm:qpu:garnet,ONLINE,
2026-08-22T21:57:44+00:00,openquantum:rigetti:qpu:cepheus-1-108q,ONLINE,
2026-08-22T22:28:28+00:00,aws:aqt:qpu:ibex-q1,UNAVAILABLE,
2026-08-22T22:28:28+00:00,aws:quera:qpu:aquila,ONLINE,
2026-08-22T22:28:28+00:00,ibm:ibm:qpu:marrakesh,ONLINE,
2026-08-22T22:28:28+00:00,ibm:ibm:qpu:pittsburgh,UNAVAILABLE,
2026-08-22T22:28:28+00:00,azure:pasqal:qpu:fresnel,OFFLINE,
2026-08-22T22:28:28+00:00,aws:iqm:qpu:emerald,UNAVAILABLE,
2026-08-22T22:28:28+00:00,azure:ionq:qpu:forte-1,OFFLINE,
2026-08-22T22:28:28+00:00,ibm:ibm:qpu:kingston,ONLINE,
2026-08-22T22:28:28+00:00,aws:ionq:qpu:forte-1,ONLINE,
2026-08-22T22:28:28+00:00,aws:ionq:qpu:forte-enterprise-1,ONLINE,
2026-08-22T22:28:28+00:00,ionq:ionq:qpu:forte-1,ONLINE,
2026-08-22T22:28:28+00:00,ibm:ibm:qpu:fez,ONLINE,
2026-08-22T22:28:28+00:00,aws:iqm:qpu:garnet,UNAVAILABLE,
2026-08-22T22:28:28+00:00,azure:rigetti:qpu:cepheus-1-36q,OFFLINE,
2026-08-22T22:28:28+00:00,azure:ionq:qpu:forte-enterprise-1,OFFLINE,
2026-08-22T22:28:28+00:00,ibm:ibm:qpu:boston,ONLINE,
2026-08-22T22:28:28+00:00,ibm:ibm:qpu:miami,ONLINE,
2026-08-22T22:28:28+00:00,rigetti:rigetti:qpu:cepheus-1-108q,ONLINE,
2026-08-22T22:28:28+00:00,aws:rigetti:qpu:cepheus-1-108q,UNAVAILABLE,
2026-08-22T22:28:28+00:00,openquantum:aqt:qpu:ibex-q1,ONLINE,
2026-08-22T22:28:28+00:00,openquantum:ionq:qpu:forte-1,ONLINE,
2026-08-22T22:28:28+00:00,openquantum:ionq:qpu:forte-enterprise,ONLINE,
2026-08-22T22:28:28+00:00,openquantum:iqm:qpu:emerald,ONLINE,
2026-08-22T22:28:28+00:00,openquantum:iqm:qpu:garnet,ONLINE,
2026-08-22T22:28:28+00:00,openquantum:rigetti:qpu:cepheus-1-108q,ONLINE,
2026-08-22T22:58:41+00:00,aws:aqt:qpu:ibex-q1,UNAVAILABLE,
2026-08-22T22:58:41+00:00,aws:quera:qpu:aquila,ONLINE,
2026-08-22T22:58:41+00:00,ibm:ibm:qpu:marrakesh,ONLINE,
2026-08-22T22:58:41+00:00,ibm:ibm:qpu:pittsburgh,UNAVAILABLE,
2026-08-22T22:58:41+00:00,azure:pasqal:qpu:fresnel,OFFLINE,
2026-08-22T22:58:41+00:00,aws:iqm:qpu:emerald,UNAVAILABLE,
2026-08-22T22:58:41+00:00,azure:ionq:qpu:forte-1,OFFLINE,
2026-08-22T22:58:41+00:00,ibm:ibm:qpu:kingston,ONLINE,
2026-08-22T22:58:41+00:00,aws:ionq:qpu:forte-1,ONLINE,
2026-08-22T22:58:41+00:00,aws:ionq:qpu:forte-enterprise-1,ONLINE,
2026-08-22T22:58:41+00:00,ionq:ionq:qpu:forte-1,ONLINE,
2026-08-22T22:58:41+00:00,ibm:ibm:qpu:fez,ONLINE,
2026-08-22T22:58:41+00:00,aws:iqm:qpu:garnet,UNAVAILABLE,
2026-08-22T22:58:41+00:00,azure:rigetti:qpu:cepheus-1-36q,OFFLINE,
2026-08-22T22:58:41+00:00,azure:ionq:qpu:forte-enterprise-1,OFFLINE,
2026-08-22T22:58:41+00:00,ibm:ibm:qpu:boston,ONLINE,
2026-08-22T22:58:41+00:00,ibm:ibm:qpu:miami,ONLINE,
2026-08-22T22:58:41+00:00,rigetti:rigetti:qpu:cepheus-1-108q,ONLINE,
2026-08-22T22:58:41+00:00,aws:rigetti:qpu:cepheus-1-108q,UNAVAILABLE,
2026-08-22T22:58:41+00:00,openquantum:aqt:qpu:ibex-q1,ONLINE,
2026-08-22T22:58:41+00:00,openquantum:ionq:qpu:forte-1,ONLINE,
2026-08-22T22:58:41+00:00,openquantum:ionq:qpu:forte-enterprise,ONLINE,
2026-08-22T22:58:41+00:00,openquantum:iqm:qpu:emerald,ONLINE,
2026-08-22T22:58:41+00:00,openquantum:iqm:qpu:garnet,ONLINE,
2026-08-22T22:58:41+00:00,openquantum:rigetti:qpu:cepheus-1-108q,ONLINE,
2026-08-22T23:28:32+00:00,aws:aqt:qpu:ibex-q1,UNAVAILABLE,
2026-08-22T23:28:32+00:00,aws:quera:qpu:aquila,ONLINE,
2026-08-22T23:28:32+00:00,ibm:ibm:qpu:marrakesh,ONLINE,
2026-08-22T23:28:32+00:00,ibm:ibm:qpu:pittsburgh,UNAVAILABLE,
2026-08-22T23:28:32+00:00,azure:pasqal:qpu:fresnel,OFFLINE,
2026-08-22T23:28:32+00:00,aws:iqm:qpu:emerald,UNAVAILABLE,
2026-08-22T23:28:32+00:00,azure:ionq:qpu:forte-1,OFFLINE,
2026-08-22T23:28:32+00:00,ibm:ibm:qpu:kingston,ONLINE,
2026-08-22T23:28:32+00:00,aws:ionq:qpu:forte-1,ONLINE,
2026-08-22T23:28:32+00:00,aws:ionq:qpu:forte-enterprise-1,ONLINE,
2026-08-22T23:28:32+00:00,ionq:ionq:qpu:forte-1,ONLINE,
2026-08-22T23:28:32+00:00,ibm:ibm:qpu:fez,ONLINE,
2026-08-22T23:28:32+00:00,aws:iqm:qpu:garnet,UNAVAILABLE,
2026-08-22T23:28:32+00:00,azure:rigetti:qpu:cepheus-1-36q,OFFLINE,
2026-08-22T23:28:32+00:00,azure:ionq:qpu:forte-enterprise-1,OFFLINE,
2026-08-22T23:28:32+00:00,ibm:ibm:qpu:boston,ONLINE,
2026-08-22T23:28:32+00:00,ibm:ibm:qpu:miami,ONLINE,
2026-08-22T23:28:32+00:00,rigetti:rigetti:qpu:cepheus-1-108q,ONLINE,
2026-08-22T23:28:32+00:00,aws:rigetti:qpu:cepheus-1-108q,UNAVAILABLE,
2026-08-22T23:28:32+00:00,openquantum:aqt:qpu:ibex-q1,ONLINE,
2026-08-22T23:28:32+00:00,openquantum:ionq:qpu:forte-1,ONLINE,
2026-08-22T23:28:32+00:00,openquantum:ionq:qpu:forte-enterprise,ONLINE,
2026-08-22T23:28:32+00:00,openquantum:iqm:qpu:emerald,ONLINE,
2026-08-22T23:28:32+00:00,openquantum:iqm:qpu:garnet,ONLINE,
2026-08-22T23:28:32+00:00,openquantum:rigetti:qpu:cepheus-1-108q,ONLINE,
2026-08-22T23:57:38+00:00,aws:aqt:qpu:ibex-q1,UNAVAILABLE,
2026-08-22T23:57:38+00:00,aws:quera:qpu:aquila,ONLINE,
2026-08-22T23:57:38+00:00,ibm:ibm:qpu:marrakesh,ONLINE,
2026-08-22T23:57:38+00:00,ibm:ibm:qpu:pittsburgh,UNAVAILABLE,
2026-08-22T23:57:38+00:00,azure:pasqal:qpu:fresnel,OFFLINE,
2026-08-22T23:57:38+00:00,aws:iqm:qpu:emerald,UNAVAILABLE,
2026-08-22T23:57:38+00:00,azure:ionq:qpu:forte-1,OFFLINE,
2026-08-22T23:57:38+00:00,ibm:ibm:qpu:kingston,ONLINE,
2026-08-22T23:57:38+00:00,aws:ionq:qpu:forte-1,ONLINE,
2026-08-22T23:57:38+00:00,aws:ionq:qpu:forte-enterprise-1,ONLINE,
2026-08-22T23:57:38+00:00,ionq:ionq:qpu:forte-1,ONLINE,
2026-08-22T23:57:38+00:00,ibm:ibm:qpu:fez,ONLINE,
2026-08-22T23:57:38+00:00,aws:iqm:qpu:garnet,UNAVAILABLE,
2026-08-22T23:57:38+00:00,azure:rigetti:qpu:cepheus-1-36q,OFFLINE,
2026-08-22T23:57:38+00:00,azure:ionq:qpu:forte-enterprise-1,OFFLINE,
2026-08-22T23:57:38+00:00,ibm:ibm:qpu:boston,ONLINE,
2026-08-22T23:57:38+00:00,ibm:ibm:qpu:miami,ONLINE,
2026-08-22T23:57:38+00:00,rigetti:rigetti:qpu:cepheus-1-108q,ONLINE,
2026-08-22T23:57:38+00:00,aws:rigetti:qpu:cepheus-1-108q,UNAVAILABLE,
2026-08-22T23:57:38+00:00,openquantum:aqt:qpu:ibex-q1,ONLINE,
2026-08-22T23:57:38+00:00,openquantum:ionq:qpu:forte-1,ONLINE,
2026-08-22T23:57:38+00:00,openquantum:ionq:qpu:forte-enterprise,ONLINE,
2026-08-22T23:57:38+00:00,openquantum:iqm:qpu:emerald,ONLINE,
2026-08-22T23:57:38+00:00,openquantum:iqm:qpu:garnet,ONLINE,
2026-08-22T23:57:38+00:00,openquantum:rigetti:qpu:cepheus-1-108q,ONLINE,
2026-08-23T01:47:08+00:00,aws:aqt:qpu:ibex-q1,UNAVAILABLE,
2026-08-23T01:47:08+00:00,aws:quera:qpu:aquila,ONLINE,
2026-08-23T01:47:08+00:00,ibm:ibm:qpu:marrakesh,ONLINE,
2026-08-23T01:47:08+00:00,ibm:ibm:qpu:pittsburgh,UNAVAILABLE,
2026-08-23T01:47:08+00:00,azure:pasqal:qpu:fresnel,OFFLINE,
2026-08-23T01:47:08+00:00,aws:iqm:qpu:emerald,UNAVAILABLE,
2026-08-23T01:47:08+00:00,azure:ionq:qpu:forte-1,OFFLINE,
2026-08-23T01:47:08+00:00,ibm:ibm:qpu:kingston,ONLINE,
2026-08-23T01:47:08+00:00,aws:ionq:qpu:forte-1,ONLINE,
2026-08-23T01:47:08+00:00,aws:ionq:qpu:forte-enterprise-1,ONLINE,
2026-08-23T01:47:08+00:00,ionq:ionq:qpu:forte-1,ONLINE,
2026-08-23T01:47:08+00:00,ibm:ibm:qpu:fez,ONLINE,
2026-08-23T01:47:08+00:00,aws:iqm:qpu:garnet,UNAVAILABLE,
2026-08-23T01:47:08+00:00,azure:rigetti:qpu:cepheus-1-36q,OFFLINE,
2026-08-23T01:47:08+00:00,azure:ionq:qpu:forte-enterprise-1,OFFLINE,
2026-08-23T01:47:08+00:00,ibm:ibm:qpu:boston,ONLINE,
2026-08-23T01:47:08+00:00,ibm:ibm:qpu:miami,ONLINE,
2026-08-23T01:47:08+00:00,rigetti:rigetti:qpu:cepheus-1-108q,ONLINE,
2026-08-23T01:47:08+00:00,aws:rigetti:qpu:cepheus-1-108q,UNAVAILABLE,
2026-08-23T01:47:08+00:00,openquantum:aqt:qpu:ibex-q1,ONLINE,
2026-08-23T01:47:08+00:00,openquantum:ionq:qpu:forte-1,ONLINE,
2026-08-23T01:47:08+00:00,openquantum:ionq:qpu:forte-enterprise,ONLINE,
2026-08-23T01:47:08+00:00,openquantum:iqm:qpu:emerald,ONLINE,
2026-08-23T01:47:08+00:00,openquantum:iqm:qpu:garnet,ONLINE,
2026-08-23T01:47:08+00:00,openquantum:rigetti:qpu:cepheus-1-108q,ONLINE,
2026-08-23T03:01:31+00:00,aws:aqt:qpu:ibex-q1,UNAVAILABLE,
2026-08-23T03:01:31+00:00,aws:quera:qpu:aquila,ONLINE,
2026-08-23T03:01:31+00:00,ibm:ibm:qpu:marrakesh,ONLINE,
2026-08-23T03:01:31+00:00,ibm:ibm:qpu:pittsburgh,UNAVAILABLE,
2026-08-23T03:01:31+00:00,azure:pasqal:qpu:fresnel,OFFLINE,
2026-08-23T03:01:31+00:00,aws:iqm:qpu:emerald,UNAVAILABLE,
2026-08-23T03:01:31+00:00,azure:ionq:qpu:forte-1,OFFLINE,
2026-08-23T03:01:31+00:00,ibm:ibm:qpu:kingston,ONLINE,
2026-08-23T03:01:31+00:00,aws:ionq:qpu:forte-1,ONLINE,
2026-08-23T03:01:31+00:00,aws:ionq:qpu:forte-enterprise-1,ONLINE,
2026-08-23T03:01:31+00:00,ionq:ionq:qpu:forte-1,ONLINE,
2026-08-23T03:01:31+00:00,ibm:ibm:qpu:fez,ONLINE,
2026-08-23T03:01:31+00:00,aws:iqm:qpu:garnet,UNAVAILABLE,
2026-08-23T03:01:31+00:00,azure:rigetti:qpu:cepheus-1-36q,OFFLINE,
2026-08-23T03:01:31+00:00,azure:ionq:qpu:forte-enterprise-1,OFFLINE,
2026-08-23T03:01:31+00:00,ibm:ibm:qpu:boston,ONLINE,
2026-08-23T03:01:31+00:00,ibm:ibm:qpu:miami,ONLINE,
2026-08-23T03:01:31+00:00,rigetti:rigetti:qpu:cepheus-1-108q,ONLINE,
2026-08-23T03:01:31+00:00,aws:rigetti:qpu:cepheus-1-108q,UNAVAILABLE,
2026-08-23T03:01:31+00:00,openquantum:aqt:qpu:ibex-q1,ONLINE,
2026-08-23T03:01:31+00:00,openquantum:ionq:qpu:forte-1,ONLINE,
2026-08-23T03:01:31+00:00,openquantum:ionq:qpu:forte-enterprise,ONLINE,
2026-08-23T03:01:31+00:00,openquantum:iqm:qpu:emerald,ONLINE,
2026-08-23T03:01:31+00:00,openquantum:iqm:qpu:garnet,ONLINE,
2026-08-23T03:01:31+00:00,openquantum:rigetti:qpu:cepheus-1-108q,ONLINE,
2026-08-23T04:22:20+00:00,aws:aqt:qpu:ibex-q1,UNAVAILABLE,
2026-08-23T04:22:20+00:00,aws:quera:qpu:aquila,ONLINE,
2026-08-23T04:22:20+00:00,ibm:ibm:qpu:marrakesh,ONLINE,
2026-08-23T04:22:20+00:00,ibm:ibm:qpu:pittsburgh,UNAVAILABLE,
2026-08-23T04:22:20+00:00,azure:pasqal:qpu:fresnel,OFFLINE,
2026-08-23T04:22:20+00:00,aws:iqm:qpu:emerald,UNAVAILABLE,
2026-08-23T04:22:20+00:00,azure:ionq:qpu:forte-1,OFFLINE,
2026-08-23T04:22:20+00:00,ibm:ibm:qpu:kingston,ONLINE,
2026-08-23T04:22:20+00:00,aws:ionq:qpu:forte-1,ONLINE,
2026-08-23T04:22:20+00:00,aws:ionq:qpu:forte-enterprise-1,ONLINE,
2026-08-23T04:22:20+00:00,ionq:ionq:qpu:forte-1,ONLINE,
2026-08-23T04:22:20+00:00,ibm:ibm:qpu:fez,ONLINE,
2026-08-23T04:22:20+00:00,aws:iqm:qpu:garnet,UNAVAILABLE,
2026-08-23T04:22:20+00:00,azure:rigetti:qpu:cepheus-1-36q,OFFLINE,
2026-08-23T04:22:20+00:00,azure:ionq:qpu:forte-enterprise-1,OFFLINE,
2026-08-23T04:22:20+00:00,ibm:ibm:qpu:boston,ONLINE,
2026-08-23T04:22:20+00:00,ibm:ibm:qpu:miami,ONLINE,
2026-08-23T04:22:20+00:00,rigetti:rigetti:qpu:cepheus-1-108q,ONLINE,
2026-08-23T04:22:20+00:00,aws:rigetti:qpu:cepheus-1-108q,UNAVAILABLE,
2026-08-23T04:22:20+00:00,openquantum:aqt:qpu:ibex-q1,ONLINE,
2026-08-23T04:22:20+00:00,openquantum:ionq:qpu:forte-1,ONLINE,
2026-08-23T04:22:20+00:00,openquantum:ionq:qpu:forte-enterprise,ONLINE,
2026-08-23T04:22:20+00:00,openquantum:iqm:qpu:emerald,ONLINE,
2026-08-23T04:22:20+00:00,openquantum:iqm:qpu:garnet,ONLINE,
2026-08-23T04:22:20+00:00,openquantum:rigetti:qpu:cepheus-1-108q,ONLINE,
2026-08-23T05:12:28+00:00,aws:aqt:qpu:ibex-q1,UNAVAILABLE,
2026-08-23T05:12:28+00:00,aws:quera:qpu:aquila,ONLINE,
2026-08-23T05:12:28+00:00,ibm:ibm:qpu:marrakesh,ONLINE,
2026-08-23T05:12:28+00:00,ibm:ibm:qpu:pittsburgh,UNAVAILABLE,
2026-08-23T05:12:28+00:00,azure:pasqal:qpu:fresnel,OFFLINE,
2026-08-23T05:12:28+00:00,aws:iqm:qpu:emerald,UNAVAILABLE,
2026-08-23T05:12:28+00:00,azure:ionq:qpu:forte-1,OFFLINE,
2026-08-23T05:12:28+00:00,ibm:ibm:qpu:kingston,ONLINE,
2026-08-23T05:12:28+00:00,aws:ionq:qpu:forte-1,ONLINE,
2026-08-23T05:12:28+00:00,aws:ionq:qpu:forte-enterprise-1,ONLINE,
2026-08-23T05:12:28+00:00,ionq:ionq:qpu:forte-1,ONLINE,
2026-08-23T05:12:28+00:00,ibm:ibm:qpu:fez,ONLINE,
2026-08-23T05:12:28+00:00,aws:iqm:qpu:garnet,UNAVAILABLE,
2026-08-23T05:12:28+00:00,azure:rigetti:qpu:cepheus-1-36q,OFFLINE,
2026-08-23T05:12:28+00:00,azure:ionq:qpu:forte-enterprise-1,OFFLINE,
2026-08-23T05:12:28+00:00,ibm:ibm:qpu:boston,ONLINE,
2026-08-23T05:12:28+00:00,ibm:ibm:qpu:miami,ONLINE,
2026-08-23T05:12:28+00:00,rigetti:rigetti:qpu:cepheus-1-108q,ONLINE,
2026-08-23T05:12:28+00:00,aws:rigetti:qpu:cepheus-1-108q,UNAVAILABLE,
2026-08-23T05:12:28+00:00,openquantum:aqt:qpu:ibex-q1,ONLINE,
2026-08-23T05:12:28+00:00,openquantum:ionq:qpu:forte-1,ONLINE,
2026-08-23T05:12:28+00:00,openquantum:ionq:qpu:forte-enterprise,ONLINE,
2026-08-23T05:12:28+00:00,openquantum:iqm:qpu:emerald,ONLINE,
2026-08-23T05:12:28+00:00,openquantum:iqm:qpu:garnet,ONLINE,
2026-08-23T05:12:28+00:00,openquantum:rigetti:qpu:cepheus-1-108q,ONLINE,
2026-08-23T06:01:47+00:00,aws:aqt:qpu:ibex-q1,UNAVAILABLE,
2026-08-23T06:01:47+00:00,aws:quera:qpu:aquila,ONLINE,
2026-08-23T06:01:47+00:00,ibm:ibm:qpu:marrakesh,ONLINE,
2026-08-23T06:01:47+00:00,ibm:ibm:qpu:pittsburgh,UNAVAILABLE,
2026-08-23T06:01:47+00:00,azure:pasqal:qpu:fresnel,OFFLINE,
2026-08-23T06:01:47+00:00,aws:iqm:qpu:emerald,UNAVAILABLE,
2026-08-23T06:01:47+00:00,azure:ionq:qpu:forte-1,OFFLINE,
2026-08-23T06:01:47+00:00,ibm:ibm:qpu:kingston,ONLINE,
2026-08-23T06:01:47+00:00,aws:ionq:qpu:forte-1,ONLINE,
2026-08-23T06:01:47+00:00,aws:ionq:qpu:forte-enterprise-1,ONLINE,
2026-08-23T06:01:47+00:00,ionq:ionq:qpu:forte-1,ONLINE,
2026-08-23T06:01:47+00:00,ibm:ibm:qpu:fez,ONLINE,
2026-08-23T06:01:47+00:00,aws:iqm:qpu:garnet,UNAVAILABLE,
2026-08-23T06:01:47+00:00,azure:rigetti:qpu:cepheus-1-36q,OFFLINE,
2026-08-23T06:01:47+00:00,azure:ionq:qpu:forte-enterprise-1,OFFLINE,
2026-08-23T06:01:47+00:00,ibm:ibm:qpu:boston,ONLINE,
2026-08-23T06:01:47+00:00,ibm:ibm:qpu:miami,ONLINE,
2026-08-23T06:01:47+00:00,rigetti:rigetti:qpu:cepheus-1-108q,ONLINE,
2026-08-23T06:01:47+00:00,aws:rigetti:qpu:cepheus-1-108q,UNAVAILABLE,
2026-08-23T06:01:47+00:00,openquantum:aqt:qpu:ibex-q1,ONLINE,
2026-08-23T06:01:47+00:00,openquantum:ionq:qpu:forte-1,ONLINE,
2026-08-23T06:01:47+00:00,openquantum:ionq:qpu:forte-enterprise,ONLINE,
2026-08-23T06:01:47+00:00,openquantum:iqm:qpu:emerald,ONLINE,
2026-08-23T06:01:47+00:00,openquantum:iqm:qpu:garnet,ONLINE,
2026-08-23T06:01:47+00:00,openquantum:rigetti:qpu:cepheus-1-108q,ONLINE,
2026-08-23T07:20:07+00:00,aws:aqt:qpu:ibex-q1,UNAVAILABLE,
2026-08-23T07:20:07+00:00,aws:quera:qpu:aquila,ONLINE,
2026-08-23T07:20:07+00:00,ibm:ibm:qpu:marrakesh,ONLINE,
2026-08-23T07:20:07+00:00,ibm:ibm:qpu:pittsburgh,UNAVAILABLE,
2026-08-23T07:20:07+00:00,azure:pasqal:qpu:fresnel,OFFLINE,
2026-08-23T07:20:07+00:00,aws:iqm:qpu:emerald,UNAVAILABLE,
2026-08-23T07:20:07+00:00,azure:ionq:qpu:forte-1,OFFLINE,
2026-08-23T07:20:07+00:00,ibm:ibm:qpu:kingston,ONLINE,
2026-08-23T07:20:07+00:00,aws:ionq:qpu:forte-1,ONLINE,
2026-08-23T07:20:07+00:00,aws:ionq:qpu:forte-enterprise-1,ONLINE,
2026-08-23T07:20:07+00:00,ionq:ionq:qpu:forte-1,ONLINE,
2026-08-23T07:20:07+00:00,ibm:ibm:qpu:fez,ONLINE,
2026-08-23T07:20:07+00:00,aws:iqm:qpu:garnet,UNAVAILABLE,
2026-08-23T07:20:07+00:00,azure:rigetti:qpu:cepheus-1-36q,OFFLINE,
2026-08-23T07:20:07+00:00,azure:ionq:qpu:forte-enterprise-1,OFFLINE,
2026-08-23T07:20:07+00:00,ibm:ibm:qpu:boston,ONLINE,
2026-08-23T07:20:07+00:00,ibm:ibm:qpu:miami,ONLINE,
2026-08-23T07:20:07+00:00,rigetti:rigetti:qpu:cepheus-1-108q,ONLINE,
2026-08-23T07:20:07+00:00,aws:rigetti:qpu:cepheus-1-108q,UNAVAILABLE,
2026-08-23T07:20:07+00:00,openquantum:aqt:qpu:ibex-q1,ONLINE,
2026-08-23T07:20:07+00:00,openquantum:ionq:qpu:forte-1,ONLINE,
2026-08-23T07:20:07+00:00,openquantum:ionq:qpu:forte-enterprise,ONLINE,
2026-08-23T07:20:07+00:00,openquantum:iqm:qpu:emerald,ONLINE,
2026-08-23T07:20:07+00:00,openquantum:iqm:qpu:garnet,ONLINE,
2026-08-23T07:20:07+00:00,openquantum:rigetti:qpu:cepheus-1-108q,ONLINE,
2026-08-23T08:01:39+00:00,aws:aqt:qpu:ibex-q1,UNAVAILABLE,
2026-08-23T08:01:39+00:00,aws:quera:qpu:aquila,ONLINE,
2026-08-23T08:01:39+00:00,ibm:ibm:qpu:marrakesh,ONLINE,
2026-08-23T08:01:39+00:00,ibm:ibm:qpu:pittsburgh,UNAVAILABLE,
2026-08-23T08:01:39+00:00,azure:pasqal:qpu:fresnel,OFFLINE,
2026-08-23T08:01:39+00:00,aws:iqm:qpu:emerald,UNAVAILABLE,
2026-08-23T08:01:39+00:00,azure:ionq:qpu:forte-1,OFFLINE,
2026-08-23T08:01:39+00:00,ibm:ibm:qpu:kingston,ONLINE,
2026-08-23T08:01:39+00:00,aws:ionq:qpu:forte-1,ONLINE,
2026-08-23T08:01:39+00:00,aws:ionq:qpu:forte-enterprise-1,ONLINE,
2026-08-23T08:01:39+00:00,ionq:ionq:qpu:forte-1,ONLINE,
2026-08-23T08:01:39+00:00,ibm:ibm:qpu:fez,ONLINE,
2026-08-23T08:01:39+00:00,aws:iqm:qpu:garnet,UNAVAILABLE,
2026-08-23T08:01:39+00:00,azure:rigetti:qpu:cepheus-1-36q,OFFLINE,
2026-08-23T08:01:39+00:00,azure:ionq:qpu:forte-enterprise-1,OFFLINE,
2026-08-23T08:01:39+00:00,ibm:ibm:qpu:boston,ONLINE,
2026-08-23T08:01:39+00:00,ibm:ibm:qpu:miami,ONLINE,
2026-08-23T08:01:39+00:00,rigetti:rigetti:qpu:cepheus-1-108q,ONLINE,
2026-08-23T08:01:39+00:00,aws:rigetti:qpu:cepheus-1-108q,UNAVAILABLE,
2026-08-23T08:01:39+00:00,openquantum:aqt:qpu:ibex-q1,ONLINE,
2026-08-23T08:01:39+00:00,openquantum:ionq:qpu:forte-1,ONLINE,
2026-08-23T08:01:39+00:00,openquantum:ionq:qpu:forte-enterprise,ONLINE,
2026-08-23T08:01:39+00:00,openquantum:iqm:qpu:emerald,ONLINE,
2026-08-23T08:01:39+00:00,openquantum:iqm:qpu:garnet,ONLINE,
2026-08-23T08:01:39+00:00,openquantum:rigetti:qpu:cepheus-1-108q,ONLINE,
2026-08-23T09:03:29+00:00,aws:aqt:qpu:ibex-q1,UNAVAILABLE,
2026-08-23T09:03:29+00:00,aws:quera:qpu:aquila,ONLINE,
2026-08-23T09:03:29+00:00,ibm:ibm:qpu:marrakesh,ONLINE,
2026-08-23T09:03:29+00:00,ibm:ibm:qpu:pittsburgh,UNAVAILABLE,
2026-08-23T09:03:29+00:00,azure:pasqal:qpu:fresnel,OFFLINE,
2026-08-23T09:03:29+00:00,aws:iqm:qpu:emerald,UNAVAILABLE,
2026-08-23T09:03:29+00:00,azure:ionq:qpu:forte-1,OFFLINE,
2026-08-23T09:03:29+00:00,ibm:ibm:qpu:kingston,ONLINE,
2026-08-23T09:03:29+00:00,aws:ionq:qpu:forte-1,ONLINE,
2026-08-23T09:03:29+00:00,aws:ionq:qpu:forte-enterprise-1,ONLINE,
2026-08-23T09:03:29+00:00,ionq:ionq:qpu:forte-1,ONLINE,
2026-08-23T09:03:29+00:00,ibm:ibm:qpu:fez,ONLINE,
2026-08-23T09:03:29+00:00,aws:iqm:qpu:garnet,UNAVAILABLE,
2026-08-23T09:03:29+00:00,azure:rigetti:qpu:cepheus-1-36q,OFFLINE,
2026-08-23T09:03:29+00:00,azure:ionq:qpu:forte-enterprise-1,OFFLINE,
2026-08-23T09:03:29+00:00,ibm:ibm:qpu:boston,ONLINE,
2026-08-23T09:03:29+00:00,ibm:ibm:qpu:miami,ONLINE,
2026-08-23T09:03:29+00:00,rigetti:rigetti:qpu:cepheus-1-108q,ONLINE,
2026-08-23T09:03:29+00:00,aws:rigetti:qpu:cepheus-1-108q,UNAVAILABLE,
2026-08-23T09:03:29+00:00,openquantum:aqt:qpu:ibex-q1,ONLINE,
2026-08-23T09:03:29+00:00,openquantum:ionq:qpu:forte-1,ONLINE,
2026-08-23T09:03:29+00:00,openquantum:ionq:qpu:forte-enterprise,ONLINE,
2026-08-23T09:03:29+00:00,openquantum:iqm:qpu:emerald,ONLINE,
2026-08-23T09:03:29+00:00,openquantum:iqm:qpu:garnet,ONLINE,
2026-08-23T09:03:29+00:00,openquantum:rigetti:qpu:cepheus-1-108q,ONLINE,
2026-08-23T10:00:03+00:00,aws:aqt:qpu:ibex-q1,UNAVAILABLE,
2026-08-23T10:00:03+00:00,aws:quera:qpu:aquila,ONLINE,
2026-08-23T10:00:03+00:00,ibm:ibm:qpu:marrakesh,ONLINE,
2026-08-23T10:00:03+00:00,ibm:ibm:qpu:pittsburgh,UNAVAILABLE,
2026-08-23T10:00:03+00:00,azure:pasqal:qpu:fresnel,OFFLINE,
2026-08-23T10:00:03+00:00,aws:iqm:qpu:emerald,UNAVAILABLE,
2026-08-23T10:00:03+00:00,azure:ionq:qpu:forte-1,OFFLINE,
2026-08-23T10:00:03+00:00,ibm:ibm:qpu:kingston,ONLINE,
2026-08-23T10:00:03+00:00,aws:ionq:qpu:forte-1,ONLINE,
2026-08-23T10:00:03+00:00,aws:ionq:qpu:forte-enterprise-1,ONLINE,
2026-08-23T10:00:03+00:00,ionq:ionq:qpu:forte-1,ONLINE,
2026-08-23T10:00:03+00:00,ibm:ibm:qpu:fez,ONLINE,
2026-08-23T10:00:03+00:00,aws:iqm:qpu:garnet,UNAVAILABLE,
2026-08-23T10:00:03+00:00,azure:rigetti:qpu:cepheus-1-36q,OFFLINE,
2026-08-23T10:00:03+00:00,azure:ionq:qpu:forte-enterprise-1,OFFLINE,
2026-08-23T10:00:03+00:00,ibm:ibm:qpu:boston,ONLINE,
2026-08-23T10:00:03+00:00,ibm:ibm:qpu:miami,ONLINE,
2026-08-23T10:00:03+00:00,rigetti:rigetti:qpu:cepheus-1-108q,ONLINE,
2026-08-23T10:00:03+00:00,aws:rigetti:qpu:cepheus-1-108q,UNAVAILABLE,
2026-08-23T10:00:03+00:00,openquantum:aqt:qpu:ibex-q1,ONLINE,
2026-08-23T10:00:03+00:00,openquantum:ionq:qpu:forte-1,ONLINE,
2026-08-23T10:00:03+00:00,openquantum:ionq:qpu:forte-enterprise,ONLINE,
2026-08-23T10:00:03+00:00,openquantum:iqm:qpu:emerald,ONLINE,
2026-08-23T10:00:03+00:00,openquantum:iqm:qpu:garnet,ONLINE,
2026-08-23T10:00:03+00:00,openquantum:rigetti:qpu:cepheus-1-108q,ONLINE,
2026-08-23T10:33:04+00:00,aws:aqt:qpu:ibex-q1,UNAVAILABLE,
2026-08-23T10:33:04+00:00,aws:quera:qpu:aquila,ONLINE,
2026-08-23T10:33:04+00:00,ibm:ibm:qpu:marrakesh,ONLINE,
2026-08-23T10:33:04+00:00,ibm:ibm:qpu:pittsburgh,UNAVAILABLE,
2026-08-23T10:33:04+00:00,azure:pasqal:qpu:fresnel,OFFLINE,
2026-08-23T10:33:04+00:00,aws:iqm:qpu:emerald,UNAVAILABLE,
2026-08-23T10:33:04+00:00,azure:ionq:qpu:forte-1,OFFLINE,
2026-08-23T10:33:04+00:00,ibm:ibm:qpu:kingston,ONLINE,
2026-08-23T10:33:04+00:00,aws:ionq:qpu:forte-1,ONLINE,
2026-08-23T10:33:04+00:00,aws:ionq:qpu:forte-enterprise-1,ONLINE,
2026-08-23T10:33:04+00:00,ionq:ionq:qpu:forte-1,ONLINE,
2026-08-23T10:33:04+00:00,ibm:ibm:qpu:fez,ONLINE,
2026-08-23T10:33:04+00:00,aws:iqm:qpu:garnet,UNAVAILABLE,
2026-08-23T10:33:04+00:00,azure:rigetti:qpu:cepheus-1-36q,OFFLINE,
2026-08-23T10:33:04+00:00,azure:ionq:qpu:forte-enterprise-1,OFFLINE,
2026-08-23T10:33:04+00:00,ibm:ibm:qpu:boston,ONLINE,
2026-08-23T10:33:04+00:00,ibm:ibm:qpu:miami,ONLINE,
2026-08-23T10:33:04+00:00,rigetti:rigetti:qpu:cepheus-1-108q,ONLINE,
2026-08-23T10:33:04+00:00,aws:rigetti:qpu:cepheus-1-108q,UNAVAILABLE,
2026-08-23T10:33:04+00:00,openquantum:aqt:qpu:ibex-q1,ONLINE,
2026-08-23T10:33:04+00:00,openquantum:ionq:qpu:forte-1,ONLINE,
2026-08-23T10:33:04+00:00,openquantum:ionq:qpu:forte-enterprise,ONLINE,
2026-08-23T10:33:04+00:00,openquantum:iqm:qpu:emerald,ONLINE,
2026-08-23T10:33:04+00:00,openquantum:iqm:qpu:garnet,ONLINE,
2026-08-23T10:33:04+00:00,openquantum:rigetti:qpu:cepheus-1-108q,ONLINE,
2026-08-23T10:59:42+00:00,aws:aqt:qpu:ibex-q1,UNAVAILABLE,
2026-08-23T10:59:42+00:00,aws:quera:qpu:aquila,ONLINE,
2026-08-23T10:59:42+00:00,ibm:ibm:qpu:marrakesh,ONLINE,
2026-08-23T10:59:42+00:00,ibm:ibm:qpu:pittsburgh,UNAVAILABLE,
2026-08-23T10:59:42+00:00,azure:pasqal:qpu:fresnel,OFFLINE,
2026-08-23T10:59:42+00:00,aws:iqm:qpu:emerald,UNAVAILABLE,
2026-08-23T10:59:42+00:00,azure:ionq:qpu:forte-1,OFFLINE,
2026-08-23T10:59:42+00:00,ibm:ibm:qpu:kingston,ONLINE,
2026-08-23T10:59:42+00:00,aws:ionq:qpu:forte-1,ONLINE,
2026-08-23T10:59:42+00:00,aws:ionq:qpu:forte-enterprise-1,ONLINE,
2026-08-23T10:59:42+00:00,ionq:ionq:qpu:forte-1,ONLINE,
2026-08-23T10:59:42+00:00,ibm:ibm:qpu:fez,ONLINE,
2026-08-23T10:59:42+00:00,aws:iqm:qpu:garnet,UNAVAILABLE,
2026-08-23T10:59:42+00:00,azure:rigetti:qpu:cepheus-1-36q,OFFLINE,
2026-08-23T10:59:42+00:00,azure:ionq:qpu:forte-enterprise-1,OFFLINE,
2026-08-23T10:59:42+00:00,ibm:ibm:qpu:boston,ONLINE,
2026-08-23T10:59:42+00:00,ibm:ibm:qpu:miami,ONLINE,
2026-08-23T10:59:42+00:00,rigetti:rigetti:qpu:cepheus-1-108q,ONLINE,
2026-08-23T10:59:42+00:00,aws:rigetti:qpu:cepheus-1-108q,UNAVAILABLE,
2026-08-23T10:59:42+00:00,openquantum:aqt:qpu:ibex-q1,ONLINE,
2026-08-23T10:59:42+00:00,openquantum:ionq:qpu:forte-1,ONLINE,
2026-08-23T10:59:42+00:00,openquantum:ionq:qpu:forte-enterprise,ONLINE,
2026-08-23T10:59:42+00:00,openquantum:iqm:qpu:emerald,ONLINE,
2026-08-23T10:59:42+00:00,openquantum:iqm:qpu:garnet,ONLINE,
2026-08-23T10:59:42+00:00,openquantum:rigetti:qpu:cepheus-1-108q,ONLINE,
2026-08-23T11:28:59+00:00,aws:aqt:qpu:ibex-q1,UNAVAILABLE,
2026-08-23T11:28:59+00:00,aws:quera:qpu:aquila,ONLINE,
2026-08-23T11:28:59+00:00,ibm:ibm:qpu:marrakesh,ONLINE,
2026-08-23T11:28:59+00:00,ibm:ibm:qpu:pittsburgh,UNAVAILABLE,
2026-08-23T11:28:59+00:00,azure:pasqal:qpu:fresnel,OFFLINE,
2026-08-23T11:28:59+00:00,aws:iqm:qpu:emerald,UNAVAILABLE,
2026-08-23T11:28:59+00:00,azure:ionq:qpu:forte-1,OFFLINE,
2026-08-23T11:28:59+00:00,ibm:ibm:qpu:kingston,ONLINE,
2026-08-23T11:28:59+00:00,aws:ionq:qpu:forte-1,ONLINE,
2026-08-23T11:28:59+00:00,aws:ionq:qpu:forte-enterprise-1,ONLINE,
2026-08-23T11:28:59+00:00,ionq:ionq:qpu:forte-1,ONLINE,
2026-08-23T11:28:59+00:00,ibm:ibm:qpu:fez,ONLINE,
2026-08-23T11:28:59+00:00,aws:iqm:qpu:garnet,UNAVAILABLE,
2026-08-23T11:28:59+00:00,azure:rigetti:qpu:cepheus-1-36q,OFFLINE,
2026-08-23T11:28:59+00:00,azure:ionq:qpu:forte-enterprise-1,OFFLINE,
2026-08-23T11:28:59+00:00,ibm:ibm:qpu:boston,ONLINE,
2026-08-23T11:28:59+00:00,ibm:ibm:qpu:miami,ONLINE,
2026-08-23T11:28:59+00:00,rigetti:rigetti:qpu:cepheus-1-108q,ONLINE,
2026-08-23T11:28:59+00:00,aws:rigetti:qpu:cepheus-1-108q,UNAVAILABLE,
2026-08-23T11:28:59+00:00,openquantum:aqt:qpu:ibex-q1,ONLINE,
2026-08-23T11:28:59+00:00,openquantum:ionq:qpu:forte-1,ONLINE,
2026-08-23T11:28:59+00:00,openquantum:ionq:qpu:forte-enterprise,ONLINE,
2026-08-23T11:28:59+00:00,openquantum:iqm:qpu:emerald,ONLINE,
2026-08-23T11:28:59+00:00,openquantum:iqm:qpu:garnet,ONLINE,
2026-08-23T11:28:59+00:00,openquantum:rigetti:qpu:cepheus-1-108q,ONLINE,
2026-08-23T11:57:38+00:00,aws:aqt:qpu:ibex-q1,UNAVAILABLE,
2026-08-23T11:57:38+00:00,aws:quera:qpu:aquila,ONLINE,
2026-08-23T11:57:38+00:00,ibm:ibm:qpu:marrakesh,ONLINE,
2026-08-23T11:57:38+00:00,ibm:ibm:qpu:pittsburgh,UNAVAILABLE,
2026-08-23T11:57:38+00:00,azure:pasqal:qpu:fresnel,OFFLINE,
2026-08-23T11:57:38+00:00,aws:iqm:qpu:emerald,UNAVAILABLE,
2026-08-23T11:57:38+00:00,azure:ionq:qpu:forte-1,OFFLINE,
2026-08-23T11:57:38+00:00,ibm:ibm:qpu:kingston,ONLINE,
2026-08-23T11:57:38+00:00,aws:ionq:qpu:forte-1,ONLINE,
2026-08-23T11:57:38+00:00,aws:ionq:qpu:forte-enterprise-1,ONLINE,
2026-08-23T11:57:38+00:00,ionq:ionq:qpu:forte-1,ONLINE,
2026-08-23T11:57:38+00:00,ibm:ibm:qpu:fez,ONLINE,
2026-08-23T11:57:38+00:00,aws:iqm:qpu:garnet,UNAVAILABLE,
2026-08-23T11:57:38+00:00,azure:rigetti:qpu:cepheus-1-36q,OFFLINE,
2026-08-23T11:57:38+00:00,azure:ionq:qpu:forte-enterprise-1,OFFLINE,
2026-08-23T11:57:38+00:00,ibm:ibm:qpu:boston,ONLINE,
2026-08-23T11:57:38+00:00,ibm:ibm:qpu:miami,ONLINE,
2026-08-23T11:57:38+00:00,rigetti:rigetti:qpu:cepheus-1-108q,ONLINE,
2026-08-23T11:57:38+00:00,aws:rigetti:qpu:cepheus-1-108q,UNAVAILABLE,
2026-08-23T11:57:38+00:00,openquantum:aqt:qpu:ibex-q1,ONLINE,
2026-08-23T11:57:38+00:00,openquantum:ionq:qpu:forte-1,ONLINE,
2026-08-23T11:57:38+00:00,openquantum:ionq:qpu:forte-enterprise,ONLINE,
2026-08-23T11:57:38+00:00,openquantum:iqm:qpu:emerald,ONLINE,
2026-08-23T11:57:38+00:00,openquantum:iqm:qpu:garnet,ONLINE,
2026-08-23T11:57:38+00:00,openquantum:rigetti:qpu:cepheus-1-108q,ONLINE,
2026-08-23T12:52:07+00:00,aws:aqt:qpu:ibex-q1,UNAVAILABLE,
2026-08-23T12:52:07+00:00,aws:quera:qpu:aquila,ONLINE,
2026-08-23T12:52:07+00:00,ibm:ibm:qpu:marrakesh,ONLINE,
2026-08-23T12:52:07+00:00,ibm:ibm:qpu:pittsburgh,UNAVAILABLE,
2026-08-23T12:52:07+00:00,azure:pasqal:qpu:fresnel,OFFLINE,
2026-08-23T12:52:07+00:00,aws:iqm:qpu:emerald,UNAVAILABLE,
2026-08-23T12:52:07+00:00,azure:ionq:qpu:forte-1,OFFLINE,
2026-08-23T12:52:07+00:00,ibm:ibm:qpu:kingston,ONLINE,
2026-08-23T12:52:07+00:00,aws:ionq:qpu:forte-1,ONLINE,
2026-08-23T12:52:07+00:00,aws:ionq:qpu:forte-enterprise-1,ONLINE,
2026-08-23T12:52:07+00:00,ionq:ionq:qpu:forte-1,ONLINE,
2026-08-23T12:52:07+00:00,ibm:ibm:qpu:fez,ONLINE,
2026-08-23T12:52:07+00:00,aws:iqm:qpu:garnet,UNAVAILABLE,
2026-08-23T12:52:07+00:00,azure:rigetti:qpu:cepheus-1-36q,OFFLINE,
2026-08-23T12:52:07+00:00,azure:ionq:qpu:forte-enterprise-1,OFFLINE,
2026-08-23T12:52:07+00:00,ibm:ibm:qpu:boston,ONLINE,
2026-08-23T12:52:07+00:00,ibm:ibm:qpu:miami,ONLINE,
2026-08-23T12:52:07+00:00,rigetti:rigetti:qpu:cepheus-1-108q,ONLINE,
2026-08-23T12:52:07+00:00,aws:rigetti:qpu:cepheus-1-108q,UNAVAILABLE,
2026-08-23T12:52:07+00:00,openquantum:aqt:qpu:ibex-q1,ONLINE,
2026-08-23T12:52:07+00:00,openquantum:ionq:qpu:forte-1,ONLINE,
2026-08-23T12:52:07+00:00,openquantum:ionq:qpu:forte-enterprise,ONLINE,
2026-08-23T12:52:07+00:00,openquantum:iqm:qpu:emerald,ONLINE,
2026-08-23T12:52:07+00:00,openquantum:iqm:qpu:garnet,ONLINE,
2026-08-23T12:52:07+00:00,openquantum:rigetti:qpu:cepheus-1-108q,ONLINE,
2026-08-23T13:31:29+00:00,aws:aqt:qpu:ibex-q1,UNAVAILABLE,
2026-08-23T13:31:29+00:00,aws:quera:qpu:aquila,ONLINE,
2026-08-23T13:31:29+00:00,ibm:ibm:qpu:marrakesh,ONLINE,
2026-08-23T13:31:29+00:00,ibm:ibm:qpu:pittsburgh,UNAVAILABLE,
2026-08-23T13:31:29+00:00,azure:pasqal:qpu:fresnel,OFFLINE,
2026-08-23T13:31:29+00:00,aws:iqm:qpu:emerald,UNAVAILABLE,
2026-08-23T13:31:29+00:00,azure:ionq:qpu:forte-1,OFFLINE,
2026-08-23T13:31:29+00:00,ibm:ibm:qpu:kingston,ONLINE,
2026-08-23T13:31:29+00:00,aws:ionq:qpu:forte-1,ONLINE,
2026-08-23T13:31:29+00:00,aws:ionq:qpu:forte-enterprise-1,ONLINE,
2026-08-23T13:31:29+00:00,ionq:ionq:qpu:forte-1,ONLINE,
2026-08-23T13:31:29+00:00,ibm:ibm:qpu:fez,ONLINE,
2026-08-23T13:31:29+00:00,aws:iqm:qpu:garnet,UNAVAILABLE,
2026-08-23T13:31:29+00:00,azure:rigetti:qpu:cepheus-1-36q,OFFLINE,
2026-08-23T13:31:29+00:00,azure:ionq:qpu:forte-enterprise-1,OFFLINE,
2026-08-23T13:31:29+00:00,ibm:ibm:qpu:boston,ONLINE,
2026-08-23T13:31:29+00:00,ibm:ibm:qpu:miami,ONLINE,
2026-08-23T13:31:29+00:00,rigetti:rigetti:qpu:cepheus-1-108q,ONLINE,
2026-08-23T13:31:29+00:00,aws:rigetti:qpu:cepheus-1-108q,UNAVAILABLE,
2026-08-23T13:31:29+00:00,openquantum:aqt:qpu:ibex-q1,ONLINE,
2026-08-23T13:31:29+00:00,openquantum:ionq:qpu:forte-1,ONLINE,
2026-08-23T13:31:29+00:00,openquantum:ionq:qpu:forte-enterprise,ONLINE,
2026-08-23T13:31:29+00:00,openquantum:iqm:qpu:emerald,ONLINE,
2026-08-23T13:31:29+00:00,openquantum:iqm:qpu:garnet,ONLINE,
2026-08-23T13:31:29+00:00,openquantum:rigetti:qpu:cepheus-1-108q,ONLINE,
2026-08-23T13:59:54+00:00,aws:aqt:qpu:ibex-q1,UNAVAILABLE,
2026-08-23T13:59:54+00:00,aws:quera:qpu:aquila,ONLINE,
2026-08-23T13:59:54+00:00,ibm:ibm:qpu:marrakesh,ONLINE,
2026-08-23T13:59:54+00:00,ibm:ibm:qpu:pittsburgh,UNAVAILABLE,
2026-08-23T13:59:54+00:00,azure:pasqal:qpu:fresnel,OFFLINE,
2026-08-23T13:59:54+00:00,aws:iqm:qpu:emerald,UNAVAILABLE,
2026-08-23T13:59:54+00:00,azure:ionq:qpu:forte-1,OFFLINE,
2026-08-23T13:59:54+00:00,ibm:ibm:qpu:kingston,ONLINE,
2026-08-23T13:59:54+00:00,aws:ionq:qpu:forte-1,ONLINE,
2026-08-23T13:59:54+00:00,aws:ionq:qpu:forte-enterprise-1,ONLINE,
2026-08-23T13:59:54+00:00,ionq:ionq:qpu:forte-1,ONLINE,
2026-08-23T13:59:54+00:00,ibm:ibm:qpu:fez,ONLINE,
2026-08-23T13:59:54+00:00,aws:iqm:qpu:garnet,UNAVAILABLE,
2026-08-23T13:59:54+00:00,azure:rigetti:qpu:cepheus-1-36q,OFFLINE,
2026-08-23T13:59:54+00:00,azure:ionq:qpu:forte-enterprise-1,OFFLINE,
2026-08-23T13:59:54+00:00,ibm:ibm:qpu:boston,ONLINE,
2026-08-23T13:59:54+00:00,ibm:ibm:qpu:miami,ONLINE,
2026-08-23T13:59:54+00:00,rigetti:rigetti:qpu:cepheus-1-108q,ONLINE,
2026-08-23T13:59:54+00:00,aws:rigetti:qpu:cepheus-1-108q,UNAVAILABLE,
2026-08-23T13:59:54+00:00,openquantum:aqt:qpu:ibex-q1,ONLINE,
2026-08-23T13:59:54+00:00,openquantum:ionq:qpu:forte-1,ONLINE,
2026-08-23T13:59:54+00:00,openquantum:ionq:qpu:forte-enterprise,ONLINE,
2026-08-23T13:59:54+00:00,openquantum:iqm:qpu:emerald,ONLINE,
2026-08-23T13:59:54+00:00,openquantum:iqm:qpu:garnet,ONLINE,
2026-08-23T13:59:54+00:00,openquantum:rigetti:qpu:cepheus-1-108q,ONLINE,
2026-08-23T14:31:58+00:00,aws:aqt:qpu:ibex-q1,UNAVAILABLE,
2026-08-23T14:31:58+00:00,aws:quera:qpu:aquila,ONLINE,
2026-08-23T14:31:58+00:00,ibm:ibm:qpu:marrakesh,ONLINE,
2026-08-23T14:31:58+00:00,ibm:ibm:qpu:pittsburgh,UNAVAILABLE,
2026-08-23T14:31:58+00:00,azure:pasqal:qpu:fresnel,OFFLINE,
2026-08-23T14:31:58+00:00,aws:iqm:qpu:emerald,UNAVAILABLE,
2026-08-23T14:31:58+00:00,azure:ionq:qpu:forte-1,OFFLINE,
2026-08-23T14:31:58+00:00,ibm:ibm:qpu:kingston,ONLINE,
2026-08-23T14:31:58+00:00,aws:ionq:qpu:forte-1,ONLINE,
2026-08-23T14:31:58+00:00,aws:ionq:qpu:forte-enterprise-1,ONLINE,
2026-08-23T14:31:58+00:00,ionq:ionq:qpu:forte-1,ONLINE,
2026-08-23T14:31:58+00:00,ibm:ibm:qpu:fez,ONLINE,
2026-08-23T14:31:58+00:00,aws:iqm:qpu:garnet,UNAVAILABLE,
2026-08-23T14:31:58+00:00,azure:rigetti:qpu:cepheus-1-36q,OFFLINE,
2026-08-23T14:31:58+00:00,azure:ionq:qpu:forte-enterprise-1,OFFLINE,
2026-08-23T14:31:58+00:00,ibm:ibm:qpu:boston,ONLINE,
2026-08-23T14:31:58+00:00,ibm:ibm:qpu:miami,ONLINE,
2026-08-23T14:31:58+00:00,rigetti:rigetti:qpu:cepheus-1-108q,ONLINE,
2026-08-23T14:31:58+00:00,aws:rigetti:qpu:cepheus-1-108q,UNAVAILABLE,
2026-08-23T14:31:58+00:00,openquantum:aqt:qpu:ibex-q1,ONLINE,
2026-08-23T14:31:58+00:00,openquantum:ionq:qpu:forte-1,ONLINE,
2026-08-23T14:31:58+00:00,openquantum:ionq:qpu:forte-enterprise,ONLINE,
2026-08-23T14:31:58+00:00,openquantum:iqm:qpu:emerald,ONLINE,
2026-08-23T14:31:58+00:00,openquantum:iqm:qpu:garnet,ONLINE,
2026-08-23T14:31:58+00:00,openquantum:rigetti:qpu:cepheus-1-108q,ONLINE,
2026-08-23T14:59:57+00:00,aws:aqt:qpu:ibex-q1,UNAVAILABLE,
2026-08-23T14:59:57+00:00,aws:quera:qpu:aquila,ONLINE,
2026-08-23T14:59:57+00:00,ibm:ibm:qpu:marrakesh,ONLINE,
2026-08-23T14:59:57+00:00,ibm:ibm:qpu:pittsburgh,UNAVAILABLE,
2026-08-23T14:59:57+00:00,azure:pasqal:qpu:fresnel,OFFLINE,
2026-08-23T14:59:57+00:00,aws:iqm:qpu:emerald,UNAVAILABLE,
2026-08-23T14:59:57+00:00,azure:ionq:qpu:forte-1,OFFLINE,
2026-08-23T14:59:57+00:00,ibm:ibm:qpu:kingston,ONLINE,
2026-08-23T14:59:57+00:00,aws:ionq:qpu:forte-1,ONLINE,
2026-08-23T14:59:57+00:00,aws:ionq:qpu:forte-enterprise-1,ONLINE,
2026-08-23T14:59:57+00:00,ionq:ionq:qpu:forte-1,ONLINE,
2026-08-23T14:59:57+00:00,ibm:ibm:qpu:fez,ONLINE,
2026-08-23T14:59:57+00:00,aws:iqm:qpu:garnet,UNAVAILABLE,
2026-08-23T14:59:57+00:00,azure:rigetti:qpu:cepheus-1-36q,OFFLINE,
2026-08-23T14:59:57+00:00,azure:ionq:qpu:forte-enterprise-1,OFFLINE,
2026-08-23T14:59:57+00:00,ibm:ibm:qpu:boston,ONLINE,
2026-08-23T14:59:57+00:00,ibm:ibm:qpu:miami,ONLINE,
2026-08-23T14:59:57+00:00,rigetti:rigetti:qpu:cepheus-1-108q,ONLINE,
2026-08-23T14:59:57+00:00,aws:rigetti:qpu:cepheus-1-108q,UNAVAILABLE,
2026-08-23T14:59:57+00:00,openquantum:aqt:qpu:ibex-q1,ONLINE,
2026-08-23T14:59:57+00:00,openquantum:ionq:qpu:forte-1,ONLINE,
2026-08-23T14:59:57+00:00,openquantum:ionq:qpu:forte-enterprise,ONLINE,
2026-08-23T14:59:57+00:00,openquantum:iqm:qpu:emerald,ONLINE,
2026-08-23T14:59:57+00:00,openquantum:iqm:qpu:garnet,ONLINE,
2026-08-23T14:59:57+00:00,openquantum:rigetti:qpu:cepheus-1-108q,ONLINE,
2026-08-23T15:30:56+00:00,aws:aqt:qpu:ibex-q1,UNAVAILABLE,
2026-08-23T15:30:56+00:00,aws:quera:qpu:aquila,ONLINE,
2026-08-23T15:30:56+00:00,ibm:ibm:qpu:marrakesh,ONLINE,
2026-08-23T15:30:56+00:00,ibm:ibm:qpu:pittsburgh,UNAVAILABLE,
2026-08-23T15:30:56+00:00,azure:pasqal:qpu:fresnel,OFFLINE,
2026-08-23T15:30:56+00:00,aws:iqm:qpu:emerald,UNAVAILABLE,
2026-08-23T15:30:56+00:00,azure:ionq:qpu:forte-1,OFFLINE,
2026-08-23T15:30:56+00:00,ibm:ibm:qpu:kingston,ONLINE,
2026-08-23T15:30:56+00:00,aws:ionq:qpu:forte-1,ONLINE,
2026-08-23T15:30:56+00:00,aws:ionq:qpu:forte-enterprise-1,ONLINE,
2026-08-23T15:30:56+00:00,ionq:ionq:qpu:forte-1,ONLINE,
2026-08-23T15:30:56+00:00,ibm:ibm:qpu:fez,ONLINE,
2026-08-23T15:30:56+00:00,aws:iqm:qpu:garnet,UNAVAILABLE,
2026-08-23T15:30:56+00:00,azure:rigetti:qpu:cepheus-1-36q,OFFLINE,
2026-08-23T15:30:56+00:00,azure:ionq:qpu:forte-enterprise-1,OFFLINE,
2026-08-23T15:30:56+00:00,ibm:ibm:qpu:boston,ONLINE,
2026-08-23T15:30:56+00:00,ibm:ibm:qpu:miami,ONLINE,
2026-08-23T15:30:56+00:00,rigetti:rigetti:qpu:cepheus-1-108q,ONLINE,
2026-08-23T15:30:56+00:00,aws:rigetti:qpu:cepheus-1-108q,UNAVAILABLE,
2026-08-23T15:30:56+00:00,openquantum:aqt:qpu:ibex-q1,ONLINE,
2026-08-23T15:30:56+00:00,openquantum:ionq:qpu:forte-1,ONLINE,
2026-08-23T15:30:56+00:00,openquantum:ionq:qpu:forte-enterprise,ONLINE,
2026-08-23T15:30:56+00:00,openquantum:iqm:qpu:emerald,ONLINE,
2026-08-23T15:30:56+00:00,openquantum:iqm:qpu:garnet,ONLINE,
2026-08-23T15:30:56+00:00,openquantum:rigetti:qpu:cepheus-1-108q,ONLINE,
2026-08-23T15:57:48+00:00,aws:aqt:qpu:ibex-q1,UNAVAILABLE,
2026-08-23T15:57:48+00:00,aws:quera:qpu:aquila,ONLINE,
2026-08-23T15:57:48+00:00,ibm:ibm:qpu:marrakesh,ONLINE,
2026-08-23T15:57:48+00:00,ibm:ibm:qpu:pittsburgh,UNAVAILABLE,
2026-08-23T15:57:48+00:00,azure:pasqal:qpu:fresnel,OFFLINE,
2026-08-23T15:57:48+00:00,aws:iqm:qpu:emerald,UNAVAILABLE,
2026-08-23T15:57:48+00:00,azure:ionq:qpu:forte-1,OFFLINE,
2026-08-23T15:57:48+00:00,ibm:ibm:qpu:kingston,ONLINE,
2026-08-23T15:57:48+00:00,aws:ionq:qpu:forte-1,ONLINE,
2026-08-23T15:57:48+00:00,aws:ionq:qpu:forte-enterprise-1,ONLINE,
2026-08-23T15:57:48+00:00,ionq:ionq:qpu:forte-1,ONLINE,
2026-08-23T15:57:48+00:00,ibm:ibm:qpu:fez,ONLINE,
2026-08-23T15:57:48+00:00,aws:iqm:qpu:garnet,UNAVAILABLE,
2026-08-23T15:57:48+00:00,azure:rigetti:qpu:cepheus-1-36q,OFFLINE,
2026-08-23T15:57:48+00:00,azure:ionq:qpu:forte-enterprise-1,OFFLINE,
2026-08-23T15:57:48+00:00,ibm:ibm:qpu:boston,ONLINE,
2026-08-23T15:57:48+00:00,ibm:ibm:qpu:miami,ONLINE,
2026-08-23T15:57:48+00:00,rigetti:rigetti:qpu:cepheus-1-108q,ONLINE,
2026-08-23T15:57:48+00:00,aws:rigetti:qpu:cepheus-1-108q,UNAVAILABLE,
2026-08-23T15:57:48+00:00,openquantum:aqt:qpu:ibex-q1,ONLINE,
2026-08-23T15:57:48+00:00,openquantum:ionq:qpu:forte-1,ONLINE,
2026-08-23T15:57:48+00:00,openquantum:ionq:qpu:forte-enterprise,ONLINE,
2026-08-23T15:57:48+00:00,openquantum:iqm:qpu:emerald,ONLINE,
2026-08-23T15:57:48+00:00,openquantum:iqm:qpu:garnet,ONLINE,
2026-08-23T15:57:48+00:00,openquantum:rigetti:qpu:cepheus-1-108q,ONLINE,
2026-08-23T16:33:33+00:00,aws:aqt:qpu:ibex-q1,UNAVAILABLE,
2026-08-23T16:33:33+00:00,aws:quera:qpu:aquila,ONLINE,
2026-08-23T16:33:33+00:00,ibm:ibm:qpu:marrakesh,ONLINE,
2026-08-23T16:33:33+00:00,ibm:ibm:qpu:pittsburgh,UNAVAILABLE,
2026-08-23T16:33:33+00:00,azure:pasqal:qpu:fresnel,OFFLINE,
2026-08-23T16:33:33+00:00,aws:iqm:qpu:emerald,UNAVAILABLE,
2026-08-23T16:33:33+00:00,azure:ionq:qpu:forte-1,OFFLINE,
2026-08-23T16:33:33+00:00,ibm:ibm:qpu:kingston,ONLINE,
2026-08-23T16:33:33+00:00,aws:ionq:qpu:forte-1,ONLINE,
2026-08-23T16:33:33+00:00,aws:ionq:qpu:forte-enterprise-1,ONLINE,
2026-08-23T16:33:33+00:00,ionq:ionq:qpu:forte-1,ONLINE,
2026-08-23T16:33:33+00:00,ibm:ibm:qpu:fez,ONLINE,
2026-08-23T16:33:33+00:00,aws:iqm:qpu:garnet,UNAVAILABLE,
2026-08-23T16:33:33+00:00,azure:rigetti:qpu:cepheus-1-36q,OFFLINE,
2026-08-23T16:33:33+00:00,azure:ionq:qpu:forte-enterprise-1,OFFLINE,
2026-08-23T16:33:33+00:00,ibm:ibm:qpu:boston,ONLINE,
2026-08-23T16:33:33+00:00,ibm:ibm:qpu:miami,ONLINE,
2026-08-23T16:33:33+00:00,rigetti:rigetti:qpu:cepheus-1-108q,ONLINE,
2026-08-23T16:33:33+00:00,aws:rigetti:qpu:cepheus-1-108q,UNAVAILABLE,
2026-08-23T16:33:33+00:00,openquantum:aqt:qpu:ibex-q1,ONLINE,
2026-08-23T16:33:33+00:00,openquantum:ionq:qpu:forte-1,ONLINE,
2026-08-23T16:33:33+00:00,openquantum:ionq:qpu:forte-enterprise,ONLINE,
2026-08-23T16:33:33+00:00,openquantum:iqm:qpu:emerald,ONLINE,
2026-08-23T16:33:33+00:00,openquantum:iqm:qpu:garnet,ONLINE,
2026-08-23T16:33:33+00:00,openquantum:rigetti:qpu:cepheus-1-108q,ONLINE,
2026-08-23T17:01:07+00:00,aws:aqt:qpu:ibex-q1,UNAVAILABLE,
2026-08-23T17:01:07+00:00,aws:quera:qpu:aquila,ONLINE,
2026-08-23T17:01:07+00:00,ibm:ibm:qpu:marrakesh,ONLINE,
2026-08-23T17:01:07+00:00,ibm:ibm:qpu:pittsburgh,ONLINE,
2026-08-23T17:01:07+00:00,azure:pasqal:qpu:fresnel,OFFLINE,
2026-08-23T17:01:07+00:00,aws:iqm:qpu:emerald,UNAVAILABLE,
2026-08-23T17:01:07+00:00,azure:ionq:qpu:forte-1,OFFLINE,
2026-08-23T17:01:07+00:00,ibm:ibm:qpu:kingston,ONLINE,
2026-08-23T17:01:07+00:00,aws:ionq:qpu:forte-1,ONLINE,
2026-08-23T17:01:07+00:00,aws:ionq:qpu:forte-enterprise-1,ONLINE,
2026-08-23T17:01:07+00:00,ionq:ionq:qpu:forte-1,ONLINE,
2026-08-23T17:01:07+00:00,ibm:ibm:qpu:fez,ONLINE,
2026-08-23T17:01:07+00:00,aws:iqm:qpu:garnet,UNAVAILABLE,
2026-08-23T17:01:07+00:00,azure:rigetti:qpu:cepheus-1-36q,OFFLINE,
2026-08-23T17:01:07+00:00,azure:ionq:qpu:forte-enterprise-1,OFFLINE,
2026-08-23T17:01:07+00:00,ibm:ibm:qpu:boston,ONLINE,
2026-08-23T17:01:07+00:00,ibm:ibm:qpu:miami,ONLINE,
2026-08-23T17:01:07+00:00,rigetti:rigetti:qpu:cepheus-1-108q,ONLINE,
2026-08-23T17:01:07+00:00,aws:rigetti:qpu:cepheus-1-108q,ONLINE,
2026-08-23T17:01:07+00:00,openquantum:aqt:qpu:ibex-q1,ONLINE,
2026-08-23T17:01:07+00:00,openquantum:ionq:qpu:forte-1,ONLINE,
2026-08-23T17:01:07+00:00,openquantum:ionq:qpu:forte-enterprise,ONLINE,
2026-08-23T17:01:07+00:00,openquantum:iqm:qpu:emerald,ONLINE,
2026-08-23T17:01:07+00:00,openquantum:iqm:qpu:garnet,ONLINE,
2026-08-23T17:01:07+00:00,openquantum:rigetti:qpu:cepheus-1-108q,ONLINE,
2026-08-23T17:56:28+00:00,aws:aqt:qpu:ibex-q1,UNAVAILABLE,
2026-08-23T17:56:28+00:00,aws:quera:qpu:aquila,ONLINE,
2026-08-23T17:56:28+00:00,ibm:ibm:qpu:marrakesh,ONLINE,
2026-08-23T17:56:28+00:00,ibm:ibm:qpu:pittsburgh,ONLINE,
2026-08-23T17:56:28+00:00,azure:pasqal:qpu:fresnel,OFFLINE,
2026-08-23T17:56:28+00:00,aws:iqm:qpu:emerald,UNAVAILABLE,
2026-08-23T17:56:28+00:00,azure:ionq:qpu:forte-1,OFFLINE,
2026-08-23T17:56:28+00:00,ibm:ibm:qpu:kingston,ONLINE,
2026-08-23T17:56:28+00:00,aws:ionq:qpu:forte-1,ONLINE,
2026-08-23T17:56:28+00:00,aws:ionq:qpu:forte-enterprise-1,ONLINE,
2026-08-23T17:56:28+00:00,ionq:ionq:qpu:forte-1,ONLINE,
2026-08-23T17:56:28+00:00,ibm:ibm:qpu:fez,ONLINE,
2026-08-23T17:56:28+00:00,aws:iqm:qpu:garnet,UNAVAILABLE,
2026-08-23T17:56:28+00:00,azure:rigetti:qpu:cepheus-1-36q,OFFLINE,
2026-08-23T17:56:28+00:00,azure:ionq:qpu:forte-enterprise-1,OFFLINE,
2026-08-23T17:56:28+00:00,ibm:ibm:qpu:boston,ONLINE,
2026-08-23T17:56:28+00:00,ibm:ibm:qpu:miami,ONLINE,
2026-08-23T17:56:28+00:00,rigetti:rigetti:qpu:cepheus-1-108q,ONLINE,
2026-08-23T17:56:28+00:00,aws:rigetti:qpu:cepheus-1-108q,ONLINE,
2026-08-23T17:56:28+00:00,openquantum:aqt:qpu:ibex-q1,ONLINE,
2026-08-23T17:56:28+00:00,openquantum:ionq:qpu:forte-1,ONLINE,
2026-08-23T17:56:28+00:00,openquantum:ionq:qpu:forte-enterprise,ONLINE,
2026-08-23T17:56:28+00:00,openquantum:iqm:qpu:emerald,ONLINE,
2026-08-23T17:56:28+00:00,openquantum:iqm:qpu:garnet,ONLINE,
2026-08-23T17:56:28+00:00,openquantum:rigetti:qpu:cepheus-1-108q,ONLINE,
2026-08-23T18:33:21+00:00,aws:aqt:qpu:ibex-q1,UNAVAILABLE,
2026-08-23T18:33:21+00:00,aws:quera:qpu:aquila,ONLINE,
2026-08-23T18:33:21+00:00,ibm:ibm:qpu:marrakesh,ONLINE,
2026-08-23T18:33:21+00:00,ibm:ibm:qpu:pittsburgh,ONLINE,
2026-08-23T18:33:21+00:00,azure:pasqal:qpu:fresnel,OFFLINE,
2026-08-23T18:33:21+00:00,aws:iqm:qpu:emerald,UNAVAILABLE,
2026-08-23T18:33:21+00:00,azure:ionq:qpu:forte-1,OFFLINE,
2026-08-23T18:33:21+00:00,ibm:ibm:qpu:kingston,ONLINE,
2026-08-23T18:33:21+00:00,aws:ionq:qpu:forte-1,ONLINE,
2026-08-23T18:33:21+00:00,aws:ionq:qpu:forte-enterprise-1,ONLINE,
2026-08-23T18:33:21+00:00,ionq:ionq:qpu:forte-1,UNAVAILABLE,
2026-08-23T18:33:21+00:00,ibm:ibm:qpu:fez,ONLINE,
2026-08-23T18:33:21+00:00,aws:iqm:qpu:garnet,UNAVAILABLE,
2026-08-23T18:33:21+00:00,azure:rigetti:qpu:cepheus-1-36q,OFFLINE,
2026-08-23T18:33:21+00:00,azure:ionq:qpu:forte-enterprise-1,OFFLINE,
2026-08-23T18:33:21+00:00,ibm:ibm:qpu:boston,ONLINE,
2026-08-23T18:33:21+00:00,ibm:ibm:qpu:miami,ONLINE,
2026-08-23T18:33:21+00:00,rigetti:rigetti:qpu:cepheus-1-108q,ONLINE,
2026-08-23T18:33:21+00:00,aws:rigetti:qpu:cepheus-1-108q,ONLINE,
2026-08-23T18:33:21+00:00,openquantum:aqt:qpu:ibex-q1,ONLINE,
2026-08-23T18:33:21+00:00,openquantum:ionq:qpu:forte-1,ONLINE,
2026-08-23T18:33:21+00:00,openquantum:ionq:qpu:forte-enterprise,ONLINE,
2026-08-23T18:33:21+00:00,openquantum:iqm:qpu:emerald,ONLINE,
2026-08-23T18:33:21+00:00,openquantum:iqm:qpu:garnet,ONLINE,
2026-08-23T18:33:21+00:00,openquantum:rigetti:qpu:cepheus-1-108q,ONLINE,
2026-08-23T19:04:01+00:00,aws:aqt:qpu:ibex-q1,UNAVAILABLE,
2026-08-23T19:04:01+00:00,aws:quera:qpu:aquila,ONLINE,
2026-08-23T19:04:01+00:00,ibm:ibm:qpu:marrakesh,ONLINE,
2026-08-23T19:04:01+00:00,ibm:ibm:qpu:pittsburgh,ONLINE,
2026-08-23T19:04:01+00:00,azure:pasqal:qpu:fresnel,OFFLINE,
2026-08-23T19:04:01+00:00,aws:iqm:qpu:emerald,UNAVAILABLE,
2026-08-23T19:04:01+00:00,azure:ionq:qpu:forte-1,OFFLINE,
2026-08-23T19:04:01+00:00,ibm:ibm:qpu:kingston,ONLINE,
2026-08-23T19:04:01+00:00,aws:ionq:qpu:forte-1,ONLINE,
2026-08-23T19:04:01+00:00,aws:ionq:qpu:forte-enterprise-1,ONLINE,
2026-08-23T19:04:01+00:00,ionq:ionq:qpu:forte-1,ONLINE,
2026-08-23T19:04:01+00:00,ibm:ibm:qpu:fez,ONLINE,
2026-08-23T19:04:01+00:00,aws:iqm:qpu:garnet,UNAVAILABLE,
2026-08-23T19:04:01+00:00,azure:rigetti:qpu:cepheus-1-36q,OFFLINE,
2026-08-23T19:04:01+00:00,azure:ionq:qpu:forte-enterprise-1,OFFLINE,
2026-08-23T19:04:01+00:00,ibm:ibm:qpu:boston,ONLINE,
2026-08-23T19:04:01+00:00,ibm:ibm:qpu:miami,ONLINE,
2026-08-23T19:04:01+00:00,rigetti:rigetti:qpu:cepheus-1-108q,ONLINE,
2026-08-23T19:04:01+00:00,aws:rigetti:qpu:cepheus-1-108q,UNAVAILABLE,
2026-08-23T19:04:01+00:00,openquantum:aqt:qpu:ibex-q1,ONLINE,
2026-08-23T19:04:01+00:00,openquantum:ionq:qpu:forte-1,ONLINE,
2026-08-23T19:04:01+00:00,openquantum:ionq:qpu:forte-enterprise,ONLINE,
2026-08-23T19:04:01+00:00,openquantum:iqm:qpu:emerald,ONLINE,
2026-08-23T19:04:01+00:00,openquantum:iqm:qpu:garnet,ONLINE,
2026-08-23T19:04:01+00:00,openquantum:rigetti:qpu:cepheus-1-108q,ONLINE,
2026-08-23T19:56:05+00:00,aws:aqt:qpu:ibex-q1,UNAVAILABLE,
2026-08-23T19:56:05+00:00,aws:quera:qpu:aquila,ONLINE,
2026-08-23T19:56:05+00:00,ibm:ibm:qpu:marrakesh,ONLINE,
2026-08-23T19:56:05+00:00,ibm:ibm:qpu:pittsburgh,ONLINE,
2026-08-23T19:56:05+00:00,azure:pasqal:qpu:fresnel,OFFLINE,
2026-08-23T19:56:05+00:00,aws:iqm:qpu:emerald,UNAVAILABLE,
2026-08-23T19:56:05+00:00,azure:ionq:qpu:forte-1,OFFLINE,
2026-08-23T19:56:05+00:00,ibm:ibm:qpu:kingston,ONLINE,
2026-08-23T19:56:05+00:00,aws:ionq:qpu:forte-1,ONLINE,
2026-08-23T19:56:05+00:00,aws:ionq:qpu:forte-enterprise-1,ONLINE,
2026-08-23T19:56:05+00:00,ionq:ionq:qpu:forte-1,ONLINE,
2026-08-23T19:56:05+00:00,ibm:ibm:qpu:fez,ONLINE,
2026-08-23T19:56:05+00:00,aws:iqm:qpu:garnet,UNAVAILABLE,
2026-08-23T19:56:05+00:00,azure:rigetti:qpu:cepheus-1-36q,OFFLINE,
2026-08-23T19:56:05+00:00,azure:ionq:qpu:forte-enterprise-1,OFFLINE,
2026-08-23T19:56:05+00:00,ibm:ibm:qpu:boston,ONLINE,
2026-08-23T19:56:05+00:00,ibm:ibm:qpu:miami,ONLINE,
2026-08-23T19:56:05+00:00,rigetti:rigetti:qpu:cepheus-1-108q,ONLINE,
2026-08-23T19:56:05+00:00,aws:rigetti:qpu:cepheus-1-108q,UNAVAILABLE,
2026-08-23T19:56:05+00:00,openquantum:aqt:qpu:ibex-q1,ONLINE,
2026-08-23T19:56:05+00:00,openquantum:ionq:qpu:forte-1,ONLINE,
2026-08-23T19:56:05+00:00,openquantum:ionq:qpu:forte-enterprise,ONLINE,
2026-08-23T19:56:05+00:00,openquantum:iqm:qpu:emerald,ONLINE,
2026-08-23T19:56:05+00:00,openquantum:iqm:qpu:garnet,ONLINE,
2026-08-23T19:56:05+00:00,openquantum:rigetti:qpu:cepheus-1-108q,ONLINE,
2026-08-23T20:25:20+00:00,aws:aqt:qpu:ibex-q1,UNAVAILABLE,
2026-08-23T20:25:20+00:00,aws:quera:qpu:aquila,ONLINE,
2026-08-23T20:25:20+00:00,ibm:ibm:qpu:marrakesh,ONLINE,
2026-08-23T20:25:20+00:00,ibm:ibm:qpu:pittsburgh,ONLINE,
2026-08-23T20:25:20+00:00,azure:pasqal:qpu:fresnel,OFFLINE,
2026-08-23T20:25:20+00:00,aws:iqm:qpu:emerald,UNAVAILABLE,
2026-08-23T20:25:20+00:00,azure:ionq:qpu:forte-1,OFFLINE,
2026-08-23T20:25:20+00:00,ibm:ibm:qpu:kingston,ONLINE,
2026-08-23T20:25:20+00:00,aws:ionq:qpu:forte-1,ONLINE,
2026-08-23T20:25:20+00:00,aws:ionq:qpu:forte-enterprise-1,ONLINE,
2026-08-23T20:25:20+00:00,ionq:ionq:qpu:forte-1,ONLINE,
2026-08-23T20:25:20+00:00,ibm:ibm:qpu:fez,ONLINE,
2026-08-23T20:25:20+00:00,aws:iqm:qpu:garnet,UNAVAILABLE,
2026-08-23T20:25:20+00:00,azure:rigetti:qpu:cepheus-1-36q,OFFLINE,
2026-08-23T20:25:20+00:00,azure:ionq:qpu:forte-enterprise-1,OFFLINE,
2026-08-23T20:25:20+00:00,ibm:ibm:qpu:boston,ONLINE,
2026-08-23T20:25:20+00:00,ibm:ibm:qpu:miami,ONLINE,
2026-08-23T20:25:20+00:00,rigetti:rigetti:qpu:cepheus-1-108q,ONLINE,
2026-08-23T20:25:20+00:00,aws:rigetti:qpu:cepheus-1-108q,UNAVAILABLE,
2026-08-23T20:25:20+00:00,openquantum:aqt:qpu:ibex-q1,ONLINE,
2026-08-23T20:25:20+00:00,openquantum:ionq:qpu:forte-1,ONLINE,
2026-08-23T20:25:20+00:00,openquantum:ionq:qpu:forte-enterprise,ONLINE,
2026-08-23T20:25:20+00:00,openquantum:iqm:qpu:emerald,ONLINE,
2026-08-23T20:25:20+00:00,openquantum:iqm:qpu:garnet,ONLINE,
2026-08-23T20:25:20+00:00,openquantum:rigetti:qpu:cepheus-1-108q,ONLINE,
2026-08-23T20:58:53+00:00,aws:aqt:qpu:ibex-q1,UNAVAILABLE,
2026-08-23T20:58:53+00:00,aws:quera:qpu:aquila,ONLINE,
2026-08-23T20:58:53+00:00,ibm:ibm:qpu:marrakesh,ONLINE,
2026-08-23T20:58:53+00:00,ibm:ibm:qpu:pittsburgh,ONLINE,
2026-08-23T20:58:53+00:00,azure:pasqal:qpu:fresnel,OFFLINE,
2026-08-23T20:58:53+00:00,aws:iqm:qpu:emerald,UNAVAILABLE,
2026-08-23T20:58:53+00:00,azure:ionq:qpu:forte-1,OFFLINE,
2026-08-23T20:58:53+00:00,ibm:ibm:qpu:kingston,ONLINE,
2026-08-23T20:58:53+00:00,aws:ionq:qpu:forte-1,ONLINE,
2026-08-23T20:58:53+00:00,aws:ionq:qpu:forte-enterprise-1,ONLINE,
2026-08-23T20:58:53+00:00,ionq:ionq:qpu:forte-1,ONLINE,
2026-08-23T20:58:53+00:00,ibm:ibm:qpu:fez,ONLINE,
2026-08-23T20:58:53+00:00,aws:iqm:qpu:garnet,UNAVAILABLE,
2026-08-23T20:58:53+00:00,azure:rigetti:qpu:cepheus-1-36q,OFFLINE,
2026-08-23T20:58:53+00:00,azure:ionq:qpu:forte-enterprise-1,OFFLINE,
2026-08-23T20:58:53+00:00,ibm:ibm:qpu:boston,ONLINE,
2026-08-23T20:58:53+00:00,ibm:ibm:qpu:miami,ONLINE,
2026-08-23T20:58:53+00:00,rigetti:rigetti:qpu:cepheus-1-108q,ONLINE,
2026-08-23T20:58:53+00:00,aws:rigetti:qpu:cepheus-1-108q,UNAVAILABLE,
2026-08-23T20:58:53+00:00,openquantum:aqt:qpu:ibex-q1,ONLINE,
2026-08-23T20:58:53+00:00,openquantum:ionq:qpu:forte-1,ONLINE,
2026-08-23T20:58:53+00:00,openquantum:ionq:qpu:forte-enterprise,ONLINE,
2026-08-23T20:58:53+00:00,openquantum:iqm:qpu:emerald,ONLINE,
2026-08-23T20:58:53+00:00,openquantum:iqm:qpu:garnet,ONLINE,
2026-08-23T20:58:53+00:00,openquantum:rigetti:qpu:cepheus-1-108q,ONLINE,
2026-08-23T21:29:14+00:00,aws:aqt:qpu:ibex-q1,UNAVAILABLE,
2026-08-23T21:29:14+00:00,aws:quera:qpu:aquila,ONLINE,
2026-08-23T21:29:14+00:00,ibm:ibm:qpu:marrakesh,ONLINE,
2026-08-23T21:29:14+00:00,ibm:ibm:qpu:pittsburgh,ONLINE,
2026-08-23T21:29:14+00:00,azure:pasqal:qpu:fresnel,OFFLINE,
2026-08-23T21:29:14+00:00,aws:iqm:qpu:emerald,UNAVAILABLE,
2026-08-23T21:29:14+00:00,azure:ionq:qpu:forte-1,OFFLINE,
2026-08-23T21:29:14+00:00,ibm:ibm:qpu:kingston,ONLINE,
2026-08-23T21:29:14+00:00,aws:ionq:qpu:forte-1,ONLINE,
2026-08-23T21:29:14+00:00,aws:ionq:qpu:forte-enterprise-1,ONLINE,
2026-08-23T21:29:14+00:00,ionq:ionq:qpu:forte-1,ONLINE,
2026-08-23T21:29:14+00:00,ibm:ibm:qpu:fez,ONLINE,
2026-08-23T21:29:14+00:00,aws:iqm:qpu:garnet,UNAVAILABLE,
2026-08-23T21:29:14+00:00,azure:rigetti:qpu:cepheus-1-36q,OFFLINE,
2026-08-23T21:29:14+00:00,azure:ionq:qpu:forte-enterprise-1,OFFLINE,
2026-08-23T21:29:14+00:00,ibm:ibm:qpu:boston,ONLINE,
2026-08-23T21:29:14+00:00,ibm:ibm:qpu:miami,ONLINE,
2026-08-23T21:29:14+00:00,rigetti:rigetti:qpu:cepheus-1-108q,ONLINE,
2026-08-23T21:29:14+00:00,aws:rigetti:qpu:cepheus-1-108q,ONLINE,
2026-08-23T21:29:14+00:00,openquantum:aqt:qpu:ibex-q1,ONLINE,
2026-08-23T21:29:14+00:00,openquantum:ionq:qpu:forte-1,ONLINE,
2026-08-23T21:29:14+00:00,openquantum:ionq:qpu:forte-enterprise,ONLINE,
2026-08-23T21:29:14+00:00,openquantum:iqm:qpu:emerald,ONLINE,
2026-08-23T21:29:14+00:00,openquantum:iqm:qpu:garnet,ONLINE,
2026-08-23T21:29:14+00:00,openquantum:rigetti:qpu:cepheus-1-108q,ONLINE,
2026-08-23T21:57:11+00:00,aws:aqt:qpu:ibex-q1,UNAVAILABLE,
2026-08-23T21:57:11+00:00,aws:quera:qpu:aquila,ONLINE,
2026-08-23T21:57:11+00:00,ibm:ibm:qpu:marrakesh,ONLINE,
2026-08-23T21:57:11+00:00,ibm:ibm:qpu:pittsburgh,ONLINE,
2026-08-23T21:57:11+00:00,azure:pasqal:qpu:fresnel,OFFLINE,
2026-08-23T21:57:11+00:00,aws:iqm:qpu:emerald,UNAVAILABLE,
2026-08-23T21:57:11+00:00,azure:ionq:qpu:forte-1,OFFLINE,
2026-08-23T21:57:11+00:00,ibm:ibm:qpu:kingston,ONLINE,
2026-08-23T21:57:11+00:00,aws:ionq:qpu:forte-1,ONLINE,
2026-08-23T21:57:11+00:00,aws:ionq:qpu:forte-enterprise-1,ONLINE,
2026-08-23T21:57:11+00:00,ionq:ionq:qpu:forte-1,ONLINE,
2026-08-23T21:57:11+00:00,ibm:ibm:qpu:fez,ONLINE,
2026-08-23T21:57:11+00:00,aws:iqm:qpu:garnet,UNAVAILABLE,
2026-08-23T21:57:11+00:00,azure:rigetti:qpu:cepheus-1-36q,OFFLINE,
2026-08-23T21:57:11+00:00,azure:ionq:qpu:forte-enterprise-1,OFFLINE,
2026-08-23T21:57:11+00:00,ibm:ibm:qpu:boston,ONLINE,
2026-08-23T21:57:11+00:00,ibm:ibm:qpu:miami,ONLINE,
2026-08-23T21:57:11+00:00,rigetti:rigetti:qpu:cepheus-1-108q,ONLINE,
2026-08-23T21:57:11+00:00,aws:rigetti:qpu:cepheus-1-108q,ONLINE,
2026-08-23T21:57:11+00:00,openquantum:aqt:qpu:ibex-q1,ONLINE,
2026-08-23T21:57:11+00:00,openquantum:ionq:qpu:forte-1,ONLINE,
2026-08-23T21:57:11+00:00,openquantum:ionq:qpu:forte-enterprise,ONLINE,
2026-08-23T21:57:11+00:00,openquantum:iqm:qpu:emerald,ONLINE,
2026-08-23T21:57:11+00:00,openquantum:iqm:qpu:garnet,ONLINE,
2026-08-23T21:57:11+00:00,openquantum:rigetti:qpu:cepheus-1-108q,ONLINE,
2026-08-23T22:27:37+00:00,aws:aqt:qpu:ibex-q1,UNAVAILABLE,
2026-08-23T22:27:37+00:00,aws:quera:qpu:aquila,ONLINE,
2026-08-23T22:27:37+00:00,ibm:ibm:qpu:marrakesh,ONLINE,
2026-08-23T22:27:37+00:00,ibm:ibm:qpu:pittsburgh,ONLINE,
2026-08-23T22:27:37+00:00,azure:pasqal:qpu:fresnel,OFFLINE,
2026-08-23T22:27:37+00:00,aws:iqm:qpu:emerald,UNAVAILABLE,
2026-08-23T22:27:37+00:00,azure:ionq:qpu:forte-1,OFFLINE,
2026-08-23T22:27:37+00:00,ibm:ibm:qpu:kingston,ONLINE,
2026-08-23T22:27:37+00:00,aws:ionq:qpu:forte-1,ONLINE,
2026-08-23T22:27:37+00:00,aws:ionq:qpu:forte-enterprise-1,ONLINE,
2026-08-23T22:27:37+00:00,ionq:ionq:qpu:forte-1,ONLINE,
2026-08-23T22:27:37+00:00,ibm:ibm:qpu:fez,ONLINE,
2026-08-23T22:27:37+00:00,aws:iqm:qpu:garnet,UNAVAILABLE,
2026-08-23T22:27:37+00:00,azure:rigetti:qpu:cepheus-1-36q,OFFLINE,
2026-08-23T22:27:37+00:00,azure:ionq:qpu:forte-enterprise-1,OFFLINE,
2026-08-23T22:27:37+00:00,ibm:ibm:qpu:boston,ONLINE,
2026-08-23T22:27:37+00:00,ibm:ibm:qpu:miami,ONLINE,
2026-08-23T22:27:37+00:00,rigetti:rigetti:qpu:cepheus-1-108q,ONLINE,
2026-08-23T22:27:37+00:00,aws:rigetti:qpu:cepheus-1-108q,ONLINE,
2026-08-23T22:27:37+00:00,openquantum:aqt:qpu:ibex-q1,ONLINE,
2026-08-23T22:27:37+00:00,openquantum:ionq:qpu:forte-1,ONLINE,
2026-08-23T22:27:37+00:00,openquantum:ionq:qpu:forte-enterprise,ONLINE,
2026-08-23T22:27:37+00:00,openquantum:iqm:qpu:emerald,ONLINE,
2026-08-23T22:27:37+00:00,openquantum:iqm:qpu:garnet,ONLINE,
2026-08-23T22:27:37+00:00,openquantum:rigetti:qpu:cepheus-1-108q,ONLINE,
2026-08-23T22:58:31+00:00,aws:aqt:qpu:ibex-q1,UNAVAILABLE,
2026-08-23T22:58:31+00:00,aws:quera:qpu:aquila,ONLINE,
2026-08-23T22:58:31+00:00,ibm:ibm:qpu:marrakesh,ONLINE,
2026-08-23T22:58:31+00:00,ibm:ibm:qpu:pittsburgh,ONLINE,
2026-08-23T22:58:31+00:00,azure:pasqal:qpu:fresnel,OFFLINE,
2026-08-23T22:58:31+00:00,aws:iqm:qpu:emerald,UNAVAILABLE,
2026-08-23T22:58:31+00:00,azure:ionq:qpu:forte-1,OFFLINE,
2026-08-23T22:58:31+00:00,ibm:ibm:qpu:kingston,ONLINE,
2026-08-23T22:58:31+00:00,aws:ionq:qpu:forte-1,ONLINE,
2026-08-23T22:58:31+00:00,aws:ionq:qpu:forte-enterprise-1,ONLINE,
2026-08-23T22:58:31+00:00,ionq:ionq:qpu:forte-1,ONLINE,
2026-08-23T22:58:31+00:00,ibm:ibm:qpu:fez,ONLINE,
2026-08-23T22:58:31+00:00,aws:iqm:qpu:garnet,UNAVAILABLE,
2026-08-23T22:58:31+00:00,azure:rigetti:qpu:cepheus-1-36q,OFFLINE,
2026-08-23T22:58:31+00:00,azure:ionq:qpu:forte-enterprise-1,OFFLINE,
2026-08-23T22:58:31+00:00,ibm:ibm:qpu:boston,ONLINE,
2026-08-23T22:58:31+00:00,ibm:ibm:qpu:miami,ONLINE,
2026-08-23T22:58:31+00:00,rigetti:rigetti:qpu:cepheus-1-108q,ONLINE,
2026-08-23T22:58:31+00:00,aws:rigetti:qpu:cepheus-1-108q,ONLINE,
2026-08-23T22:58:31+00:00,openquantum:aqt:qpu:ibex-q1,ONLINE,
2026-08-23T22:58:31+00:00,openquantum:ionq:qpu:forte-1,ONLINE,
2026-08-23T22:58:31+00:00,openquantum:ionq:qpu:forte-enterprise,ONLINE,
2026-08-23T22:58:31+00:00,openquantum:iqm:qpu:emerald,ONLINE,
2026-08-23T22:58:31+00:00,openquantum:iqm:qpu:garnet,ONLINE,
2026-08-23T22:58:31+00:00,openquantum:rigetti:qpu:cepheus-1-108q,ONLINE,
2026-08-23T23:28:46+00:00,aws:aqt:qpu:ibex-q1,UNAVAILABLE,
2026-08-23T23:28:46+00:00,aws:quera:qpu:aquila,ONLINE,
2026-08-23T23:28:46+00:00,ibm:ibm:qpu:marrakesh,ONLINE,
2026-08-23T23:28:46+00:00,ibm:ibm:qpu:pittsburgh,ONLINE,
2026-08-23T23:28:46+00:00,azure:pasqal:qpu:fresnel,OFFLINE,
2026-08-23T23:28:46+00:00,aws:iqm:qpu:emerald,UNAVAILABLE,
2026-08-23T23:28:46+00:00,azure:ionq:qpu:forte-1,OFFLINE,
2026-08-23T23:28:46+00:00,ibm:ibm:qpu:kingston,ONLINE,
2026-08-23T23:28:46+00:00,aws:ionq:qpu:forte-1,ONLINE,
2026-08-23T23:28:46+00:00,aws:ionq:qpu:forte-enterprise-1,ONLINE,
2026-08-23T23:28:46+00:00,ionq:ionq:qpu:forte-1,ONLINE,
2026-08-23T23:28:46+00:00,ibm:ibm:qpu:fez,ONLINE,
2026-08-23T23:28:46+00:00,aws:iqm:qpu:garnet,UNAVAILABLE,
2026-08-23T23:28:46+00:00,azure:rigetti:qpu:cepheus-1-36q,OFFLINE,
2026-08-23T23:28:46+00:00,azure:ionq:qpu:forte-enterprise-1,OFFLINE,
2026-08-23T23:28:46+00:00,ibm:ibm:qpu:boston,ONLINE,
2026-08-23T23:28:46+00:00,ibm:ibm:qpu:miami,ONLINE,
2026-08-23T23:28:46+00:00,rigetti:rigetti:qpu:cepheus-1-108q,ONLINE,
2026-08-23T23:28:46+00:00,aws:rigetti:qpu:cepheus-1-108q,ONLINE,
2026-08-23T23:28:46+00:00,openquantum:aqt:qpu:ibex-q1,ONLINE,
2026-08-23T23:28:46+00:00,openquantum:ionq:qpu:forte-1,ONLINE,
2026-08-23T23:28:46+00:00,openquantum:ionq:qpu:forte-enterprise,ONLINE,
2026-08-23T23:28:46+00:00,openquantum:iqm:qpu:emerald,ONLINE,
2026-08-23T23:28:46+00:00,openquantum:iqm:qpu:garnet,ONLINE,
2026-08-23T23:28:46+00:00,openquantum:rigetti:qpu:cepheus-1-108q,ONLINE,
2026-08-23T23:57:10+00:00,aws:aqt:qpu:ibex-q1,UNAVAILABLE,
2026-08-23T23:57:10+00:00,aws:quera:qpu:aquila,ONLINE,
2026-08-23T23:57:10+00:00,ibm:ibm:qpu:marrakesh,ONLINE,
2026-08-23T23:57:10+00:00,ibm:ibm:qpu:pittsburgh,ONLINE,
2026-08-23T23:57:10+00:00,azure:pasqal:qpu:fresnel,OFFLINE,
2026-08-23T23:57:10+00:00,aws:iqm:qpu:emerald,UNAVAILABLE,
2026-08-23T23:57:10+00:00,azure:ionq:qpu:forte-1,OFFLINE,
2026-08-23T23:57:10+00:00,ibm:ibm:qpu:kingston,ONLINE,
2026-08-23T23:57:10+00:00,aws:ionq:qpu:forte-1,ONLINE,
2026-08-23T23:57:10+00:00,aws:ionq:qpu:forte-enterprise-1,ONLINE,
2026-08-23T23:57:10+00:00,ionq:ionq:qpu:forte-1,ONLINE,
2026-08-23T23:57:10+00:00,ibm:ibm:qpu:fez,ONLINE,
2026-08-23T23:57:10+00:00,aws:iqm:qpu:garnet,UNAVAILABLE,
2026-08-23T23:57:10+00:00,azure:rigetti:qpu:cepheus-1-36q,OFFLINE,
2026-08-23T23:57:10+00:00,azure:ionq:qpu:forte-enterprise-1,OFFLINE,
2026-08-23T23:57:10+00:00,ibm:ibm:qpu:boston,ONLINE,
2026-08-23T23:57:10+00:00,ibm:ibm:qpu:miami,ONLINE,
2026-08-23T23:57:10+00:00,rigetti:rigetti:qpu:cepheus-1-108q,ONLINE,
2026-08-23T23:57:10+00:00,aws:rigetti:qpu:cepheus-1-108q,ONLINE,
2026-08-23T23:57:10+00:00,openquantum:aqt:qpu:ibex-q1,ONLINE,
2026-08-23T23:57:10+00:00,openquantum:ionq:qpu:forte-1,ONLINE,
2026-08-23T23:57:10+00:00,openquantum:ionq:qpu:forte-enterprise,ONLINE,
2026-08-23T23:57:10+00:00,openquantum:iqm:qpu:emerald,ONLINE,
2026-08-23T23:57:10+00:00,openquantum:iqm:qpu:garnet,ONLINE,
2026-08-23T23:57:10+00:00,openquantum:rigetti:qpu:cepheus-1-108q,ONLINE,
2026-08-24T01:40:40+00:00,aws:aqt:qpu:ibex-q1,UNAVAILABLE,
2026-08-24T01:40:40+00:00,aws:quera:qpu:aquila,ONLINE,
2026-08-24T01:40:40+00:00,ibm:ibm:qpu:marrakesh,ONLINE,
2026-08-24T01:40:40+00:00,ibm:ibm:qpu:pittsburgh,ONLINE,
2026-08-24T01:40:40+00:00,azure:pasqal:qpu:fresnel,OFFLINE,
2026-08-24T01:40:40+00:00,aws:iqm:qpu:emerald,ONLINE,
2026-08-24T01:40:40+00:00,azure:ionq:qpu:forte-1,OFFLINE,
2026-08-24T01:40:40+00:00,ibm:ibm:qpu:kingston,ONLINE,
2026-08-24T01:40:40+00:00,aws:ionq:qpu:forte-1,ONLINE,
2026-08-24T01:40:40+00:00,aws:ionq:qpu:forte-enterprise-1,ONLINE,
2026-08-24T01:40:40+00:00,ionq:ionq:qpu:forte-1,ONLINE,
2026-08-24T01:40:40+00:00,ibm:ibm:qpu:fez,ONLINE,
2026-08-24T01:40:40+00:00,aws:iqm:qpu:garnet,UNAVAILABLE,
2026-08-24T01:40:40+00:00,azure:rigetti:qpu:cepheus-1-36q,OFFLINE,
2026-08-24T01:40:40+00:00,azure:ionq:qpu:forte-enterprise-1,OFFLINE,
2026-08-24T01:40:40+00:00,ibm:ibm:qpu:boston,ONLINE,
2026-08-24T01:40:40+00:00,ibm:ibm:qpu:miami,ONLINE,
2026-08-24T01:40:40+00:00,rigetti:rigetti:qpu:cepheus-1-108q,ONLINE,
2026-08-24T01:40:40+00:00,aws:rigetti:qpu:cepheus-1-108q,ONLINE,
2026-08-24T01:40:40+00:00,openquantum:aqt:qpu:ibex-q1,ONLINE,
2026-08-24T01:40:40+00:00,openquantum:ionq:qpu:forte-1,ONLINE,
2026-08-24T01:40:40+00:00,openquantum:ionq:qpu:forte-enterprise,ONLINE,
2026-08-24T01:40:40+00:00,openquantum:iqm:qpu:emerald,ONLINE,
2026-08-24T01:40:40+00:00,openquantum:iqm:qpu:garnet,ONLINE,
2026-08-24T01:40:40+00:00,openquantum:rigetti:qpu:cepheus-1-108q,ONLINE,
2026-08-24T02:50:14+00:00,aws:aqt:qpu:ibex-q1,UNAVAILABLE,
2026-08-24T02:50:14+00:00,aws:quera:qpu:aquila,ONLINE,
2026-08-24T02:50:14+00:00,ibm:ibm:qpu:marrakesh,ONLINE,
2026-08-24T02:50:14+00:00,ibm:ibm:qpu:pittsburgh,ONLINE,
2026-08-24T02:50:14+00:00,azure:pasqal:qpu:fresnel,OFFLINE,
2026-08-24T02:50:14+00:00,aws:iqm:qpu:emerald,ONLINE,
2026-08-24T02:50:14+00:00,azure:ionq:qpu:forte-1,OFFLINE,
2026-08-24T02:50:14+00:00,ibm:ibm:qpu:kingston,ONLINE,
2026-08-24T02:50:14+00:00,aws:ionq:qpu:forte-1,ONLINE,
2026-08-24T02:50:14+00:00,aws:ionq:qpu:forte-enterprise-1,ONLINE,
2026-08-24T02:50:14+00:00,ionq:ionq:qpu:forte-1,ONLINE,
2026-08-24T02:50:14+00:00,ibm:ibm:qpu:fez,ONLINE,
2026-08-24T02:50:14+00:00,aws:iqm:qpu:garnet,UNAVAILABLE,
2026-08-24T02:50:14+00:00,azure:rigetti:qpu:cepheus-1-36q,OFFLINE,
2026-08-24T02:50:14+00:00,azure:ionq:qpu:forte-enterprise-1,OFFLINE,
2026-08-24T02:50:14+00:00,ibm:ibm:qpu:boston,ONLINE,
2026-08-24T02:50:14+00:00,ibm:ibm:qpu:miami,ONLINE,
2026-08-24T02:50:14+00:00,rigetti:rigetti:qpu:cepheus-1-108q,ONLINE,
2026-08-24T02:50:14+00:00,aws:rigetti:qpu:cepheus-1-108q,ONLINE,
2026-08-24T02:50:14+00:00,openquantum:aqt:qpu:ibex-q1,ONLINE,
2026-08-24T02:50:14+00:00,openquantum:ionq:qpu:forte-1,ONLINE,
2026-08-24T02:50:14+00:00,openquantum:ionq:qpu:forte-enterprise,ONLINE,
2026-08-24T02:50:14+00:00,openquantum:iqm:qpu:emerald,ONLINE,
2026-08-24T02:50:14+00:00,openquantum:iqm:qpu:garnet,ONLINE,
2026-08-24T02:50:14+00:00,openquantum:rigetti:qpu:cepheus-1-108q,ONLINE,
2026-08-24T03:54:07+00:00,aws:aqt:qpu:ibex-q1,UNAVAILABLE,
2026-08-24T03:54:07+00:00,aws:quera:qpu:aquila,ONLINE,
2026-08-24T03:54:07+00:00,ibm:ibm:qpu:marrakesh,ONLINE,
2026-08-24T03:54:07+00:00,ibm:ibm:qpu:pittsburgh,ONLINE,
2026-08-24T03:54:07+00:00,azure:pasqal:qpu:fresnel,OFFLINE,
2026-08-24T03:54:07+00:00,aws:iqm:qpu:emerald,UNAVAILABLE,
2026-08-24T03:54:07+00:00,azure:ionq:qpu:forte-1,OFFLINE,
2026-08-24T03:54:07+00:00,ibm:ibm:qpu:kingston,ONLINE,
2026-08-24T03:54:07+00:00,aws:ionq:qpu:forte-1,ONLINE,
2026-08-24T03:54:07+00:00,aws:ionq:qpu:forte-enterprise-1,ONLINE,
2026-08-24T03:54:07+00:00,ionq:ionq:qpu:forte-1,ONLINE,
2026-08-24T03:54:07+00:00,ibm:ibm:qpu:fez,ONLINE,
2026-08-24T03:54:07+00:00,aws:iqm:qpu:garnet,ONLINE,
2026-08-24T03:54:07+00:00,azure:rigetti:qpu:cepheus-1-36q,OFFLINE,
2026-08-24T03:54:07+00:00,azure:ionq:qpu:forte-enterprise-1,OFFLINE,
2026-08-24T03:54:07+00:00,ibm:ibm:qpu:boston,ONLINE,
2026-08-24T03:54:07+00:00,ibm:ibm:qpu:miami,ONLINE,
2026-08-24T03:54:07+00:00,rigetti:rigetti:qpu:cepheus-1-108q,ONLINE,
2026-08-24T03:54:07+00:00,aws:rigetti:qpu:cepheus-1-108q,ONLINE,
2026-08-24T03:54:07+00:00,openquantum:aqt:qpu:ibex-q1,ONLINE,
2026-08-24T03:54:07+00:00,openquantum:ionq:qpu:forte-1,ONLINE,
2026-08-24T03:54:07+00:00,openquantum:ionq:qpu:forte-enterprise,ONLINE,
2026-08-24T03:54:07+00:00,openquantum:iqm:qpu:emerald,ONLINE,
2026-08-24T03:54:07+00:00,openquantum:iqm:qpu:garnet,ONLINE,
2026-08-24T03:54:07+00:00,openquantum:rigetti:qpu:cepheus-1-108q,ONLINE,
2026-08-24T04:43:13+00:00,aws:aqt:qpu:ibex-q1,UNAVAILABLE,
2026-08-24T04:43:13+00:00,aws:quera:qpu:aquila,UNAVAILABLE,
2026-08-24T04:43:13+00:00,ibm:ibm:qpu:marrakesh,ONLINE,
2026-08-24T04:43:13+00:00,ibm:ibm:qpu:pittsburgh,ONLINE,
2026-08-24T04:43:13+00:00,azure:pasqal:qpu:fresnel,OFFLINE,
2026-08-24T04:43:13+00:00,aws:iqm:qpu:emerald,UNAVAILABLE,
2026-08-24T04:43:13+00:00,azure:ionq:qpu:forte-1,OFFLINE,
2026-08-24T04:43:13+00:00,ibm:ibm:qpu:kingston,ONLINE,
2026-08-24T04:43:13+00:00,aws:ionq:qpu:forte-1,ONLINE,
2026-08-24T04:43:13+00:00,aws:ionq:qpu:forte-enterprise-1,ONLINE,
2026-08-24T04:43:13+00:00,ionq:ionq:qpu:forte-1,ONLINE,
2026-08-24T04:43:13+00:00,ibm:ibm:qpu:fez,ONLINE,
2026-08-24T04:43:13+00:00,aws:iqm:qpu:garnet,ONLINE,
2026-08-24T04:43:13+00:00,azure:rigetti:qpu:cepheus-1-36q,OFFLINE,
2026-08-24T04:43:13+00:00,azure:ionq:qpu:forte-enterprise-1,OFFLINE,
2026-08-24T04:43:13+00:00,ibm:ibm:qpu:boston,ONLINE,
2026-08-24T04:43:13+00:00,ibm:ibm:qpu:miami,ONLINE,
2026-08-24T04:43:13+00:00,rigetti:rigetti:qpu:cepheus-1-108q,ONLINE,
2026-08-24T04:43:13+00:00,aws:rigetti:qpu:cepheus-1-108q,ONLINE,
2026-08-24T04:43:13+00:00,openquantum:aqt:qpu:ibex-q1,ONLINE,
2026-08-24T04:43:13+00:00,openquantum:ionq:qpu:forte-1,ONLINE,
2026-08-24T04:43:13+00:00,openquantum:ionq:qpu:forte-enterprise,ONLINE,
2026-08-24T04:43:13+00:00,openquantum:iqm:qpu:emerald,ONLINE,
2026-08-24T04:43:13+00:00,openquantum:iqm:qpu:garnet,ONLINE,
2026-08-24T04:43:13+00:00,openquantum:rigetti:qpu:cepheus-1-108q,ONLINE,
2026-08-24T05:25:05+00:00,aws:aqt:qpu:ibex-q1,UNAVAILABLE,
2026-08-24T05:25:05+00:00,aws:quera:qpu:aquila,UNAVAILABLE,
2026-08-24T05:25:05+00:00,ibm:ibm:qpu:marrakesh,ONLINE,
2026-08-24T05:25:05+00:00,ibm:ibm:qpu:pittsburgh,ONLINE,
2026-08-24T05:25:05+00:00,azure:pasqal:qpu:fresnel,OFFLINE,
2026-08-24T05:25:05+00:00,aws:iqm:qpu:emerald,UNAVAILABLE,
2026-08-24T05:25:05+00:00,azure:ionq:qpu:forte-1,OFFLINE,
2026-08-24T05:25:05+00:00,ibm:ibm:qpu:kingston,ONLINE,
2026-08-24T05:25:05+00:00,aws:ionq:qpu:forte-1,ONLINE,
2026-08-24T05:25:05+00:00,aws:ionq:qpu:forte-enterprise-1,ONLINE,
2026-08-24T05:25:05+00:00,ionq:ionq:qpu:forte-1,ONLINE,
2026-08-24T05:25:05+00:00,ibm:ibm:qpu:fez,ONLINE,
2026-08-24T05:25:05+00:00,aws:iqm:qpu:garnet,ONLINE,
2026-08-24T05:25:05+00:00,azure:rigetti:qpu:cepheus-1-36q,OFFLINE,
2026-08-24T05:25:05+00:00,azure:ionq:qpu:forte-enterprise-1,OFFLINE,
2026-08-24T05:25:05+00:00,ibm:ibm:qpu:boston,ONLINE,
2026-08-24T05:25:05+00:00,ibm:ibm:qpu:miami,ONLINE,
2026-08-24T05:25:05+00:00,rigetti:rigetti:qpu:cepheus-1-108q,ONLINE,
2026-08-24T05:25:05+00:00,aws:rigetti:qpu:cepheus-1-108q,ONLINE,
2026-08-24T05:25:05+00:00,openquantum:aqt:qpu:ibex-q1,ONLINE,
2026-08-24T05:25:05+00:00,openquantum:ionq:qpu:forte-1,ONLINE,
2026-08-24T05:25:05+00:00,openquantum:ionq:qpu:forte-enterprise,ONLINE,
2026-08-24T05:25:05+00:00,openquantum:iqm:qpu:emerald,ONLINE,
2026-08-24T05:25:05+00:00,openquantum:iqm:qpu:garnet,ONLINE,
2026-08-24T05:25:05+00:00,openquantum:rigetti:qpu:cepheus-1-108q,ONLINE,
2026-08-24T06:24:01+00:00,aws:aqt:qpu:ibex-q1,UNAVAILABLE,
2026-08-24T06:24:01+00:00,aws:quera:qpu:aquila,UNAVAILABLE,
2026-08-24T06:24:01+00:00,ibm:ibm:qpu:marrakesh,ONLINE,
2026-08-24T06:24:01+00:00,ibm:ibm:qpu:pittsburgh,ONLINE,
2026-08-24T06:24:01+00:00,azure:pasqal:qpu:fresnel,OFFLINE,
2026-08-24T06:24:01+00:00,aws:iqm:qpu:emerald,UNAVAILABLE,
2026-08-24T06:24:01+00:00,azure:ionq:qpu:forte-1,OFFLINE,
2026-08-24T06:24:01+00:00,ibm:ibm:qpu:kingston,ONLINE,
2026-08-24T06:24:01+00:00,aws:ionq:qpu:forte-1,ONLINE,
2026-08-24T06:24:01+00:00,aws:ionq:qpu:forte-enterprise-1,ONLINE,
2026-08-24T06:24:01+00:00,ionq:ionq:qpu:forte-1,ONLINE,
2026-08-24T06:24:01+00:00,ibm:ibm:qpu:fez,ONLINE,
2026-08-24T06:24:01+00:00,aws:iqm:qpu:garnet,ONLINE,
2026-08-24T06:24:01+00:00,azure:rigetti:qpu:cepheus-1-36q,OFFLINE,
2026-08-24T06:24:01+00:00,azure:ionq:qpu:forte-enterprise-1,OFFLINE,
2026-08-24T06:24:01+00:00,ibm:ibm:qpu:boston,ONLINE,
2026-08-24T06:24:01+00:00,ibm:ibm:qpu:miami,ONLINE,
2026-08-24T06:24:01+00:00,rigetti:rigetti:qpu:cepheus-1-108q,ONLINE,
2026-08-24T06:24:01+00:00,aws:rigetti:qpu:cepheus-1-108q,ONLINE,
2026-08-24T06:24:01+00:00,openquantum:aqt:qpu:ibex-q1,ONLINE,
2026-08-24T06:24:01+00:00,openquantum:ionq:qpu:forte-1,ONLINE,
2026-08-24T06:24:01+00:00,openquantum:ionq:qpu:forte-enterprise,ONLINE,
2026-08-24T06:24:01+00:00,openquantum:iqm:qpu:emerald,ONLINE,
2026-08-24T06:24:01+00:00,openquantum:iqm:qpu:garnet,ONLINE,
2026-08-24T06:24:01+00:00,openquantum:rigetti:qpu:cepheus-1-108q,ONLINE,
2026-08-24T07:44:13+00:00,aws:aqt:qpu:ibex-q1,UNAVAILABLE,
2026-08-24T07:44:13+00:00,aws:quera:qpu:aquila,UNAVAILABLE,
2026-08-24T07:44:13+00:00,ibm:ibm:qpu:marrakesh,ONLINE,
2026-08-24T07:44:13+00:00,ibm:ibm:qpu:pittsburgh,ONLINE,
2026-08-24T07:44:13+00:00,azure:pasqal:qpu:fresnel,OFFLINE,
2026-08-24T07:44:13+00:00,aws:iqm:qpu:emerald,ONLINE,
2026-08-24T07:44:13+00:00,azure:ionq:qpu:forte-1,OFFLINE,
2026-08-24T07:44:13+00:00,ibm:ibm:qpu:kingston,ONLINE,
2026-08-24T07:44:13+00:00,aws:ionq:qpu:forte-1,ONLINE,
2026-08-24T07:44:13+00:00,aws:ionq:qpu:forte-enterprise-1,ONLINE,
2026-08-24T07:44:13+00:00,ionq:ionq:qpu:forte-1,ONLINE,
2026-08-24T07:44:13+00:00,ibm:ibm:qpu:fez,ONLINE,
2026-08-24T07:44:13+00:00,aws:iqm:qpu:garnet,ONLINE,
2026-08-24T07:44:13+00:00,azure:rigetti:qpu:cepheus-1-36q,OFFLINE,
2026-08-24T07:44:13+00:00,azure:ionq:qpu:forte-enterprise-1,OFFLINE,
2026-08-24T07:44:13+00:00,ibm:ibm:qpu:boston,ONLINE,
2026-08-24T07:44:13+00:00,ibm:ibm:qpu:miami,ONLINE,
2026-08-24T07:44:13+00:00,rigetti:rigetti:qpu:cepheus-1-108q,ONLINE,
2026-08-24T07:44:13+00:00,aws:rigetti:qpu:cepheus-1-108q,UNAVAILABLE,
2026-08-24T07:44:13+00:00,openquantum:aqt:qpu:ibex-q1,ONLINE,
2026-08-24T07:44:13+00:00,openquantum:ionq:qpu:forte-1,ONLINE,
2026-08-24T07:44:13+00:00,openquantum:ionq:qpu:forte-enterprise,ONLINE,
2026-08-24T07:44:13+00:00,openquantum:iqm:qpu:emerald,ONLINE,
2026-08-24T07:44:13+00:00,openquantum:iqm:qpu:garnet,ONLINE,
2026-08-24T07:44:13+00:00,openquantum:rigetti:qpu:cepheus-1-108q,ONLINE,
2026-08-24T08:29:51+00:00,aws:aqt:qpu:ibex-q1,UNAVAILABLE,
2026-08-24T08:29:51+00:00,aws:quera:qpu:aquila,UNAVAILABLE,
2026-08-24T08:29:51+00:00,ibm:ibm:qpu:marrakesh,ONLINE,
2026-08-24T08:29:51+00:00,ibm:ibm:qpu:pittsburgh,ONLINE,
2026-08-24T08:29:51+00:00,azure:pasqal:qpu:fresnel,OFFLINE,
2026-08-24T08:29:51+00:00,aws:iqm:qpu:emerald,ONLINE,
2026-08-24T08:29:51+00:00,azure:ionq:qpu:forte-1,OFFLINE,
2026-08-24T08:29:51+00:00,ibm:ibm:qpu:kingston,ONLINE,
2026-08-24T08:29:51+00:00,aws:ionq:qpu:forte-1,ONLINE,
2026-08-24T08:29:51+00:00,aws:ionq:qpu:forte-enterprise-1,ONLINE,
2026-08-24T08:29:51+00:00,ionq:ionq:qpu:forte-1,ONLINE,
2026-08-24T08:29:51+00:00,ibm:ibm:qpu:fez,ONLINE,
2026-08-24T08:29:51+00:00,aws:iqm:qpu:garnet,ONLINE,
2026-08-24T08:29:51+00:00,azure:rigetti:qpu:cepheus-1-36q,OFFLINE,
2026-08-24T08:29:51+00:00,azure:ionq:qpu:forte-enterprise-1,OFFLINE,
2026-08-24T08:29:51+00:00,ibm:ibm:qpu:boston,ONLINE,
2026-08-24T08:29:51+00:00,ibm:ibm:qpu:miami,ONLINE,
2026-08-24T08:29:51+00:00,rigetti:rigetti:qpu:cepheus-1-108q,ONLINE,
2026-08-24T08:29:51+00:00,aws:rigetti:qpu:cepheus-1-108q,UNAVAILABLE,
2026-08-24T08:29:51+00:00,openquantum:aqt:qpu:ibex-q1,ONLINE,
2026-08-24T08:29:51+00:00,openquantum:ionq:qpu:forte-1,ONLINE,
2026-08-24T08:29:51+00:00,openquantum:ionq:qpu:forte-enterprise,ONLINE,
2026-08-24T08:29:51+00:00,openquantum:iqm:qpu:emerald,ONLINE,
2026-08-24T08:29:51+00:00,openquantum:iqm:qpu:garnet,ONLINE,
2026-08-24T08:29:51+00:00,openquantum:rigetti:qpu:cepheus-1-108q,ONLINE,
2026-08-24T09:29:48+00:00,aws:aqt:qpu:ibex-q1,UNAVAILABLE,
2026-08-24T09:29:48+00:00,aws:quera:qpu:aquila,UNAVAILABLE,
2026-08-24T09:29:48+00:00,ibm:ibm:qpu:marrakesh,ONLINE,
2026-08-24T09:29:48+00:00,ibm:ibm:qpu:pittsburgh,ONLINE,
2026-08-24T09:29:48+00:00,azure:pasqal:qpu:fresnel,OFFLINE,
2026-08-24T09:29:48+00:00,aws:iqm:qpu:emerald,ONLINE,
2026-08-24T09:29:48+00:00,azure:ionq:qpu:forte-1,OFFLINE,
2026-08-24T09:29:48+00:00,ibm:ibm:qpu:kingston,ONLINE,
2026-08-24T09:29:48+00:00,aws:ionq:qpu:forte-1,ONLINE,
2026-08-24T09:29:48+00:00,aws:ionq:qpu:forte-enterprise-1,ONLINE,
2026-08-24T09:29:48+00:00,ionq:ionq:qpu:forte-1,ONLINE,
2026-08-24T09:29:48+00:00,ibm:ibm:qpu:fez,ONLINE,
2026-08-24T09:29:48+00:00,aws:iqm:qpu:garnet,ONLINE,
2026-08-24T09:29:48+00:00,azure:rigetti:qpu:cepheus-1-36q,OFFLINE,
2026-08-24T09:29:48+00:00,azure:ionq:qpu:forte-enterprise-1,OFFLINE,
2026-08-24T09:29:48+00:00,ibm:ibm:qpu:boston,ONLINE,
2026-08-24T09:29:48+00:00,ibm:ibm:qpu:miami,ONLINE,
2026-08-24T09:29:48+00:00,rigetti:rigetti:qpu:cepheus-1-108q,ONLINE,
2026-08-24T09:29:48+00:00,aws:rigetti:qpu:cepheus-1-108q,ONLINE,
2026-08-24T09:29:48+00:00,openquantum:aqt:qpu:ibex-q1,ONLINE,
2026-08-24T09:29:48+00:00,openquantum:ionq:qpu:forte-1,ONLINE,
2026-08-24T09:29:48+00:00,openquantum:ionq:qpu:forte-enterprise,ONLINE,
2026-08-24T09:29:48+00:00,openquantum:iqm:qpu:emerald,ONLINE,
2026-08-24T09:29:48+00:00,openquantum:iqm:qpu:garnet,ONLINE,
2026-08-24T09:29:48+00:00,openquantum:rigetti:qpu:cepheus-1-108q,ONLINE,
2026-08-24T10:21:42+00:00,aws:aqt:qpu:ibex-q1,UNAVAILABLE,
2026-08-24T10:21:42+00:00,aws:quera:qpu:aquila,UNAVAILABLE,
2026-08-24T10:21:42+00:00,ibm:ibm:qpu:marrakesh,ONLINE,
2026-08-24T10:21:42+00:00,ibm:ibm:qpu:pittsburgh,ONLINE,
2026-08-24T10:21:42+00:00,azure:pasqal:qpu:fresnel,OFFLINE,
2026-08-24T10:21:42+00:00,aws:iqm:qpu:emerald,ONLINE,
2026-08-24T10:21:42+00:00,azure:ionq:qpu:forte-1,OFFLINE,
2026-08-24T10:21:42+00:00,ibm:ibm:qpu:kingston,ONLINE,
2026-08-24T10:21:42+00:00,aws:ionq:qpu:forte-1,ONLINE,
2026-08-24T10:21:42+00:00,aws:ionq:qpu:forte-enterprise-1,ONLINE,
2026-08-24T10:21:42+00:00,ionq:ionq:qpu:forte-1,ONLINE,
2026-08-24T10:21:42+00:00,ibm:ibm:qpu:fez,ONLINE,
2026-08-24T10:21:42+00:00,aws:iqm:qpu:garnet,ONLINE,
2026-08-24T10:21:42+00:00,azure:rigetti:qpu:cepheus-1-36q,OFFLINE,
2026-08-24T10:21:42+00:00,azure:ionq:qpu:forte-enterprise-1,OFFLINE,
2026-08-24T10:21:42+00:00,ibm:ibm:qpu:boston,ONLINE,
2026-08-24T10:21:42+00:00,ibm:ibm:qpu:miami,ONLINE,
2026-08-24T10:21:42+00:00,rigetti:rigetti:qpu:cepheus-1-108q,ONLINE,
2026-08-24T10:21:42+00:00,aws:rigetti:qpu:cepheus-1-108q,ONLINE,
2026-08-24T10:21:42+00:00,openquantum:aqt:qpu:ibex-q1,ONLINE,
2026-08-24T10:21:42+00:00,openquantum:ionq:qpu:forte-1,ONLINE,
2026-08-24T10:21:42+00:00,openquantum:ionq:qpu:forte-enterprise,ONLINE,
2026-08-24T10:21:42+00:00,openquantum:iqm:qpu:emerald,ONLINE,
2026-08-24T10:21:42+00:00,openquantum:iqm:qpu:garnet,ONLINE,
2026-08-24T10:21:42+00:00,openquantum:rigetti:qpu:cepheus-1-108q,ONLINE,
2026-08-24T11:09:14+00:00,aws:aqt:qpu:ibex-q1,ONLINE,
2026-08-24T11:09:14+00:00,aws:quera:qpu:aquila,UNAVAILABLE,
2026-08-24T11:09:14+00:00,ibm:ibm:qpu:marrakesh,ONLINE,
2026-08-24T11:09:14+00:00,ibm:ibm:qpu:pittsburgh,ONLINE,
2026-08-24T11:09:14+00:00,azure:pasqal:qpu:fresnel,OFFLINE,
2026-08-24T11:09:14+00:00,aws:iqm:qpu:emerald,ONLINE,
2026-08-24T11:09:14+00:00,azure:ionq:qpu:forte-1,OFFLINE,
2026-08-24T11:09:14+00:00,ibm:ibm:qpu:kingston,ONLINE,
2026-08-24T11:09:14+00:00,aws:ionq:qpu:forte-1,ONLINE,
2026-08-24T11:09:14+00:00,aws:ionq:qpu:forte-enterprise-1,ONLINE,
2026-08-24T11:09:14+00:00,ionq:ionq:qpu:forte-1,ONLINE,
2026-08-24T11:09:14+00:00,ibm:ibm:qpu:fez,ONLINE,
2026-08-24T11:09:14+00:00,aws:iqm:qpu:garnet,ONLINE,
2026-08-24T11:09:14+00:00,azure:rigetti:qpu:cepheus-1-36q,OFFLINE,
2026-08-24T11:09:14+00:00,azure:ionq:qpu:forte-enterprise-1,OFFLINE,
2026-08-24T11:09:14+00:00,ibm:ibm:qpu:boston,ONLINE,
2026-08-24T11:09:14+00:00,ibm:ibm:qpu:miami,ONLINE,
2026-08-24T11:09:14+00:00,rigetti:rigetti:qpu:cepheus-1-108q,ONLINE,
2026-08-24T11:09:14+00:00,aws:rigetti:qpu:cepheus-1-108q,ONLINE,
2026-08-24T11:09:14+00:00,openquantum:aqt:qpu:ibex-q1,ONLINE,
2026-08-24T11:09:14+00:00,openquantum:ionq:qpu:forte-1,ONLINE,
2026-08-24T11:09:14+00:00,openquantum:ionq:qpu:forte-enterprise,ONLINE,
2026-08-24T11:09:14+00:00,openquantum:iqm:qpu:emerald,ONLINE,
2026-08-24T11:09:14+00:00,openquantum:iqm:qpu:garnet,ONLINE,
2026-08-24T11:09:14+00:00,openquantum:rigetti:qpu:cepheus-1-108q,ONLINE,
2026-08-24T12:01:53+00:00,aws:aqt:qpu:ibex-q1,ONLINE,
2026-08-24T12:01:53+00:00,aws:quera:qpu:aquila,UNAVAILABLE,
2026-08-24T12:01:53+00:00,ibm:ibm:qpu:marrakesh,ONLINE,
2026-08-24T12:01:53+00:00,ibm:ibm:qpu:pittsburgh,ONLINE,
2026-08-24T12:01:53+00:00,azure:pasqal:qpu:fresnel,OFFLINE,
2026-08-24T12:01:53+00:00,aws:iqm:qpu:emerald,ONLINE,
2026-08-24T12:01:53+00:00,azure:ionq:qpu:forte-1,OFFLINE,
2026-08-24T12:01:53+00:00,ibm:ibm:qpu:kingston,ONLINE,
2026-08-24T12:01:53+00:00,aws:ionq:qpu:forte-1,ONLINE,
2026-08-24T12:01:53+00:00,aws:ionq:qpu:forte-enterprise-1,ONLINE,
2026-08-24T12:01:53+00:00,ionq:ionq:qpu:forte-1,ONLINE,
2026-08-24T12:01:53+00:00,ibm:ibm:qpu:fez,ONLINE,
2026-08-24T12:01:53+00:00,aws:iqm:qpu:garnet,ONLINE,
2026-08-24T12:01:53+00:00,azure:rigetti:qpu:cepheus-1-36q,OFFLINE,
2026-08-24T12:01:53+00:00,azure:ionq:qpu:forte-enterprise-1,OFFLINE,
2026-08-24T12:01:53+00:00,ibm:ibm:qpu:boston,ONLINE,
2026-08-24T12:01:53+00:00,ibm:ibm:qpu:miami,ONLINE,
2026-08-24T12:01:53+00:00,rigetti:rigetti:qpu:cepheus-1-108q,ONLINE,
2026-08-24T12:01:53+00:00,aws:rigetti:qpu:cepheus-1-108q,ONLINE,
2026-08-24T12:01:53+00:00,openquantum:aqt:qpu:ibex-q1,ONLINE,
2026-08-24T12:01:53+00:00,openquantum:ionq:qpu:forte-1,ONLINE,
2026-08-24T12:01:53+00:00,openquantum:ionq:qpu:forte-enterprise,ONLINE,
2026-08-24T12:01:53+00:00,openquantum:iqm:qpu:emerald,ONLINE,
2026-08-24T12:01:53+00:00,openquantum:iqm:qpu:garnet,ONLINE,
2026-08-24T12:01:53+00:00,openquantum:rigetti:qpu:cepheus-1-108q,ONLINE,
2026-08-24T13:37:19+00:00,aws:aqt:qpu:ibex-q1,ONLINE,
2026-08-24T13:37:19+00:00,aws:quera:qpu:aquila,UNAVAILABLE,
2026-08-24T13:37:19+00:00,ibm:ibm:qpu:marrakesh,ONLINE,
2026-08-24T13:37:19+00:00,ibm:ibm:qpu:pittsburgh,ONLINE,
2026-08-24T13:37:19+00:00,azure:pasqal:qpu:fresnel,OFFLINE,
2026-08-24T13:37:19+00:00,aws:iqm:qpu:emerald,ONLINE,
2026-08-24T13:37:19+00:00,azure:ionq:qpu:forte-1,OFFLINE,
2026-08-24T13:37:19+00:00,ibm:ibm:qpu:kingston,ONLINE,
2026-08-24T13:37:19+00:00,aws:ionq:qpu:forte-1,OFFLINE,
2026-08-24T13:37:19+00:00,aws:ionq:qpu:forte-enterprise-1,ONLINE,
2026-08-24T13:37:19+00:00,ionq:ionq:qpu:forte-1,UNAVAILABLE,
2026-08-24T13:37:19+00:00,ibm:ibm:qpu:fez,ONLINE,
2026-08-24T13:37:19+00:00,aws:iqm:qpu:garnet,ONLINE,
2026-08-24T13:37:19+00:00,azure:rigetti:qpu:cepheus-1-36q,OFFLINE,
2026-08-24T13:37:19+00:00,azure:ionq:qpu:forte-enterprise-1,OFFLINE,
2026-08-24T13:37:19+00:00,ibm:ibm:qpu:boston,ONLINE,
2026-08-24T13:37:19+00:00,ibm:ibm:qpu:miami,ONLINE,
2026-08-24T13:37:19+00:00,rigetti:rigetti:qpu:cepheus-1-108q,ONLINE,
2026-08-24T13:37:19+00:00,aws:rigetti:qpu:cepheus-1-108q,ONLINE,
2026-08-24T13:37:19+00:00,openquantum:aqt:qpu:ibex-q1,ONLINE,
2026-08-24T13:37:19+00:00,openquantum:ionq:qpu:forte-1,ONLINE,
2026-08-24T13:37:19+00:00,openquantum:ionq:qpu:forte-enterprise,ONLINE,
2026-08-24T13:37:19+00:00,openquantum:iqm:qpu:emerald,ONLINE,
2026-08-24T13:37:19+00:00,openquantum:iqm:qpu:garnet,ONLINE,
2026-08-24T13:37:19+00:00,openquantum:rigetti:qpu:cepheus-1-108q,ONLINE,
2026-08-24T14:25:49+00:00,aws:aqt:qpu:ibex-q1,ONLINE,
2026-08-24T14:25:49+00:00,aws:quera:qpu:aquila,UNAVAILABLE,
2026-08-24T14:25:49+00:00,ibm:ibm:qpu:marrakesh,ONLINE,
2026-08-24T14:25:49+00:00,ibm:ibm:qpu:pittsburgh,ONLINE,
2026-08-24T14:25:49+00:00,azure:pasqal:qpu:fresnel,OFFLINE,
2026-08-24T14:25:49+00:00,aws:iqm:qpu:emerald,ONLINE,
2026-08-24T14:25:49+00:00,azure:ionq:qpu:forte-1,OFFLINE,
2026-08-24T14:25:49+00:00,ibm:ibm:qpu:kingston,ONLINE,
2026-08-24T14:25:49+00:00,aws:ionq:qpu:forte-1,OFFLINE,
2026-08-24T14:25:49+00:00,aws:ionq:qpu:forte-enterprise-1,ONLINE,
2026-08-24T14:25:49+00:00,ionq:ionq:qpu:forte-1,UNAVAILABLE,
2026-08-24T14:25:49+00:00,ibm:ibm:qpu:fez,ONLINE,
2026-08-24T14:25:49+00:00,aws:iqm:qpu:garnet,ONLINE,
2026-08-24T14:25:49+00:00,azure:rigetti:qpu:cepheus-1-36q,OFFLINE,
2026-08-24T14:25:49+00:00,azure:ionq:qpu:forte-enterprise-1,OFFLINE,
2026-08-24T14:25:49+00:00,ibm:ibm:qpu:boston,ONLINE,
2026-08-24T14:25:49+00:00,ibm:ibm:qpu:miami,ONLINE,
2026-08-24T14:25:49+00:00,rigetti:rigetti:qpu:cepheus-1-108q,ONLINE,
2026-08-24T14:25:49+00:00,aws:rigetti:qpu:cepheus-1-108q,ONLINE,
2026-08-24T14:25:49+00:00,openquantum:aqt:qpu:ibex-q1,ONLINE,
2026-08-24T14:25:49+00:00,openquantum:ionq:qpu:forte-1,ONLINE,
2026-08-24T14:25:49+00:00,openquantum:ionq:qpu:forte-enterprise,ONLINE,
2026-08-24T14:25:49+00:00,openquantum:iqm:qpu:emerald,ONLINE,
2026-08-24T14:25:49+00:00,openquantum:iqm:qpu:garnet,ONLINE,
2026-08-24T14:25:49+00:00,openquantum:rigetti:qpu:cepheus-1-108q,ONLINE,
2026-08-24T15:22:18+00:00,aws:aqt:qpu:ibex-q1,UNAVAILABLE,
2026-08-24T15:22:18+00:00,aws:quera:qpu:aquila,UNAVAILABLE,
2026-08-24T15:22:18+00:00,ibm:ibm:qpu:marrakesh,ONLINE,
2026-08-24T15:22:18+00:00,ibm:ibm:qpu:pittsburgh,ONLINE,
2026-08-24T15:22:18+00:00,azure:pasqal:qpu:fresnel,OFFLINE,
2026-08-24T15:22:18+00:00,aws:iqm:qpu:emerald,ONLINE,
2026-08-24T15:22:18+00:00,azure:ionq:qpu:forte-1,OFFLINE,
2026-08-24T15:22:18+00:00,ibm:ibm:qpu:kingston,ONLINE,
2026-08-24T15:22:18+00:00,aws:ionq:qpu:forte-1,OFFLINE,
2026-08-24T15:22:18+00:00,aws:ionq:qpu:forte-enterprise-1,ONLINE,
2026-08-24T15:22:18+00:00,ionq:ionq:qpu:forte-1,UNAVAILABLE,
2026-08-24T15:22:18+00:00,ibm:ibm:qpu:fez,ONLINE,
2026-08-24T15:22:18+00:00,aws:iqm:qpu:garnet,ONLINE,
2026-08-24T15:22:18+00:00,azure:rigetti:qpu:cepheus-1-36q,OFFLINE,
2026-08-24T15:22:18+00:00,azure:ionq:qpu:forte-enterprise-1,OFFLINE,
2026-08-24T15:22:18+00:00,ibm:ibm:qpu:boston,ONLINE,
2026-08-24T15:22:18+00:00,ibm:ibm:qpu:miami,ONLINE,
2026-08-24T15:22:18+00:00,rigetti:rigetti:qpu:cepheus-1-108q,ONLINE,
2026-08-24T15:22:18+00:00,aws:rigetti:qpu:cepheus-1-108q,ONLINE,
2026-08-24T15:22:18+00:00,openquantum:aqt:qpu:ibex-q1,ONLINE,
2026-08-24T15:22:18+00:00,openquantum:ionq:qpu:forte-1,ONLINE,
2026-08-24T15:22:18+00:00,openquantum:ionq:qpu:forte-enterprise,ONLINE,
2026-08-24T15:22:18+00:00,openquantum:iqm:qpu:emerald,ONLINE,
2026-08-24T15:22:18+00:00,openquantum:iqm:qpu:garnet,ONLINE,
2026-08-24T15:22:18+00:00,openquantum:rigetti:qpu:cepheus-1-108q,ONLINE,
2026-08-24T16:16:09+00:00,ibm:ibm:qpu:marrakesh,ONLINE,
2026-08-24T16:16:09+00:00,ibm:ibm:qpu:pittsburgh,ONLINE,
2026-08-24T16:16:09+00:00,aws:iqm:qpu:emerald,ONLINE,
2026-08-24T16:16:09+00:00,azure:ionq:qpu:forte-1,OFFLINE,
2026-08-24T16:16:09+00:00,ibm:ibm:qpu:kingston,ONLINE,
2026-08-24T16:16:09+00:00,ionq:ionq:qpu:forte-1,UNAVAILABLE,
2026-08-24T16:16:09+00:00,azure:rigetti:qpu:cepheus-1-36q,OFFLINE,
2026-08-24T16:16:09+00:00,ibm:ibm:qpu:miami,ONLINE,
2026-08-24T16:16:09+00:00,aws:aqt:qpu:ibex-q1,UNAVAILABLE,
2026-08-24T16:16:09+00:00,aws:quera:qpu:aquila,UNAVAILABLE,
2026-08-24T16:16:09+00:00,azure:pasqal:qpu:fresnel,OFFLINE,
2026-08-24T16:16:09+00:00,aws:ionq:qpu:forte-1,OFFLINE,
2026-08-24T16:16:09+00:00,aws:iqm:qpu:garnet,UNAVAILABLE,
2026-08-24T16:16:09+00:00,ibm:ibm:qpu:boston,ONLINE,
2026-08-24T16:16:09+00:00,aws:ionq:qpu:forte-enterprise-1,ONLINE,
2026-08-24T16:16:09+00:00,ibm:ibm:qpu:fez,ONLINE,
2026-08-24T16:16:09+00:00,azure:ionq:qpu:forte-enterprise-1,OFFLINE,
2026-08-24T16:16:09+00:00,rigetti:rigetti:qpu:cepheus-1-108q,ONLINE,
2026-08-24T16:16:09+00:00,aws:rigetti:qpu:cepheus-1-108q,ONLINE,
2026-08-24T16:16:09+00:00,openquantum:aqt:qpu:ibex-q1,ONLINE,
2026-08-24T16:16:09+00:00,openquantum:ionq:qpu:forte-1,ONLINE,
2026-08-24T16:16:09+00:00,openquantum:ionq:qpu:forte-enterprise,ONLINE,
2026-08-24T16:16:09+00:00,openquantum:iqm:qpu:emerald,ONLINE,
2026-08-24T16:16:09+00:00,openquantum:iqm:qpu:garnet,ONLINE,
2026-08-24T16:16:09+00:00,openquantum:rigetti:qpu:cepheus-1-108q,ONLINE,
2026-08-24T17:15:59+00:00,ibm:ibm:qpu:marrakesh,ONLINE,
2026-08-24T17:15:59+00:00,ibm:ibm:qpu:pittsburgh,ONLINE,
2026-08-24T17:15:59+00:00,aws:iqm:qpu:emerald,ONLINE,
2026-08-24T17:15:59+00:00,azure:ionq:qpu:forte-1,OFFLINE,
2026-08-24T17:15:59+00:00,ibm:ibm:qpu:kingston,ONLINE,
2026-08-24T17:15:59+00:00,ionq:ionq:qpu:forte-1,UNAVAILABLE,
2026-08-24T17:15:59+00:00,azure:rigetti:qpu:cepheus-1-36q,OFFLINE,
2026-08-24T17:15:59+00:00,ibm:ibm:qpu:miami,ONLINE,
2026-08-24T17:15:59+00:00,aws:aqt:qpu:ibex-q1,UNAVAILABLE,
2026-08-24T17:15:59+00:00,aws:quera:qpu:aquila,UNAVAILABLE,
2026-08-24T17:15:59+00:00,azure:pasqal:qpu:fresnel,OFFLINE,
2026-08-24T17:15:59+00:00,aws:ionq:qpu:forte-1,OFFLINE,
2026-08-24T17:15:59+00:00,aws:iqm:qpu:garnet,ONLINE,
2026-08-24T17:15:59+00:00,ibm:ibm:qpu:boston,ONLINE,
2026-08-24T17:15:59+00:00,aws:ionq:qpu:forte-enterprise-1,ONLINE,
2026-08-24T17:15:59+00:00,ibm:ibm:qpu:fez,ONLINE,
2026-08-24T17:15:59+00:00,azure:ionq:qpu:forte-enterprise-1,OFFLINE,
2026-08-24T17:15:59+00:00,rigetti:rigetti:qpu:cepheus-1-108q,ONLINE,
2026-08-24T17:15:59+00:00,aws:rigetti:qpu:cepheus-1-108q,ONLINE,
2026-08-24T17:15:59+00:00,openquantum:aqt:qpu:ibex-q1,ONLINE,
2026-08-24T17:15:59+00:00,openquantum:ionq:qpu:forte-1,ONLINE,
2026-08-24T17:15:59+00:00,openquantum:ionq:qpu:forte-enterprise,ONLINE,
2026-08-24T17:15:59+00:00,openquantum:iqm:qpu:emerald,ONLINE,
2026-08-24T17:15:59+00:00,openquantum:iqm:qpu:garnet,ONLINE,
2026-08-24T17:15:59+00:00,openquantum:rigetti:qpu:cepheus-1-108q,ONLINE,
2026-08-24T18:03:59+00:00,ibm:ibm:qpu:marrakesh,ONLINE,
2026-08-24T18:03:59+00:00,ibm:ibm:qpu:pittsburgh,ONLINE,
2026-08-24T18:03:59+00:00,aws:iqm:qpu:emerald,ONLINE,
2026-08-24T18:03:59+00:00,azure:ionq:qpu:forte-1,OFFLINE,
2026-08-24T18:03:59+00:00,ibm:ibm:qpu:kingston,ONLINE,
2026-08-24T18:03:59+00:00,ionq:ionq:qpu:forte-1,UNAVAILABLE,
2026-08-24T18:03:59+00:00,azure:rigetti:qpu:cepheus-1-36q,OFFLINE,
2026-08-24T18:03:59+00:00,ibm:ibm:qpu:miami,ONLINE,
2026-08-24T18:03:59+00:00,aws:aqt:qpu:ibex-q1,UNAVAILABLE,
2026-08-24T18:03:59+00:00,aws:quera:qpu:aquila,UNAVAILABLE,
2026-08-24T18:03:59+00:00,azure:pasqal:qpu:fresnel,OFFLINE,
2026-08-24T18:03:59+00:00,aws:ionq:qpu:forte-1,OFFLINE,
2026-08-24T18:03:59+00:00,aws:iqm:qpu:garnet,ONLINE,
2026-08-24T18:03:59+00:00,ibm:ibm:qpu:boston,ONLINE,
2026-08-24T18:03:59+00:00,aws:ionq:qpu:forte-enterprise-1,ONLINE,
2026-08-24T18:03:59+00:00,ibm:ibm:qpu:fez,ONLINE,
2026-08-24T18:03:59+00:00,azure:ionq:qpu:forte-enterprise-1,OFFLINE,
2026-08-24T18:03:59+00:00,rigetti:rigetti:qpu:cepheus-1-108q,ONLINE,
2026-08-24T18:03:59+00:00,aws:rigetti:qpu:cepheus-1-108q,ONLINE,
2026-08-24T18:03:59+00:00,openquantum:aqt:qpu:ibex-q1,ONLINE,
2026-08-24T18:03:59+00:00,openquantum:ionq:qpu:forte-1,ONLINE,
2026-08-24T18:03:59+00:00,openquantum:ionq:qpu:forte-enterprise,ONLINE,
2026-08-24T18:03:59+00:00,openquantum:iqm:qpu:emerald,ONLINE,
2026-08-24T18:03:59+00:00,openquantum:iqm:qpu:garnet,ONLINE,
2026-08-24T18:03:59+00:00,openquantum:rigetti:qpu:cepheus-1-108q,ONLINE,
2026-08-24T19:17:29+00:00,ibm:ibm:qpu:marrakesh,ONLINE,
2026-08-24T19:17:29+00:00,ibm:ibm:qpu:pittsburgh,ONLINE,
2026-08-24T19:17:29+00:00,aws:iqm:qpu:emerald,ONLINE,
2026-08-24T19:17:29+00:00,azure:ionq:qpu:forte-1,OFFLINE,
2026-08-24T19:17:29+00:00,ibm:ibm:qpu:kingston,ONLINE,
2026-08-24T19:17:29+00:00,ionq:ionq:qpu:forte-1,UNAVAILABLE,
2026-08-24T19:17:29+00:00,azure:rigetti:qpu:cepheus-1-36q,OFFLINE,
2026-08-24T19:17:29+00:00,ibm:ibm:qpu:miami,ONLINE,
2026-08-24T19:17:29+00:00,aws:aqt:qpu:ibex-q1,UNAVAILABLE,
2026-08-24T19:17:29+00:00,aws:quera:qpu:aquila,UNAVAILABLE,
2026-08-24T19:17:29+00:00,azure:pasqal:qpu:fresnel,OFFLINE,
2026-08-24T19:17:29+00:00,aws:ionq:qpu:forte-1,OFFLINE,
2026-08-24T19:17:29+00:00,aws:iqm:qpu:garnet,ONLINE,
2026-08-24T19:17:29+00:00,ibm:ibm:qpu:boston,ONLINE,
2026-08-24T19:17:29+00:00,aws:ionq:qpu:forte-enterprise-1,ONLINE,
2026-08-24T19:17:29+00:00,ibm:ibm:qpu:fez,ONLINE,
2026-08-24T19:17:29+00:00,azure:ionq:qpu:forte-enterprise-1,OFFLINE,
2026-08-24T19:17:29+00:00,rigetti:rigetti:qpu:cepheus-1-108q,ONLINE,
2026-08-24T19:17:29+00:00,aws:rigetti:qpu:cepheus-1-108q,UNAVAILABLE,
2026-08-24T19:17:29+00:00,openquantum:aqt:qpu:ibex-q1,ONLINE,
2026-08-24T19:17:29+00:00,openquantum:ionq:qpu:forte-1,ONLINE,
2026-08-24T19:17:29+00:00,openquantum:ionq:qpu:forte-enterprise,ONLINE,
2026-08-24T19:17:29+00:00,openquantum:iqm:qpu:emerald,ONLINE,
2026-08-24T19:17:29+00:00,openquantum:iqm:qpu:garnet,ONLINE,
2026-08-24T19:17:29+00:00,openquantum:rigetti:qpu:cepheus-1-108q,ONLINE,
2026-08-24T20:02:42+00:00,ibm:ibm:qpu:marrakesh,ONLINE,
2026-08-24T20:02:42+00:00,ibm:ibm:qpu:pittsburgh,ONLINE,
2026-08-24T20:02:42+00:00,aws:iqm:qpu:emerald,ONLINE,
2026-08-24T20:02:42+00:00,azure:ionq:qpu:forte-1,OFFLINE,
2026-08-24T20:02:42+00:00,ibm:ibm:qpu:kingston,ONLINE,
2026-08-24T20:02:42+00:00,ionq:ionq:qpu:forte-1,UNAVAILABLE,
2026-08-24T20:02:42+00:00,azure:rigetti:qpu:cepheus-1-36q,OFFLINE,
2026-08-24T20:02:42+00:00,ibm:ibm:qpu:miami,ONLINE,
2026-08-24T20:02:42+00:00,aws:aqt:qpu:ibex-q1,UNAVAILABLE,
2026-08-24T20:02:42+00:00,aws:quera:qpu:aquila,UNAVAILABLE,
2026-08-24T20:02:42+00:00,azure:pasqal:qpu:fresnel,OFFLINE,
2026-08-24T20:02:42+00:00,aws:ionq:qpu:forte-1,OFFLINE,
2026-08-24T20:02:42+00:00,aws:iqm:qpu:garnet,ONLINE,
2026-08-24T20:02:42+00:00,ibm:ibm:qpu:boston,ONLINE,
2026-08-24T20:02:42+00:00,aws:ionq:qpu:forte-enterprise-1,ONLINE,
2026-08-24T20:02:42+00:00,ibm:ibm:qpu:fez,ONLINE,
2026-08-24T20:02:42+00:00,azure:ionq:qpu:forte-enterprise-1,OFFLINE,
2026-08-24T20:02:42+00:00,rigetti:rigetti:qpu:cepheus-1-108q,ONLINE,
2026-08-24T20:02:42+00:00,aws:rigetti:qpu:cepheus-1-108q,UNAVAILABLE,
2026-08-24T20:02:42+00:00,openquantum:aqt:qpu:ibex-q1,ONLINE,
2026-08-24T20:02:42+00:00,openquantum:ionq:qpu:forte-1,ONLINE,
2026-08-24T20:02:42+00:00,openquantum:ionq:qpu:forte-enterprise,ONLINE,
2026-08-24T20:02:42+00:00,openquantum:iqm:qpu:emerald,ONLINE,
2026-08-24T20:02:42+00:00,openquantum:iqm:qpu:garnet,ONLINE,
2026-08-24T20:02:42+00:00,openquantum:rigetti:qpu:cepheus-1-108q,ONLINE,
2026-08-24T21:05:20+00:00,ibm:ibm:qpu:marrakesh,ONLINE,
2026-08-24T21:05:20+00:00,ibm:ibm:qpu:pittsburgh,ONLINE,
2026-08-24T21:05:20+00:00,aws:iqm:qpu:emerald,ONLINE,
2026-08-24T21:05:20+00:00,azure:ionq:qpu:forte-1,OFFLINE,
2026-08-24T21:05:20+00:00,ibm:ibm:qpu:kingston,ONLINE,
2026-08-24T21:05:20+00:00,ionq:ionq:qpu:forte-1,UNAVAILABLE,
2026-08-24T21:05:20+00:00,azure:rigetti:qpu:cepheus-1-36q,OFFLINE,
2026-08-24T21:05:20+00:00,ibm:ibm:qpu:miami,ONLINE,
2026-08-24T21:05:20+00:00,aws:aqt:qpu:ibex-q1,UNAVAILABLE,
2026-08-24T21:05:20+00:00,aws:quera:qpu:aquila,UNAVAILABLE,
2026-08-24T21:05:20+00:00,azure:pasqal:qpu:fresnel,OFFLINE,
2026-08-24T21:05:20+00:00,aws:ionq:qpu:forte-1,OFFLINE,
2026-08-24T21:05:20+00:00,aws:iqm:qpu:garnet,ONLINE,
2026-08-24T21:05:20+00:00,ibm:ibm:qpu:boston,ONLINE,
2026-08-24T21:05:20+00:00,aws:ionq:qpu:forte-enterprise-1,ONLINE,
2026-08-24T21:05:20+00:00,ibm:ibm:qpu:fez,ONLINE,
2026-08-24T21:05:20+00:00,azure:ionq:qpu:forte-enterprise-1,OFFLINE,
2026-08-24T21:05:20+00:00,rigetti:rigetti:qpu:cepheus-1-108q,ONLINE,
2026-08-24T21:05:20+00:00,aws:rigetti:qpu:cepheus-1-108q,ONLINE,
2026-08-24T21:05:20+00:00,openquantum:aqt:qpu:ibex-q1,ONLINE,
2026-08-24T21:05:20+00:00,openquantum:ionq:qpu:forte-1,ONLINE,
2026-08-24T21:05:20+00:00,openquantum:ionq:qpu:forte-enterprise,ONLINE,
2026-08-24T21:05:20+00:00,openquantum:iqm:qpu:emerald,ONLINE,
2026-08-24T21:05:20+00:00,openquantum:iqm:qpu:garnet,ONLINE,
2026-08-24T21:05:20+00:00,openquantum:rigetti:qpu:cepheus-1-108q,ONLINE,
2026-08-24T22:01:19+00:00,ibm:ibm:qpu:marrakesh,ONLINE,
2026-08-24T22:01:19+00:00,ibm:ibm:qpu:pittsburgh,ONLINE,
2026-08-24T22:01:19+00:00,aws:iqm:qpu:emerald,ONLINE,
2026-08-24T22:01:19+00:00,azure:ionq:qpu:forte-1,OFFLINE,
2026-08-24T22:01:19+00:00,ibm:ibm:qpu:kingston,ONLINE,
2026-08-24T22:01:19+00:00,ionq:ionq:qpu:forte-1,UNAVAILABLE,
2026-08-24T22:01:19+00:00,azure:rigetti:qpu:cepheus-1-36q,OFFLINE,
2026-08-24T22:01:19+00:00,ibm:ibm:qpu:miami,ONLINE,
2026-08-24T22:01:19+00:00,aws:aqt:qpu:ibex-q1,UNAVAILABLE,
2026-08-24T22:01:19+00:00,aws:quera:qpu:aquila,UNAVAILABLE,
2026-08-24T22:01:19+00:00,azure:pasqal:qpu:fresnel,OFFLINE,
2026-08-24T22:01:19+00:00,aws:ionq:qpu:forte-1,OFFLINE,
2026-08-24T22:01:19+00:00,aws:iqm:qpu:garnet,ONLINE,
2026-08-24T22:01:19+00:00,ibm:ibm:qpu:boston,ONLINE,
2026-08-24T22:01:19+00:00,aws:ionq:qpu:forte-enterprise-1,ONLINE,
2026-08-24T22:01:19+00:00,ibm:ibm:qpu:fez,ONLINE,
2026-08-24T22:01:19+00:00,azure:ionq:qpu:forte-enterprise-1,OFFLINE,
2026-08-24T22:01:19+00:00,rigetti:rigetti:qpu:cepheus-1-108q,ONLINE,
2026-08-24T22:01:19+00:00,aws:rigetti:qpu:cepheus-1-108q,ONLINE,
2026-08-24T22:01:19+00:00,openquantum:aqt:qpu:ibex-q1,ONLINE,
2026-08-24T22:01:19+00:00,openquantum:ionq:qpu:forte-1,ONLINE,
2026-08-24T22:01:19+00:00,openquantum:ionq:qpu:forte-enterprise,ONLINE,
2026-08-24T22:01:19+00:00,openquantum:iqm:qpu:emerald,ONLINE,
2026-08-24T22:01:19+00:00,openquantum:iqm:qpu:garnet,ONLINE,
2026-08-24T22:01:19+00:00,openquantum:rigetti:qpu:cepheus-1-108q,ONLINE,
2026-08-24T23:01:33+00:00,ibm:ibm:qpu:marrakesh,ONLINE,
2026-08-24T23:01:33+00:00,ibm:ibm:qpu:pittsburgh,ONLINE,
2026-08-24T23:01:33+00:00,aws:iqm:qpu:emerald,ONLINE,
2026-08-24T23:01:33+00:00,azure:ionq:qpu:forte-1,OFFLINE,
2026-08-24T23:01:33+00:00,ibm:ibm:qpu:kingston,ONLINE,
2026-08-24T23:01:33+00:00,ionq:ionq:qpu:forte-1,UNAVAILABLE,
2026-08-24T23:01:33+00:00,azure:rigetti:qpu:cepheus-1-36q,OFFLINE,
2026-08-24T23:01:33+00:00,ibm:ibm:qpu:miami,ONLINE,
2026-08-24T23:01:33+00:00,aws:aqt:qpu:ibex-q1,UNAVAILABLE,
2026-08-24T23:01:33+00:00,aws:quera:qpu:aquila,UNAVAILABLE,
2026-08-24T23:01:33+00:00,azure:pasqal:qpu:fresnel,OFFLINE,
2026-08-24T23:01:33+00:00,aws:ionq:qpu:forte-1,OFFLINE,
2026-08-24T23:01:33+00:00,aws:iqm:qpu:garnet,ONLINE,
2026-08-24T23:01:33+00:00,ibm:ibm:qpu:boston,ONLINE,
2026-08-24T23:01:33+00:00,aws:ionq:qpu:forte-enterprise-1,ONLINE,
2026-08-24T23:01:33+00:00,ibm:ibm:qpu:fez,ONLINE,
2026-08-24T23:01:33+00:00,azure:ionq:qpu:forte-enterprise-1,OFFLINE,
2026-08-24T23:01:33+00:00,rigetti:rigetti:qpu:cepheus-1-108q,ONLINE,
2026-08-24T23:01:33+00:00,aws:rigetti:qpu:cepheus-1-108q,ONLINE,
2026-08-24T23:01:33+00:00,openquantum:aqt:qpu:ibex-q1,ONLINE,
2026-08-24T23:01:33+00:00,openquantum:ionq:qpu:forte-1,ONLINE,
2026-08-24T23:01:33+00:00,openquantum:ionq:qpu:forte-enterprise,ONLINE,
2026-08-24T23:01:33+00:00,openquantum:iqm:qpu:emerald,ONLINE,
2026-08-24T23:01:33+00:00,openquantum:iqm:qpu:garnet,ONLINE,
2026-08-24T23:01:33+00:00,openquantum:rigetti:qpu:cepheus-1-108q,ONLINE,
2026-08-24T23:58:18+00:00,ibm:ibm:qpu:marrakesh,ONLINE,
2026-08-24T23:58:18+00:00,ibm:ibm:qpu:pittsburgh,ONLINE,
2026-08-24T23:58:18+00:00,aws:iqm:qpu:emerald,ONLINE,
2026-08-24T23:58:18+00:00,azure:ionq:qpu:forte-1,OFFLINE,
2026-08-24T23:58:18+00:00,ibm:ibm:qpu:kingston,ONLINE,
2026-08-24T23:58:18+00:00,ionq:ionq:qpu:forte-1,UNAVAILABLE,
2026-08-24T23:58:18+00:00,azure:rigetti:qpu:cepheus-1-36q,OFFLINE,
2026-08-24T23:58:18+00:00,ibm:ibm:qpu:miami,ONLINE,
2026-08-24T23:58:18+00:00,aws:aqt:qpu:ibex-q1,UNAVAILABLE,
2026-08-24T23:58:18+00:00,aws:quera:qpu:aquila,UNAVAILABLE,
2026-08-24T23:58:18+00:00,azure:pasqal:qpu:fresnel,OFFLINE,
2026-08-24T23:58:18+00:00,aws:ionq:qpu:forte-1,OFFLINE,
2026-08-24T23:58:18+00:00,aws:iqm:qpu:garnet,ONLINE,
2026-08-24T23:58:18+00:00,ibm:ibm:qpu:boston,ONLINE,
2026-08-24T23:58:18+00:00,aws:ionq:qpu:forte-enterprise-1,ONLINE,
2026-08-24T23:58:18+00:00,ibm:ibm:qpu:fez,ONLINE,
2026-08-24T23:58:18+00:00,azure:ionq:qpu:forte-enterprise-1,OFFLINE,
2026-08-24T23:58:18+00:00,rigetti:rigetti:qpu:cepheus-1-108q,ONLINE,
2026-08-24T23:58:18+00:00,aws:rigetti:qpu:cepheus-1-108q,ONLINE,
2026-08-24T23:58:18+00:00,openquantum:aqt:qpu:ibex-q1,ONLINE,
2026-08-24T23:58:18+00:00,openquantum:ionq:qpu:forte-1,ONLINE,
2026-08-24T23:58:18+00:00,openquantum:ionq:qpu:forte-enterprise,ONLINE,
2026-08-24T23:58:18+00:00,openquantum:iqm:qpu:emerald,ONLINE,
2026-08-24T23:58:18+00:00,openquantum:iqm:qpu:garnet,ONLINE,
2026-08-24T23:58:18+00:00,openquantum:rigetti:qpu:cepheus-1-108q,ONLINE,
2026-08-25T01:44:22+00:00,ibm:ibm:qpu:marrakesh,ONLINE,
2026-08-25T01:44:22+00:00,ibm:ibm:qpu:pittsburgh,ONLINE,
2026-08-25T01:44:22+00:00,aws:iqm:qpu:emerald,ONLINE,
2026-08-25T01:44:22+00:00,azure:ionq:qpu:forte-1,OFFLINE,
2026-08-25T01:44:22+00:00,ibm:ibm:qpu:kingston,ONLINE,
2026-08-25T01:44:22+00:00,ionq:ionq:qpu:forte-1,UNAVAILABLE,
2026-08-25T01:44:22+00:00,azure:rigetti:qpu:cepheus-1-36q,OFFLINE,
2026-08-25T01:44:22+00:00,ibm:ibm:qpu:miami,ONLINE,
2026-08-25T01:44:22+00:00,aws:aqt:qpu:ibex-q1,UNAVAILABLE,
2026-08-25T01:44:22+00:00,aws:quera:qpu:aquila,UNAVAILABLE,
2026-08-25T01:44:22+00:00,azure:pasqal:qpu:fresnel,OFFLINE,
2026-08-25T01:44:22+00:00,aws:ionq:qpu:forte-1,OFFLINE,
2026-08-25T01:44:22+00:00,aws:iqm:qpu:garnet,UNAVAILABLE,
2026-08-25T01:44:22+00:00,ibm:ibm:qpu:boston,ONLINE,
2026-08-25T01:44:22+00:00,aws:ionq:qpu:forte-enterprise-1,ONLINE,
2026-08-25T01:44:22+00:00,ibm:ibm:qpu:fez,ONLINE,
2026-08-25T01:44:22+00:00,azure:ionq:qpu:forte-enterprise-1,OFFLINE,
2026-08-25T01:44:22+00:00,rigetti:rigetti:qpu:cepheus-1-108q,ONLINE,
2026-08-25T01:44:22+00:00,aws:rigetti:qpu:cepheus-1-108q,ONLINE,
2026-08-25T01:44:22+00:00,openquantum:aqt:qpu:ibex-q1,ONLINE,
2026-08-25T01:44:22+00:00,openquantum:ionq:qpu:forte-1,ONLINE,
2026-08-25T01:44:22+00:00,openquantum:ionq:qpu:forte-enterprise,ONLINE,
2026-08-25T01:44:22+00:00,openquantum:iqm:qpu:emerald,ONLINE,
2026-08-25T01:44:22+00:00,openquantum:iqm:qpu:garnet,ONLINE,
2026-08-25T01:44:22+00:00,openquantum:rigetti:qpu:cepheus-1-108q,ONLINE,
2026-08-25T02:45:47+00:00,ibm:ibm:qpu:marrakesh,ONLINE,
2026-08-25T02:45:47+00:00,ibm:ibm:qpu:pittsburgh,ONLINE,
2026-08-25T02:45:47+00:00,aws:iqm:qpu:emerald,ONLINE,
2026-08-25T02:45:47+00:00,azure:ionq:qpu:forte-1,OFFLINE,
2026-08-25T02:45:47+00:00,ibm:ibm:qpu:kingston,ONLINE,
2026-08-25T02:45:47+00:00,ionq:ionq:qpu:forte-1,UNAVAILABLE,
2026-08-25T02:45:47+00:00,azure:rigetti:qpu:cepheus-1-36q,OFFLINE,
2026-08-25T02:45:47+00:00,ibm:ibm:qpu:miami,ONLINE,
2026-08-25T02:45:47+00:00,aws:aqt:qpu:ibex-q1,UNAVAILABLE,
2026-08-25T02:45:47+00:00,aws:quera:qpu:aquila,UNAVAILABLE,
2026-08-25T02:45:47+00:00,azure:pasqal:qpu:fresnel,OFFLINE,
2026-08-25T02:45:47+00:00,aws:ionq:qpu:forte-1,OFFLINE,
2026-08-25T02:45:47+00:00,aws:iqm:qpu:garnet,UNAVAILABLE,
2026-08-25T02:45:47+00:00,ibm:ibm:qpu:boston,ONLINE,
2026-08-25T02:45:47+00:00,aws:ionq:qpu:forte-enterprise-1,ONLINE,
2026-08-25T02:45:47+00:00,ibm:ibm:qpu:fez,ONLINE,
2026-08-25T02:45:47+00:00,azure:ionq:qpu:forte-enterprise-1,OFFLINE,
2026-08-25T02:45:47+00:00,rigetti:rigetti:qpu:cepheus-1-108q,ONLINE,
2026-08-25T02:45:47+00:00,aws:rigetti:qpu:cepheus-1-108q,ONLINE,
2026-08-25T02:45:47+00:00,openquantum:aqt:qpu:ibex-q1,ONLINE,
2026-08-25T02:45:47+00:00,openquantum:ionq:qpu:forte-1,ONLINE,
2026-08-25T02:45:47+00:00,openquantum:ionq:qpu:forte-enterprise,ONLINE,
2026-08-25T02:45:47+00:00,openquantum:iqm:qpu:emerald,ONLINE,
2026-08-25T02:45:47+00:00,openquantum:iqm:qpu:garnet,ONLINE,
2026-08-25T02:45:47+00:00,openquantum:rigetti:qpu:cepheus-1-108q,ONLINE,
2026-08-25T03:47:43+00:00,ibm:ibm:qpu:marrakesh,ONLINE,
2026-08-25T03:47:43+00:00,ibm:ibm:qpu:pittsburgh,ONLINE,
2026-08-25T03:47:43+00:00,aws:iqm:qpu:emerald,UNAVAILABLE,
2026-08-25T03:47:43+00:00,azure:ionq:qpu:forte-1,OFFLINE,
2026-08-25T03:47:43+00:00,ibm:ibm:qpu:kingston,ONLINE,
2026-08-25T03:47:43+00:00,ionq:ionq:qpu:forte-1,UNAVAILABLE,
2026-08-25T03:47:43+00:00,azure:rigetti:qpu:cepheus-1-36q,OFFLINE,
2026-08-25T03:47:43+00:00,ibm:ibm:qpu:miami,ONLINE,
2026-08-25T03:47:43+00:00,aws:aqt:qpu:ibex-q1,UNAVAILABLE,
2026-08-25T03:47:43+00:00,aws:quera:qpu:aquila,UNAVAILABLE,
2026-08-25T03:47:43+00:00,azure:pasqal:qpu:fresnel,OFFLINE,
2026-08-25T03:47:43+00:00,aws:ionq:qpu:forte-1,OFFLINE,
2026-08-25T03:47:43+00:00,aws:iqm:qpu:garnet,ONLINE,
2026-08-25T03:47:43+00:00,ibm:ibm:qpu:boston,ONLINE,
2026-08-25T03:47:43+00:00,aws:ionq:qpu:forte-enterprise-1,ONLINE,
2026-08-25T03:47:43+00:00,ibm:ibm:qpu:fez,ONLINE,
2026-08-25T03:47:43+00:00,azure:ionq:qpu:forte-enterprise-1,OFFLINE,
2026-08-25T03:47:43+00:00,rigetti:rigetti:qpu:cepheus-1-108q,ONLINE,
2026-08-25T03:47:43+00:00,aws:rigetti:qpu:cepheus-1-108q,ONLINE,
2026-08-25T03:47:43+00:00,openquantum:aqt:qpu:ibex-q1,ONLINE,
2026-08-25T03:47:43+00:00,openquantum:ionq:qpu:forte-1,ONLINE,
2026-08-25T03:47:43+00:00,openquantum:ionq:qpu:forte-enterprise,ONLINE,
2026-08-25T03:47:43+00:00,openquantum:iqm:qpu:emerald,ONLINE,
2026-08-25T03:47:43+00:00,openquantum:iqm:qpu:garnet,ONLINE,
2026-08-25T03:47:43+00:00,openquantum:rigetti:qpu:cepheus-1-108q,ONLINE,
2026-08-25T04:37:48+00:00,ibm:ibm:qpu:marrakesh,ONLINE,
2026-08-25T04:37:48+00:00,ibm:ibm:qpu:pittsburgh,ONLINE,
2026-08-25T04:37:48+00:00,aws:iqm:qpu:emerald,UNAVAILABLE,
2026-08-25T04:37:48+00:00,azure:ionq:qpu:forte-1,OFFLINE,
2026-08-25T04:37:48+00:00,ibm:ibm:qpu:kingston,ONLINE,
2026-08-25T04:37:48+00:00,ionq:ionq:qpu:forte-1,UNAVAILABLE,
2026-08-25T04:37:48+00:00,azure:rigetti:qpu:cepheus-1-36q,OFFLINE,
2026-08-25T04:37:48+00:00,ibm:ibm:qpu:miami,ONLINE,
2026-08-25T04:37:48+00:00,aws:aqt:qpu:ibex-q1,UNAVAILABLE,
2026-08-25T04:37:48+00:00,aws:quera:qpu:aquila,UNAVAILABLE,
2026-08-25T04:37:48+00:00,azure:pasqal:qpu:fresnel,OFFLINE,
2026-08-25T04:37:48+00:00,aws:ionq:qpu:forte-1,OFFLINE,
2026-08-25T04:37:48+00:00,aws:iqm:qpu:garnet,ONLINE,
2026-08-25T04:37:48+00:00,ibm:ibm:qpu:boston,ONLINE,
2026-08-25T04:37:48+00:00,aws:ionq:qpu:forte-enterprise-1,ONLINE,
2026-08-25T04:37:48+00:00,ibm:ibm:qpu:fez,ONLINE,
2026-08-25T04:37:48+00:00,azure:ionq:qpu:forte-enterprise-1,OFFLINE,
2026-08-25T04:37:48+00:00,rigetti:rigetti:qpu:cepheus-1-108q,ONLINE,
2026-08-25T04:37:48+00:00,aws:rigetti:qpu:cepheus-1-108q,ONLINE,
2026-08-25T04:37:48+00:00,openquantum:aqt:qpu:ibex-q1,ONLINE,
2026-08-25T04:37:48+00:00,openquantum:ionq:qpu:forte-1,ONLINE,
2026-08-25T04:37:48+00:00,openquantum:ionq:qpu:forte-enterprise,ONLINE,
2026-08-25T04:37:48+00:00,openquantum:iqm:qpu:emerald,ONLINE,
2026-08-25T04:37:48+00:00,openquantum:iqm:qpu:garnet,ONLINE,
2026-08-25T04:37:48+00:00,openquantum:rigetti:qpu:cepheus-1-108q,ONLINE,
2026-08-25T05:17:05+00:00,ibm:ibm:qpu:marrakesh,ONLINE,
2026-08-25T05:17:05+00:00,ibm:ibm:qpu:pittsburgh,ONLINE,
2026-08-25T05:17:05+00:00,aws:iqm:qpu:emerald,UNAVAILABLE,
2026-08-25T05:17:05+00:00,azure:ionq:qpu:forte-1,OFFLINE,
2026-08-25T05:17:05+00:00,ibm:ibm:qpu:kingston,ONLINE,
2026-08-25T05:17:05+00:00,ionq:ionq:qpu:forte-1,UNAVAILABLE,
2026-08-25T05:17:05+00:00,azure:rigetti:qpu:cepheus-1-36q,OFFLINE,
2026-08-25T05:17:05+00:00,ibm:ibm:qpu:miami,ONLINE,
2026-08-25T05:17:05+00:00,aws:aqt:qpu:ibex-q1,UNAVAILABLE,
2026-08-25T05:17:05+00:00,aws:quera:qpu:aquila,UNAVAILABLE,
2026-08-25T05:17:05+00:00,azure:pasqal:qpu:fresnel,OFFLINE,
2026-08-25T05:17:05+00:00,aws:ionq:qpu:forte-1,OFFLINE,
2026-08-25T05:17:05+00:00,aws:iqm:qpu:garnet,ONLINE,
2026-08-25T05:17:05+00:00,ibm:ibm:qpu:boston,ONLINE,
2026-08-25T05:17:05+00:00,aws:ionq:qpu:forte-enterprise-1,ONLINE,
2026-08-25T05:17:05+00:00,ibm:ibm:qpu:fez,ONLINE,
2026-08-25T05:17:05+00:00,azure:ionq:qpu:forte-enterprise-1,OFFLINE,
2026-08-25T05:17:05+00:00,rigetti:rigetti:qpu:cepheus-1-108q,ONLINE,
2026-08-25T05:17:05+00:00,aws:rigetti:qpu:cepheus-1-108q,ONLINE,
2026-08-25T05:17:05+00:00,openquantum:aqt:qpu:ibex-q1,ONLINE,
2026-08-25T05:17:05+00:00,openquantum:ionq:qpu:forte-1,ONLINE,
2026-08-25T05:17:05+00:00,openquantum:ionq:qpu:forte-enterprise,ONLINE,
2026-08-25T05:17:05+00:00,openquantum:iqm:qpu:emerald,ONLINE,
2026-08-25T05:17:05+00:00,openquantum:iqm:qpu:garnet,ONLINE,
2026-08-25T05:17:05+00:00,openquantum:rigetti:qpu:cepheus-1-108q,ONLINE,
2026-08-25T06:03:58+00:00,ibm:ibm:qpu:marrakesh,ONLINE,
2026-08-25T06:03:58+00:00,ibm:ibm:qpu:pittsburgh,ONLINE,
2026-08-25T06:03:58+00:00,aws:iqm:qpu:emerald,UNAVAILABLE,
2026-08-25T06:03:58+00:00,azure:ionq:qpu:forte-1,OFFLINE,
2026-08-25T06:03:58+00:00,ibm:ibm:qpu:kingston,ONLINE,
2026-08-25T06:03:58+00:00,ionq:ionq:qpu:forte-1,UNAVAILABLE,
2026-08-25T06:03:58+00:00,azure:rigetti:qpu:cepheus-1-36q,OFFLINE,
2026-08-25T06:03:58+00:00,ibm:ibm:qpu:miami,ONLINE,
2026-08-25T06:03:58+00:00,aws:aqt:qpu:ibex-q1,UNAVAILABLE,
2026-08-25T06:03:58+00:00,aws:quera:qpu:aquila,UNAVAILABLE,
2026-08-25T06:03:58+00:00,azure:pasqal:qpu:fresnel,OFFLINE,
2026-08-25T06:03:58+00:00,aws:ionq:qpu:forte-1,OFFLINE,
2026-08-25T06:03:58+00:00,aws:iqm:qpu:garnet,ONLINE,
2026-08-25T06:03:58+00:00,ibm:ibm:qpu:boston,ONLINE,
2026-08-25T06:03:58+00:00,aws:ionq:qpu:forte-enterprise-1,ONLINE,
2026-08-25T06:03:58+00:00,ibm:ibm:qpu:fez,ONLINE,
2026-08-25T06:03:58+00:00,azure:ionq:qpu:forte-enterprise-1,OFFLINE,
2026-08-25T06:03:58+00:00,rigetti:rigetti:qpu:cepheus-1-108q,ONLINE,
2026-08-25T06:03:58+00:00,aws:rigetti:qpu:cepheus-1-108q,ONLINE,
2026-08-25T06:03:58+00:00,openquantum:aqt:qpu:ibex-q1,ONLINE,
2026-08-25T06:03:58+00:00,openquantum:ionq:qpu:forte-1,ONLINE,
2026-08-25T06:03:58+00:00,openquantum:ionq:qpu:forte-enterprise,ONLINE,
2026-08-25T06:03:58+00:00,openquantum:iqm:qpu:emerald,ONLINE,
2026-08-25T06:03:58+00:00,openquantum:iqm:qpu:garnet,ONLINE,
2026-08-25T06:03:58+00:00,openquantum:rigetti:qpu:cepheus-1-108q,ONLINE,
2026-08-25T07:30:26+00:00,ibm:ibm:qpu:marrakesh,ONLINE,
2026-08-25T07:30:26+00:00,ibm:ibm:qpu:pittsburgh,ONLINE,
2026-08-25T07:30:26+00:00,aws:iqm:qpu:emerald,ONLINE,
2026-08-25T07:30:26+00:00,azure:ionq:qpu:forte-1,OFFLINE,
2026-08-25T07:30:26+00:00,ibm:ibm:qpu:kingston,ONLINE,
2026-08-25T07:30:26+00:00,ionq:ionq:qpu:forte-1,UNAVAILABLE,
2026-08-25T07:30:26+00:00,azure:rigetti:qpu:cepheus-1-36q,OFFLINE,
2026-08-25T07:30:26+00:00,ibm:ibm:qpu:miami,ONLINE,
2026-08-25T07:30:26+00:00,aws:aqt:qpu:ibex-q1,UNAVAILABLE,
2026-08-25T07:30:26+00:00,aws:quera:qpu:aquila,UNAVAILABLE,
2026-08-25T07:30:26+00:00,azure:pasqal:qpu:fresnel,OFFLINE,
2026-08-25T07:30:26+00:00,aws:ionq:qpu:forte-1,OFFLINE,
2026-08-25T07:30:26+00:00,aws:iqm:qpu:garnet,ONLINE,
2026-08-25T07:30:26+00:00,ibm:ibm:qpu:boston,ONLINE,
2026-08-25T07:30:26+00:00,aws:ionq:qpu:forte-enterprise-1,ONLINE,
2026-08-25T07:30:26+00:00,ibm:ibm:qpu:fez,ONLINE,
2026-08-25T07:30:26+00:00,azure:ionq:qpu:forte-enterprise-1,OFFLINE,
2026-08-25T07:30:26+00:00,rigetti:rigetti:qpu:cepheus-1-108q,ONLINE,
2026-08-25T07:30:26+00:00,aws:rigetti:qpu:cepheus-1-108q,UNAVAILABLE,
2026-08-25T07:30:26+00:00,openquantum:aqt:qpu:ibex-q1,ONLINE,
2026-08-25T07:30:26+00:00,openquantum:ionq:qpu:forte-1,ONLINE,
2026-08-25T07:30:26+00:00,openquantum:ionq:qpu:forte-enterprise,ONLINE,
2026-08-25T07:30:26+00:00,openquantum:iqm:qpu:emerald,ONLINE,
2026-08-25T07:30:26+00:00,openquantum:iqm:qpu:garnet,ONLINE,
2026-08-25T07:30:26+00:00,openquantum:rigetti:qpu:cepheus-1-108q,ONLINE,
2026-08-25T08:22:57+00:00,ibm:ibm:qpu:marrakesh,ONLINE,
2026-08-25T08:22:57+00:00,ibm:ibm:qpu:pittsburgh,ONLINE,
2026-08-25T08:22:57+00:00,aws:iqm:qpu:emerald,ONLINE,
2026-08-25T08:22:57+00:00,azure:ionq:qpu:forte-1,OFFLINE,
2026-08-25T08:22:57+00:00,ibm:ibm:qpu:kingston,ONLINE,
2026-08-25T08:22:57+00:00,ionq:ionq:qpu:forte-1,UNAVAILABLE,
2026-08-25T08:22:57+00:00,azure:rigetti:qpu:cepheus-1-36q,OFFLINE,
2026-08-25T08:22:57+00:00,ibm:ibm:qpu:miami,ONLINE,
2026-08-25T08:22:57+00:00,aws:aqt:qpu:ibex-q1,ONLINE,
2026-08-25T08:22:57+00:00,aws:quera:qpu:aquila,UNAVAILABLE,
2026-08-25T08:22:57+00:00,azure:pasqal:qpu:fresnel,OFFLINE,
2026-08-25T08:22:57+00:00,aws:ionq:qpu:forte-1,OFFLINE,
2026-08-25T08:22:57+00:00,aws:iqm:qpu:garnet,ONLINE,
2026-08-25T08:22:57+00:00,ibm:ibm:qpu:boston,ONLINE,
2026-08-25T08:22:57+00:00,aws:ionq:qpu:forte-enterprise-1,ONLINE,
2026-08-25T08:22:57+00:00,ibm:ibm:qpu:fez,ONLINE,
2026-08-25T08:22:57+00:00,azure:ionq:qpu:forte-enterprise-1,OFFLINE,
2026-08-25T08:22:57+00:00,rigetti:rigetti:qpu:cepheus-1-108q,ONLINE,
2026-08-25T08:22:57+00:00,aws:rigetti:qpu:cepheus-1-108q,UNAVAILABLE,
2026-08-25T08:22:57+00:00,openquantum:aqt:qpu:ibex-q1,ONLINE,
2026-08-25T08:22:57+00:00,openquantum:ionq:qpu:forte-1,ONLINE,
2026-08-25T08:22:57+00:00,openquantum:ionq:qpu:forte-enterprise,ONLINE,
2026-08-25T08:22:57+00:00,openquantum:iqm:qpu:emerald,ONLINE,
2026-08-25T08:22:57+00:00,openquantum:iqm:qpu:garnet,ONLINE,
2026-08-25T08:22:57+00:00,openquantum:rigetti:qpu:cepheus-1-108q,ONLINE,
2026-08-25T09:19:37+00:00,ibm:ibm:qpu:marrakesh,ONLINE,
2026-08-25T09:19:37+00:00,ibm:ibm:qpu:pittsburgh,ONLINE,
2026-08-25T09:19:37+00:00,aws:iqm:qpu:emerald,ONLINE,
2026-08-25T09:19:37+00:00,azure:ionq:qpu:forte-1,OFFLINE,
2026-08-25T09:19:37+00:00,ibm:ibm:qpu:kingston,ONLINE,
2026-08-25T09:19:37+00:00,ionq:ionq:qpu:forte-1,UNAVAILABLE,
2026-08-25T09:19:37+00:00,azure:rigetti:qpu:cepheus-1-36q,OFFLINE,
2026-08-25T09:19:37+00:00,ibm:ibm:qpu:miami,ONLINE,
2026-08-25T09:19:37+00:00,aws:aqt:qpu:ibex-q1,ONLINE,
2026-08-25T09:19:37+00:00,aws:quera:qpu:aquila,UNAVAILABLE,
2026-08-25T09:19:37+00:00,azure:pasqal:qpu:fresnel,OFFLINE,
2026-08-25T09:19:37+00:00,aws:ionq:qpu:forte-1,OFFLINE,
2026-08-25T09:19:37+00:00,aws:iqm:qpu:garnet,ONLINE,
2026-08-25T09:19:37+00:00,ibm:ibm:qpu:boston,ONLINE,
2026-08-25T09:19:37+00:00,aws:ionq:qpu:forte-enterprise-1,ONLINE,
2026-08-25T09:19:37+00:00,ibm:ibm:qpu:fez,ONLINE,
2026-08-25T09:19:37+00:00,azure:ionq:qpu:forte-enterprise-1,OFFLINE,
2026-08-25T09:19:37+00:00,rigetti:rigetti:qpu:cepheus-1-108q,ONLINE,
2026-08-25T09:19:37+00:00,aws:rigetti:qpu:cepheus-1-108q,ONLINE,
2026-08-25T09:19:37+00:00,openquantum:aqt:qpu:ibex-q1,ONLINE,
2026-08-25T09:19:37+00:00,openquantum:ionq:qpu:forte-1,ONLINE,
2026-08-25T09:19:37+00:00,openquantum:ionq:qpu:forte-enterprise,ONLINE,
2026-08-25T09:19:37+00:00,openquantum:iqm:qpu:emerald,ONLINE,
2026-08-25T09:19:37+00:00,openquantum:iqm:qpu:garnet,ONLINE,
2026-08-25T09:19:37+00:00,openquantum:rigetti:qpu:cepheus-1-108q,ONLINE,
2026-08-25T10:07:57+00:00,ibm:ibm:qpu:marrakesh,ONLINE,
2026-08-25T10:07:57+00:00,ibm:ibm:qpu:pittsburgh,ONLINE,
2026-08-25T10:07:57+00:00,aws:iqm:qpu:emerald,ONLINE,
2026-08-25T10:07:57+00:00,azure:ionq:qpu:forte-1,OFFLINE,
2026-08-25T10:07:57+00:00,ibm:ibm:qpu:kingston,ONLINE,
2026-08-25T10:07:57+00:00,ionq:ionq:qpu:forte-1,UNAVAILABLE,
2026-08-25T10:07:57+00:00,azure:rigetti:qpu:cepheus-1-36q,OFFLINE,
2026-08-25T10:07:57+00:00,ibm:ibm:qpu:miami,ONLINE,
2026-08-25T10:07:57+00:00,aws:aqt:qpu:ibex-q1,ONLINE,
2026-08-25T10:07:57+00:00,aws:quera:qpu:aquila,UNAVAILABLE,
2026-08-25T10:07:57+00:00,azure:pasqal:qpu:fresnel,OFFLINE,
2026-08-25T10:07:57+00:00,aws:ionq:qpu:forte-1,OFFLINE,
2026-08-25T10:07:57+00:00,aws:iqm:qpu:garnet,ONLINE,
2026-08-25T10:07:57+00:00,ibm:ibm:qpu:boston,ONLINE,
2026-08-25T10:07:57+00:00,aws:ionq:qpu:forte-enterprise-1,ONLINE,
2026-08-25T10:07:57+00:00,ibm:ibm:qpu:fez,ONLINE,
2026-08-25T10:07:57+00:00,azure:ionq:qpu:forte-enterprise-1,OFFLINE,
2026-08-25T10:07:57+00:00,rigetti:rigetti:qpu:cepheus-1-108q,ONLINE,
2026-08-25T10:07:57+00:00,aws:rigetti:qpu:cepheus-1-108q,ONLINE,
2026-08-25T10:07:57+00:00,openquantum:aqt:qpu:ibex-q1,ONLINE,
2026-08-25T10:07:57+00:00,openquantum:ionq:qpu:forte-1,ONLINE,
2026-08-25T10:07:57+00:00,openquantum:ionq:qpu:forte-enterprise,ONLINE,
2026-08-25T10:07:57+00:00,openquantum:iqm:qpu:emerald,ONLINE,
2026-08-25T10:07:57+00:00,openquantum:iqm:qpu:garnet,ONLINE,
2026-08-25T10:07:57+00:00,openquantum:rigetti:qpu:cepheus-1-108q,ONLINE,
2026-08-25T11:04:36+00:00,ibm:ibm:qpu:marrakesh,ONLINE,
2026-08-25T11:04:36+00:00,ibm:ibm:qpu:pittsburgh,ONLINE,
2026-08-25T11:04:36+00:00,aws:iqm:qpu:emerald,ONLINE,
2026-08-25T11:04:36+00:00,azure:ionq:qpu:forte-1,OFFLINE,
2026-08-25T11:04:36+00:00,ibm:ibm:qpu:kingston,ONLINE,
2026-08-25T11:04:36+00:00,ionq:ionq:qpu:forte-1,UNAVAILABLE,
2026-08-25T11:04:36+00:00,azure:rigetti:qpu:cepheus-1-36q,OFFLINE,
2026-08-25T11:04:36+00:00,ibm:ibm:qpu:miami,ONLINE,
2026-08-25T11:04:36+00:00,aws:aqt:qpu:ibex-q1,ONLINE,
2026-08-25T11:04:36+00:00,aws:quera:qpu:aquila,UNAVAILABLE,
2026-08-25T11:04:36+00:00,azure:pasqal:qpu:fresnel,OFFLINE,
2026-08-25T11:04:36+00:00,aws:ionq:qpu:forte-1,OFFLINE,
2026-08-25T11:04:36+00:00,aws:iqm:qpu:garnet,ONLINE,
2026-08-25T11:04:36+00:00,ibm:ibm:qpu:boston,ONLINE,
2026-08-25T11:04:36+00:00,aws:ionq:qpu:forte-enterprise-1,ONLINE,
2026-08-25T11:04:36+00:00,ibm:ibm:qpu:fez,ONLINE,
2026-08-25T11:04:36+00:00,azure:ionq:qpu:forte-enterprise-1,OFFLINE,
2026-08-25T11:04:36+00:00,rigetti:rigetti:qpu:cepheus-1-108q,ONLINE,
2026-08-25T11:04:36+00:00,aws:rigetti:qpu:cepheus-1-108q,ONLINE,
2026-08-25T11:04:36+00:00,openquantum:aqt:qpu:ibex-q1,ONLINE,
2026-08-25T11:04:36+00:00,openquantum:ionq:qpu:forte-1,ONLINE,
2026-08-25T11:04:36+00:00,openquantum:ionq:qpu:forte-enterprise,ONLINE,
2026-08-25T11:04:36+00:00,openquantum:iqm:qpu:emerald,ONLINE,
2026-08-25T11:04:36+00:00,openquantum:iqm:qpu:garnet,ONLINE,
2026-08-25T11:04:36+00:00,openquantum:rigetti:qpu:cepheus-1-108q,ONLINE,
2026-08-25T12:03:08+00:00,ibm:ibm:qpu:marrakesh,ONLINE,
2026-08-25T12:03:08+00:00,ibm:ibm:qpu:pittsburgh,ONLINE,
2026-08-25T12:03:08+00:00,aws:iqm:qpu:emerald,ONLINE,
2026-08-25T12:03:08+00:00,azure:ionq:qpu:forte-1,OFFLINE,
2026-08-25T12:03:08+00:00,ibm:ibm:qpu:kingston,ONLINE,
2026-08-25T12:03:08+00:00,ionq:ionq:qpu:forte-1,UNAVAILABLE,
2026-08-25T12:03:08+00:00,azure:rigetti:qpu:cepheus-1-36q,OFFLINE,
2026-08-25T12:03:08+00:00,ibm:ibm:qpu:miami,ONLINE,
2026-08-25T12:03:08+00:00,aws:aqt:qpu:ibex-q1,ONLINE,
2026-08-25T12:03:08+00:00,aws:quera:qpu:aquila,UNAVAILABLE,
2026-08-25T12:03:08+00:00,azure:pasqal:qpu:fresnel,OFFLINE,
2026-08-25T12:03:08+00:00,aws:ionq:qpu:forte-1,OFFLINE,
2026-08-25T12:03:08+00:00,aws:iqm:qpu:garnet,ONLINE,
2026-08-25T12:03:08+00:00,ibm:ibm:qpu:boston,ONLINE,
2026-08-25T12:03:08+00:00,aws:ionq:qpu:forte-enterprise-1,ONLINE,
2026-08-25T12:03:08+00:00,ibm:ibm:qpu:fez,ONLINE,
2026-08-25T12:03:08+00:00,azure:ionq:qpu:forte-enterprise-1,OFFLINE,
2026-08-25T12:03:08+00:00,rigetti:rigetti:qpu:cepheus-1-108q,ONLINE,
2026-08-25T12:03:08+00:00,aws:rigetti:qpu:cepheus-1-108q,ONLINE,
2026-08-25T12:03:08+00:00,openquantum:aqt:qpu:ibex-q1,ONLINE,
2026-08-25T12:03:08+00:00,openquantum:ionq:qpu:forte-1,ONLINE,
2026-08-25T12:03:08+00:00,openquantum:ionq:qpu:forte-enterprise,ONLINE,
2026-08-25T12:03:08+00:00,openquantum:iqm:qpu:emerald,ONLINE,
2026-08-25T12:03:08+00:00,openquantum:iqm:qpu:garnet,ONLINE,
2026-08-25T12:03:08+00:00,openquantum:rigetti:qpu:cepheus-1-108q,ONLINE,
2026-08-25T13:35:30+00:00,ibm:ibm:qpu:marrakesh,ONLINE,
2026-08-25T13:35:30+00:00,ibm:ibm:qpu:pittsburgh,ONLINE,
2026-08-25T13:35:30+00:00,aws:iqm:qpu:emerald,ONLINE,
2026-08-25T13:35:30+00:00,azure:ionq:qpu:forte-1,OFFLINE,
2026-08-25T13:35:30+00:00,ibm:ibm:qpu:kingston,ONLINE,
2026-08-25T13:35:30+00:00,ionq:ionq:qpu:forte-1,UNAVAILABLE,
2026-08-25T13:35:30+00:00,azure:rigetti:qpu:cepheus-1-36q,OFFLINE,
2026-08-25T13:35:30+00:00,ibm:ibm:qpu:miami,ONLINE,
2026-08-25T13:35:30+00:00,aws:aqt:qpu:ibex-q1,ONLINE,
2026-08-25T13:35:30+00:00,aws:quera:qpu:aquila,UNAVAILABLE,
2026-08-25T13:35:30+00:00,azure:pasqal:qpu:fresnel,OFFLINE,
2026-08-25T13:35:30+00:00,aws:ionq:qpu:forte-1,OFFLINE,
2026-08-25T13:35:30+00:00,aws:iqm:qpu:garnet,ONLINE,
2026-08-25T13:35:30+00:00,ibm:ibm:qpu:boston,ONLINE,
2026-08-25T13:35:30+00:00,aws:ionq:qpu:forte-enterprise-1,ONLINE,
2026-08-25T13:35:30+00:00,ibm:ibm:qpu:fez,ONLINE,
2026-08-25T13:35:30+00:00,azure:ionq:qpu:forte-enterprise-1,OFFLINE,
2026-08-25T13:35:30+00:00,rigetti:rigetti:qpu:cepheus-1-108q,ONLINE,
2026-08-25T13:35:30+00:00,aws:rigetti:qpu:cepheus-1-108q,ONLINE,
2026-08-25T13:35:30+00:00,openquantum:aqt:qpu:ibex-q1,ONLINE,
2026-08-25T13:35:30+00:00,openquantum:ionq:qpu:forte-1,ONLINE,
2026-08-25T13:35:30+00:00,openquantum:ionq:qpu:forte-enterprise,ONLINE,
2026-08-25T13:35:30+00:00,openquantum:iqm:qpu:emerald,ONLINE,
2026-08-25T13:35:30+00:00,openquantum:iqm:qpu:garnet,ONLINE,
2026-08-25T13:35:30+00:00,openquantum:rigetti:qpu:cepheus-1-108q,ONLINE,
2026-08-25T14:27:27+00:00,ibm:ibm:qpu:marrakesh,ONLINE,
2026-08-25T14:27:27+00:00,ibm:ibm:qpu:pittsburgh,ONLINE,
2026-08-25T14:27:27+00:00,aws:iqm:qpu:emerald,ONLINE,
2026-08-25T14:27:27+00:00,azure:ionq:qpu:forte-1,OFFLINE,
2026-08-25T14:27:27+00:00,ibm:ibm:qpu:kingston,ONLINE,
2026-08-25T14:27:27+00:00,ionq:ionq:qpu:forte-1,UNAVAILABLE,
2026-08-25T14:27:27+00:00,azure:rigetti:qpu:cepheus-1-36q,OFFLINE,
2026-08-25T14:27:27+00:00,ibm:ibm:qpu:miami,ONLINE,
2026-08-25T14:27:27+00:00,aws:aqt:qpu:ibex-q1,ONLINE,
2026-08-25T14:27:27+00:00,aws:quera:qpu:aquila,UNAVAILABLE,
2026-08-25T14:27:27+00:00,azure:pasqal:qpu:fresnel,OFFLINE,
2026-08-25T14:27:27+00:00,aws:ionq:qpu:forte-1,OFFLINE,
2026-08-25T14:27:27+00:00,aws:iqm:qpu:garnet,ONLINE,
2026-08-25T14:27:27+00:00,ibm:ibm:qpu:boston,ONLINE,
2026-08-25T14:27:27+00:00,aws:ionq:qpu:forte-enterprise-1,ONLINE,
2026-08-25T14:27:27+00:00,ibm:ibm:qpu:fez,ONLINE,
2026-08-25T14:27:27+00:00,azure:ionq:qpu:forte-enterprise-1,OFFLINE,
2026-08-25T14:27:27+00:00,rigetti:rigetti:qpu:cepheus-1-108q,ONLINE,
2026-08-25T14:27:27+00:00,aws:rigetti:qpu:cepheus-1-108q,ONLINE,
2026-08-25T14:27:27+00:00,openquantum:aqt:qpu:ibex-q1,ONLINE,
2026-08-25T14:27:27+00:00,openquantum:ionq:qpu:forte-1,ONLINE,
2026-08-25T14:27:27+00:00,openquantum:ionq:qpu:forte-enterprise,ONLINE,
2026-08-25T14:27:27+00:00,openquantum:iqm:qpu:emerald,ONLINE,
2026-08-25T14:27:27+00:00,openquantum:iqm:qpu:garnet,ONLINE,
2026-08-25T14:27:27+00:00,openquantum:rigetti:qpu:cepheus-1-108q,ONLINE,
2026-08-25T15:27:08+00:00,ibm:ibm:qpu:marrakesh,ONLINE,
2026-08-25T15:27:08+00:00,ibm:ibm:qpu:pittsburgh,ONLINE,
2026-08-25T15:27:08+00:00,aws:iqm:qpu:emerald,ONLINE,
2026-08-25T15:27:08+00:00,azure:ionq:qpu:forte-1,OFFLINE,
2026-08-25T15:27:08+00:00,ibm:ibm:qpu:kingston,ONLINE,
2026-08-25T15:27:08+00:00,ionq:ionq:qpu:forte-1,UNAVAILABLE,
2026-08-25T15:27:08+00:00,azure:rigetti:qpu:cepheus-1-36q,OFFLINE,
2026-08-25T15:27:08+00:00,ibm:ibm:qpu:miami,ONLINE,
2026-08-25T15:27:08+00:00,aws:aqt:qpu:ibex-q1,UNAVAILABLE,
2026-08-25T15:27:08+00:00,aws:quera:qpu:aquila,UNAVAILABLE,
2026-08-25T15:27:08+00:00,azure:pasqal:qpu:fresnel,OFFLINE,
2026-08-25T15:27:08+00:00,aws:ionq:qpu:forte-1,OFFLINE,
2026-08-25T15:27:08+00:00,aws:iqm:qpu:garnet,ONLINE,
2026-08-25T15:27:08+00:00,ibm:ibm:qpu:boston,ONLINE,
2026-08-25T15:27:08+00:00,aws:ionq:qpu:forte-enterprise-1,ONLINE,
2026-08-25T15:27:08+00:00,ibm:ibm:qpu:fez,ONLINE,
2026-08-25T15:27:08+00:00,azure:ionq:qpu:forte-enterprise-1,OFFLINE,
2026-08-25T15:27:08+00:00,rigetti:rigetti:qpu:cepheus-1-108q,ONLINE,
2026-08-25T15:27:08+00:00,aws:rigetti:qpu:cepheus-1-108q,ONLINE,
2026-08-25T15:27:08+00:00,openquantum:aqt:qpu:ibex-q1,ONLINE,
2026-08-25T15:27:08+00:00,openquantum:ionq:qpu:forte-1,ONLINE,
2026-08-25T15:27:08+00:00,openquantum:ionq:qpu:forte-enterprise,ONLINE,
2026-08-25T15:27:08+00:00,openquantum:iqm:qpu:emerald,ONLINE,
2026-08-25T15:27:08+00:00,openquantum:iqm:qpu:garnet,ONLINE,
2026-08-25T15:27:08+00:00,openquantum:rigetti:qpu:cepheus-1-108q,ONLINE,
2026-08-25T16:18:20+00:00,ibm:ibm:qpu:marrakesh,ONLINE,
2026-08-25T16:18:20+00:00,ibm:ibm:qpu:pittsburgh,ONLINE,
2026-08-25T16:18:20+00:00,aws:iqm:qpu:emerald,ONLINE,
2026-08-25T16:18:20+00:00,azure:ionq:qpu:forte-1,OFFLINE,
2026-08-25T16:18:20+00:00,ibm:ibm:qpu:kingston,ONLINE,
2026-08-25T16:18:20+00:00,ionq:ionq:qpu:forte-1,UNAVAILABLE,
2026-08-25T16:18:20+00:00,azure:rigetti:qpu:cepheus-1-36q,OFFLINE,
2026-08-25T16:18:20+00:00,ibm:ibm:qpu:miami,ONLINE,
2026-08-25T16:18:20+00:00,aws:aqt:qpu:ibex-q1,UNAVAILABLE,
2026-08-25T16:18:20+00:00,aws:quera:qpu:aquila,UNAVAILABLE,
2026-08-25T16:18:20+00:00,azure:pasqal:qpu:fresnel,OFFLINE,
2026-08-25T16:18:20+00:00,aws:ionq:qpu:forte-1,OFFLINE,
2026-08-25T16:18:20+00:00,aws:iqm:qpu:garnet,UNAVAILABLE,
2026-08-25T16:18:20+00:00,ibm:ibm:qpu:boston,ONLINE,
2026-08-25T16:18:20+00:00,aws:ionq:qpu:forte-enterprise-1,ONLINE,
2026-08-25T16:18:20+00:00,ibm:ibm:qpu:fez,ONLINE,
2026-08-25T16:18:20+00:00,azure:ionq:qpu:forte-enterprise-1,OFFLINE,
2026-08-25T16:18:20+00:00,rigetti:rigetti:qpu:cepheus-1-108q,ONLINE,
2026-08-25T16:18:20+00:00,aws:rigetti:qpu:cepheus-1-108q,ONLINE,
2026-08-25T16:18:20+00:00,openquantum:aqt:qpu:ibex-q1,ONLINE,
2026-08-25T16:18:20+00:00,openquantum:ionq:qpu:forte-1,ONLINE,
2026-08-25T16:18:20+00:00,openquantum:ionq:qpu:forte-enterprise,ONLINE,
2026-08-25T16:18:20+00:00,openquantum:iqm:qpu:emerald,ONLINE,
2026-08-25T16:18:20+00:00,openquantum:iqm:qpu:garnet,ONLINE,
2026-08-25T16:18:20+00:00,openquantum:rigetti:qpu:cepheus-1-108q,ONLINE,
2026-08-25T17:15:43+00:00,ibm:ibm:qpu:marrakesh,ONLINE,
2026-08-25T17:15:43+00:00,ibm:ibm:qpu:pittsburgh,ONLINE,
2026-08-25T17:15:43+00:00,aws:iqm:qpu:emerald,ONLINE,
2026-08-25T17:15:43+00:00,azure:ionq:qpu:forte-1,OFFLINE,
2026-08-25T17:15:43+00:00,ibm:ibm:qpu:kingston,ONLINE,
2026-08-25T17:15:43+00:00,ionq:ionq:qpu:forte-1,UNAVAILABLE,
2026-08-25T17:15:43+00:00,azure:rigetti:qpu:cepheus-1-36q,OFFLINE,
2026-08-25T17:15:43+00:00,ibm:ibm:qpu:miami,ONLINE,
2026-08-25T17:15:43+00:00,aws:aqt:qpu:ibex-q1,UNAVAILABLE,
2026-08-25T17:15:43+00:00,aws:quera:qpu:aquila,UNAVAILABLE,
2026-08-25T17:15:43+00:00,azure:pasqal:qpu:fresnel,OFFLINE,
2026-08-25T17:15:43+00:00,aws:ionq:qpu:forte-1,OFFLINE,
2026-08-25T17:15:43+00:00,aws:iqm:qpu:garnet,ONLINE,
2026-08-25T17:15:43+00:00,ibm:ibm:qpu:boston,ONLINE,
2026-08-25T17:15:43+00:00,aws:ionq:qpu:forte-enterprise-1,ONLINE,
2026-08-25T17:15:43+00:00,ibm:ibm:qpu:fez,ONLINE,
2026-08-25T17:15:43+00:00,azure:ionq:qpu:forte-enterprise-1,OFFLINE,
2026-08-25T17:15:43+00:00,rigetti:rigetti:qpu:cepheus-1-108q,ONLINE,
2026-08-25T17:15:43+00:00,aws:rigetti:qpu:cepheus-1-108q,ONLINE,
2026-08-25T17:15:43+00:00,openquantum:aqt:qpu:ibex-q1,ONLINE,
2026-08-25T17:15:43+00:00,openquantum:ionq:qpu:forte-1,ONLINE,
2026-08-25T17:15:43+00:00,openquantum:ionq:qpu:forte-enterprise,ONLINE,
2026-08-25T17:15:43+00:00,openquantum:iqm:qpu:emerald,ONLINE,
2026-08-25T17:15:43+00:00,openquantum:iqm:qpu:garnet,ONLINE,
2026-08-25T17:15:43+00:00,openquantum:rigetti:qpu:cepheus-1-108q,ONLINE,
2026-08-25T18:03:42+00:00,ibm:ibm:qpu:marrakesh,ONLINE,
2026-08-25T18:03:42+00:00,ibm:ibm:qpu:pittsburgh,ONLINE,
2026-08-25T18:03:42+00:00,aws:iqm:qpu:emerald,ONLINE,
2026-08-25T18:03:42+00:00,azure:ionq:qpu:forte-1,OFFLINE,
2026-08-25T18:03:42+00:00,ibm:ibm:qpu:kingston,ONLINE,
2026-08-25T18:03:42+00:00,ionq:ionq:qpu:forte-1,UNAVAILABLE,
2026-08-25T18:03:42+00:00,azure:rigetti:qpu:cepheus-1-36q,OFFLINE,
2026-08-25T18:03:42+00:00,ibm:ibm:qpu:miami,ONLINE,
2026-08-25T18:03:42+00:00,aws:aqt:qpu:ibex-q1,UNAVAILABLE,
2026-08-25T18:03:42+00:00,aws:quera:qpu:aquila,UNAVAILABLE,
2026-08-25T18:03:42+00:00,azure:pasqal:qpu:fresnel,OFFLINE,
2026-08-25T18:03:42+00:00,aws:ionq:qpu:forte-1,OFFLINE,
2026-08-25T18:03:42+00:00,aws:iqm:qpu:garnet,ONLINE,
2026-08-25T18:03:42+00:00,ibm:ibm:qpu:boston,ONLINE,
2026-08-25T18:03:42+00:00,aws:ionq:qpu:forte-enterprise-1,ONLINE,
2026-08-25T18:03:42+00:00,ibm:ibm:qpu:fez,ONLINE,
2026-08-25T18:03:42+00:00,azure:ionq:qpu:forte-enterprise-1,OFFLINE,
2026-08-25T18:03:42+00:00,rigetti:rigetti:qpu:cepheus-1-108q,ONLINE,
2026-08-25T18:03:42+00:00,aws:rigetti:qpu:cepheus-1-108q,ONLINE,
2026-08-25T18:03:42+00:00,openquantum:aqt:qpu:ibex-q1,ONLINE,
2026-08-25T18:03:42+00:00,openquantum:ionq:qpu:forte-1,ONLINE,
2026-08-25T18:03:42+00:00,openquantum:ionq:qpu:forte-enterprise,ONLINE,
2026-08-25T18:03:42+00:00,openquantum:iqm:qpu:emerald,ONLINE,
2026-08-25T18:03:42+00:00,openquantum:iqm:qpu:garnet,ONLINE,
2026-08-25T18:03:42+00:00,openquantum:rigetti:qpu:cepheus-1-108q,ONLINE,
2026-08-25T19:17:42+00:00,ibm:ibm:qpu:marrakesh,ONLINE,
2026-08-25T19:17:42+00:00,ibm:ibm:qpu:pittsburgh,ONLINE,
2026-08-25T19:17:42+00:00,aws:iqm:qpu:emerald,ONLINE,
2026-08-25T19:17:42+00:00,azure:ionq:qpu:forte-1,OFFLINE,
2026-08-25T19:17:42+00:00,ibm:ibm:qpu:kingston,ONLINE,
2026-08-25T19:17:42+00:00,ionq:ionq:qpu:forte-1,UNAVAILABLE,
2026-08-25T19:17:42+00:00,azure:rigetti:qpu:cepheus-1-36q,OFFLINE,
2026-08-25T19:17:42+00:00,ibm:ibm:qpu:miami,ONLINE,
2026-08-25T19:17:42+00:00,aws:aqt:qpu:ibex-q1,UNAVAILABLE,
2026-08-25T19:17:42+00:00,aws:quera:qpu:aquila,UNAVAILABLE,
2026-08-25T19:17:42+00:00,azure:pasqal:qpu:fresnel,OFFLINE,
2026-08-25T19:17:42+00:00,aws:ionq:qpu:forte-1,OFFLINE,
2026-08-25T19:17:42+00:00,aws:iqm:qpu:garnet,ONLINE,
2026-08-25T19:17:42+00:00,ibm:ibm:qpu:boston,ONLINE,
2026-08-25T19:17:42+00:00,aws:ionq:qpu:forte-enterprise-1,ONLINE,
2026-08-25T19:17:42+00:00,ibm:ibm:qpu:fez,ONLINE,
2026-08-25T19:17:42+00:00,azure:ionq:qpu:forte-enterprise-1,OFFLINE,
2026-08-25T19:17:42+00:00,rigetti:rigetti:qpu:cepheus-1-108q,ONLINE,
2026-08-25T19:17:42+00:00,aws:rigetti:qpu:cepheus-1-108q,UNAVAILABLE,
2026-08-25T19:17:42+00:00,openquantum:aqt:qpu:ibex-q1,ONLINE,
2026-08-25T19:17:42+00:00,openquantum:ionq:qpu:forte-1,ONLINE,
2026-08-25T19:17:42+00:00,openquantum:ionq:qpu:forte-enterprise,ONLINE,
2026-08-25T19:17:42+00:00,openquantum:iqm:qpu:emerald,ONLINE,
2026-08-25T19:17:42+00:00,openquantum:iqm:qpu:garnet,ONLINE,
2026-08-25T19:17:42+00:00,openquantum:rigetti:qpu:cepheus-1-108q,ONLINE,
2026-08-25T20:01:18+00:00,ibm:ibm:qpu:marrakesh,ONLINE,
2026-08-25T20:01:18+00:00,ibm:ibm:qpu:pittsburgh,ONLINE,
2026-08-25T20:01:18+00:00,aws:iqm:qpu:emerald,ONLINE,
2026-08-25T20:01:18+00:00,azure:ionq:qpu:forte-1,OFFLINE,
2026-08-25T20:01:18+00:00,ibm:ibm:qpu:kingston,ONLINE,
2026-08-25T20:01:18+00:00,ionq:ionq:qpu:forte-1,UNAVAILABLE,
2026-08-25T20:01:18+00:00,azure:rigetti:qpu:cepheus-1-36q,OFFLINE,
2026-08-25T20:01:18+00:00,ibm:ibm:qpu:miami,ONLINE,
2026-08-25T20:01:18+00:00,aws:aqt:qpu:ibex-q1,UNAVAILABLE,
2026-08-25T20:01:18+00:00,aws:quera:qpu:aquila,UNAVAILABLE,
2026-08-25T20:01:18+00:00,azure:pasqal:qpu:fresnel,OFFLINE,
2026-08-25T20:01:18+00:00,aws:ionq:qpu:forte-1,OFFLINE,
2026-08-25T20:01:18+00:00,aws:iqm:qpu:garnet,ONLINE,
2026-08-25T20:01:18+00:00,ibm:ibm:qpu:boston,ONLINE,
2026-08-25T20:01:18+00:00,aws:ionq:qpu:forte-enterprise-1,ONLINE,
2026-08-25T20:01:18+00:00,ibm:ibm:qpu:fez,ONLINE,
2026-08-25T20:01:18+00:00,azure:ionq:qpu:forte-enterprise-1,OFFLINE,
2026-08-25T20:01:18+00:00,rigetti:rigetti:qpu:cepheus-1-108q,ONLINE,
2026-08-25T20:01:18+00:00,aws:rigetti:qpu:cepheus-1-108q,UNAVAILABLE,
2026-08-25T20:01:18+00:00,openquantum:aqt:qpu:ibex-q1,ONLINE,
2026-08-25T20:01:18+00:00,openquantum:ionq:qpu:forte-1,ONLINE,
2026-08-25T20:01:18+00:00,openquantum:ionq:qpu:forte-enterprise,ONLINE,
2026-08-25T20:01:18+00:00,openquantum:iqm:qpu:emerald,ONLINE,
2026-08-25T20:01:18+00:00,openquantum:iqm:qpu:garnet,ONLINE,
2026-08-25T20:01:18+00:00,openquantum:rigetti:qpu:cepheus-1-108q,ONLINE,
2026-08-25T21:03:10+00:00,ibm:ibm:qpu:marrakesh,ONLINE,
2026-08-25T21:03:10+00:00,ibm:ibm:qpu:pittsburgh,ONLINE,
2026-08-25T21:03:10+00:00,aws:iqm:qpu:emerald,ONLINE,
2026-08-25T21:03:10+00:00,azure:ionq:qpu:forte-1,OFFLINE,
2026-08-25T21:03:10+00:00,ibm:ibm:qpu:kingston,ONLINE,
2026-08-25T21:03:10+00:00,ionq:ionq:qpu:forte-1,UNAVAILABLE,
2026-08-25T21:03:10+00:00,azure:rigetti:qpu:cepheus-1-36q,OFFLINE,
2026-08-25T21:03:10+00:00,ibm:ibm:qpu:miami,ONLINE,
2026-08-25T21:03:10+00:00,aws:aqt:qpu:ibex-q1,UNAVAILABLE,
2026-08-25T21:03:10+00:00,aws:quera:qpu:aquila,UNAVAILABLE,
2026-08-25T21:03:10+00:00,azure:pasqal:qpu:fresnel,OFFLINE,
2026-08-25T21:03:10+00:00,aws:ionq:qpu:forte-1,OFFLINE,
2026-08-25T21:03:10+00:00,aws:iqm:qpu:garnet,ONLINE,
2026-08-25T21:03:10+00:00,ibm:ibm:qpu:boston,ONLINE,
2026-08-25T21:03:10+00:00,aws:ionq:qpu:forte-enterprise-1,ONLINE,
2026-08-25T21:03:10+00:00,ibm:ibm:qpu:fez,ONLINE,
2026-08-25T21:03:10+00:00,azure:ionq:qpu:forte-enterprise-1,OFFLINE,
2026-08-25T21:03:10+00:00,rigetti:rigetti:qpu:cepheus-1-108q,ONLINE,
2026-08-25T21:03:10+00:00,aws:rigetti:qpu:cepheus-1-108q,ONLINE,
2026-08-25T21:03:10+00:00,openquantum:aqt:qpu:ibex-q1,ONLINE,
2026-08-25T21:03:10+00:00,openquantum:ionq:qpu:forte-1,ONLINE,
2026-08-25T21:03:10+00:00,openquantum:ionq:qpu:forte-enterprise,ONLINE,
2026-08-25T21:03:10+00:00,openquantum:iqm:qpu:emerald,ONLINE,
2026-08-25T21:03:10+00:00,openquantum:iqm:qpu:garnet,ONLINE,
2026-08-25T21:03:10+00:00,openquantum:rigetti:qpu:cepheus-1-108q,ONLINE,
2026-08-25T21:59:57+00:00,ibm:ibm:qpu:marrakesh,ONLINE,
2026-08-25T21:59:57+00:00,ibm:ibm:qpu:pittsburgh,ONLINE,
2026-08-25T21:59:57+00:00,aws:iqm:qpu:emerald,ONLINE,
2026-08-25T21:59:57+00:00,azure:ionq:qpu:forte-1,OFFLINE,
2026-08-25T21:59:57+00:00,ibm:ibm:qpu:kingston,ONLINE,
2026-08-25T21:59:57+00:00,ionq:ionq:qpu:forte-1,UNAVAILABLE,
2026-08-25T21:59:57+00:00,azure:rigetti:qpu:cepheus-1-36q,OFFLINE,
2026-08-25T21:59:57+00:00,ibm:ibm:qpu:miami,ONLINE,
2026-08-25T21:59:57+00:00,aws:aqt:qpu:ibex-q1,UNAVAILABLE,
2026-08-25T21:59:57+00:00,aws:quera:qpu:aquila,UNAVAILABLE,
2026-08-25T21:59:57+00:00,azure:pasqal:qpu:fresnel,OFFLINE,
2026-08-25T21:59:57+00:00,aws:ionq:qpu:forte-1,OFFLINE,
2026-08-25T21:59:57+00:00,aws:iqm:qpu:garnet,ONLINE,
2026-08-25T21:59:57+00:00,ibm:ibm:qpu:boston,ONLINE,
2026-08-25T21:59:57+00:00,aws:ionq:qpu:forte-enterprise-1,ONLINE,
2026-08-25T21:59:57+00:00,ibm:ibm:qpu:fez,ONLINE,
2026-08-25T21:59:57+00:00,azure:ionq:qpu:forte-enterprise-1,OFFLINE,
2026-08-25T21:59:57+00:00,rigetti:rigetti:qpu:cepheus-1-108q,ONLINE,
2026-08-25T21:59:57+00:00,aws:rigetti:qpu:cepheus-1-108q,ONLINE,
2026-08-25T21:59:57+00:00,openquantum:aqt:qpu:ibex-q1,ONLINE,
2026-08-25T21:59:57+00:00,openquantum:ionq:qpu:forte-1,ONLINE,
2026-08-25T21:59:57+00:00,openquantum:ionq:qpu:forte-enterprise,ONLINE,
2026-08-25T21:59:57+00:00,openquantum:iqm:qpu:emerald,ONLINE,
2026-08-25T21:59:57+00:00,openquantum:iqm:qpu:garnet,ONLINE,
2026-08-25T21:59:57+00:00,openquantum:rigetti:qpu:cepheus-1-108q,ONLINE,
2026-08-25T22:36:43+00:00,ibm:ibm:qpu:marrakesh,ONLINE,
2026-08-25T22:36:43+00:00,ibm:ibm:qpu:pittsburgh,ONLINE,
2026-08-25T22:36:43+00:00,aws:iqm:qpu:emerald,ONLINE,
2026-08-25T22:36:43+00:00,azure:ionq:qpu:forte-1,OFFLINE,
2026-08-25T22:36:43+00:00,ibm:ibm:qpu:kingston,ONLINE,
2026-08-25T22:36:43+00:00,ionq:ionq:qpu:forte-1,UNAVAILABLE,
2026-08-25T22:36:43+00:00,azure:rigetti:qpu:cepheus-1-36q,OFFLINE,
2026-08-25T22:36:43+00:00,ibm:ibm:qpu:miami,ONLINE,
2026-08-25T22:36:43+00:00,aws:aqt:qpu:ibex-q1,UNAVAILABLE,
2026-08-25T22:36:43+00:00,aws:quera:qpu:aquila,UNAVAILABLE,
2026-08-25T22:36:43+00:00,azure:pasqal:qpu:fresnel,OFFLINE,
2026-08-25T22:36:43+00:00,aws:ionq:qpu:forte-1,OFFLINE,
2026-08-25T22:36:43+00:00,aws:iqm:qpu:garnet,ONLINE,
2026-08-25T22:36:43+00:00,ibm:ibm:qpu:boston,ONLINE,
2026-08-25T22:36:43+00:00,aws:ionq:qpu:forte-enterprise-1,ONLINE,
2026-08-25T22:36:43+00:00,ibm:ibm:qpu:fez,ONLINE,
2026-08-25T22:36:43+00:00,azure:ionq:qpu:forte-enterprise-1,OFFLINE,
2026-08-25T22:36:43+00:00,rigetti:rigetti:qpu:cepheus-1-108q,ONLINE,
2026-08-25T22:36:43+00:00,aws:rigetti:qpu:cepheus-1-108q,ONLINE,
2026-08-25T22:36:43+00:00,openquantum:aqt:qpu:ibex-q1,ONLINE,
2026-08-25T22:36:43+00:00,openquantum:ionq:qpu:forte-1,ONLINE,
2026-08-25T22:36:43+00:00,openquantum:ionq:qpu:forte-enterprise,ONLINE,
2026-08-25T22:36:43+00:00,openquantum:iqm:qpu:emerald,ONLINE,
2026-08-25T22:36:43+00:00,openquantum:iqm:qpu:garnet,ONLINE,
2026-08-25T22:36:43+00:00,openquantum:rigetti:qpu:cepheus-1-108q,ONLINE,
2026-08-25T23:03:03+00:00,ibm:ibm:qpu:marrakesh,ONLINE,
2026-08-25T23:03:03+00:00,ibm:ibm:qpu:pittsburgh,ONLINE,
2026-08-25T23:03:03+00:00,aws:iqm:qpu:emerald,ONLINE,
2026-08-25T23:03:03+00:00,azure:ionq:qpu:forte-1,OFFLINE,
2026-08-25T23:03:03+00:00,ibm:ibm:qpu:kingston,ONLINE,
2026-08-25T23:03:03+00:00,ionq:ionq:qpu:forte-1,UNAVAILABLE,
2026-08-25T23:03:03+00:00,azure:rigetti:qpu:cepheus-1-36q,OFFLINE,
2026-08-25T23:03:03+00:00,ibm:ibm:qpu:miami,ONLINE,
2026-08-25T23:03:03+00:00,aws:aqt:qpu:ibex-q1,UNAVAILABLE,
2026-08-25T23:03:03+00:00,aws:quera:qpu:aquila,UNAVAILABLE,
2026-08-25T23:03:03+00:00,azure:pasqal:qpu:fresnel,OFFLINE,
2026-08-25T23:03:03+00:00,aws:ionq:qpu:forte-1,OFFLINE,
2026-08-25T23:03:03+00:00,aws:iqm:qpu:garnet,ONLINE,
2026-08-25T23:03:03+00:00,ibm:ibm:qpu:boston,ONLINE,
2026-08-25T23:03:03+00:00,aws:ionq:qpu:forte-enterprise-1,ONLINE,
2026-08-25T23:03:03+00:00,ibm:ibm:qpu:fez,ONLINE,
2026-08-25T23:03:03+00:00,azure:ionq:qpu:forte-enterprise-1,OFFLINE,
2026-08-25T23:03:03+00:00,rigetti:rigetti:qpu:cepheus-1-108q,ONLINE,
2026-08-25T23:03:03+00:00,aws:rigetti:qpu:cepheus-1-108q,ONLINE,
2026-08-25T23:03:03+00:00,openquantum:aqt:qpu:ibex-q1,ONLINE,
2026-08-25T23:03:03+00:00,openquantum:ionq:qpu:forte-1,ONLINE,
2026-08-25T23:03:03+00:00,openquantum:ionq:qpu:forte-enterprise,ONLINE,
2026-08-25T23:03:03+00:00,openquantum:iqm:qpu:emerald,ONLINE,
2026-08-25T23:03:03+00:00,openquantum:iqm:qpu:garnet,ONLINE,
2026-08-25T23:03:03+00:00,openquantum:rigetti:qpu:cepheus-1-108q,ONLINE,
2026-08-25T23:59:29+00:00,ibm:ibm:qpu:marrakesh,ONLINE,
2026-08-25T23:59:29+00:00,ibm:ibm:qpu:pittsburgh,ONLINE,
2026-08-25T23:59:29+00:00,aws:iqm:qpu:emerald,ONLINE,
2026-08-25T23:59:29+00:00,azure:ionq:qpu:forte-1,OFFLINE,
2026-08-25T23:59:29+00:00,ibm:ibm:qpu:kingston,ONLINE,
2026-08-25T23:59:29+00:00,ionq:ionq:qpu:forte-1,UNAVAILABLE,
2026-08-25T23:59:29+00:00,azure:rigetti:qpu:cepheus-1-36q,OFFLINE,
2026-08-25T23:59:29+00:00,ibm:ibm:qpu:miami,ONLINE,
2026-08-25T23:59:29+00:00,aws:aqt:qpu:ibex-q1,UNAVAILABLE,
2026-08-25T23:59:29+00:00,aws:quera:qpu:aquila,UNAVAILABLE,
2026-08-25T23:59:29+00:00,azure:pasqal:qpu:fresnel,OFFLINE,
2026-08-25T23:59:29+00:00,aws:ionq:qpu:forte-1,OFFLINE,
2026-08-25T23:59:29+00:00,aws:iqm:qpu:garnet,ONLINE,
2026-08-25T23:59:29+00:00,ibm:ibm:qpu:boston,ONLINE,
2026-08-25T23:59:29+00:00,aws:ionq:qpu:forte-enterprise-1,ONLINE,
2026-08-25T23:59:29+00:00,ibm:ibm:qpu:fez,ONLINE,
2026-08-25T23:59:29+00:00,azure:ionq:qpu:forte-enterprise-1,OFFLINE,
2026-08-25T23:59:29+00:00,rigetti:rigetti:qpu:cepheus-1-108q,ONLINE,
2026-08-25T23:59:29+00:00,aws:rigetti:qpu:cepheus-1-108q,ONLINE,
2026-08-25T23:59:29+00:00,openquantum:aqt:qpu:ibex-q1,ONLINE,
2026-08-25T23:59:29+00:00,openquantum:ionq:qpu:forte-1,ONLINE,
2026-08-25T23:59:29+00:00,openquantum:ionq:qpu:forte-enterprise,ONLINE,
2026-08-25T23:59:29+00:00,openquantum:iqm:qpu:emerald,ONLINE,
2026-08-25T23:59:29+00:00,openquantum:iqm:qpu:garnet,ONLINE,
2026-08-25T23:59:29+00:00,openquantum:rigetti:qpu:cepheus-1-108q,ONLINE,
2026-08-26T01:50:56+00:00,ibm:ibm:qpu:marrakesh,ONLINE,
2026-08-26T01:50:56+00:00,ibm:ibm:qpu:pittsburgh,ONLINE,
2026-08-26T01:50:56+00:00,aws:iqm:qpu:emerald,ONLINE,
2026-08-26T01:50:56+00:00,azure:ionq:qpu:forte-1,OFFLINE,
2026-08-26T01:50:56+00:00,ibm:ibm:qpu:kingston,ONLINE,
2026-08-26T01:50:56+00:00,ionq:ionq:qpu:forte-1,UNAVAILABLE,
2026-08-26T01:50:56+00:00,azure:rigetti:qpu:cepheus-1-36q,OFFLINE,
2026-08-26T01:50:56+00:00,ibm:ibm:qpu:miami,ONLINE,
2026-08-26T01:50:56+00:00,aws:aqt:qpu:ibex-q1,UNAVAILABLE,
2026-08-26T01:50:56+00:00,aws:quera:qpu:aquila,UNAVAILABLE,
2026-08-26T01:50:56+00:00,azure:pasqal:qpu:fresnel,OFFLINE,
2026-08-26T01:50:56+00:00,aws:ionq:qpu:forte-1,OFFLINE,
2026-08-26T01:50:56+00:00,aws:iqm:qpu:garnet,UNAVAILABLE,
2026-08-26T01:50:56+00:00,ibm:ibm:qpu:boston,ONLINE,
2026-08-26T01:50:56+00:00,aws:ionq:qpu:forte-enterprise-1,ONLINE,
2026-08-26T01:50:56+00:00,ibm:ibm:qpu:fez,ONLINE,
2026-08-26T01:50:56+00:00,azure:ionq:qpu:forte-enterprise-1,OFFLINE,
2026-08-26T01:50:56+00:00,rigetti:rigetti:qpu:cepheus-1-108q,ONLINE,
2026-08-26T01:50:56+00:00,aws:rigetti:qpu:cepheus-1-108q,ONLINE,
2026-08-26T01:50:56+00:00,openquantum:aqt:qpu:ibex-q1,ONLINE,
2026-08-26T01:50:56+00:00,openquantum:ionq:qpu:forte-1,ONLINE,
2026-08-26T01:50:56+00:00,openquantum:ionq:qpu:forte-enterprise,ONLINE,
2026-08-26T01:50:56+00:00,openquantum:iqm:qpu:emerald,ONLINE,
2026-08-26T01:50:56+00:00,openquantum:iqm:qpu:garnet,ONLINE,
2026-08-26T01:50:56+00:00,openquantum:rigetti:qpu:cepheus-1-108q,ONLINE,
2026-08-26T03:03:59+00:00,ibm:ibm:qpu:marrakesh,ONLINE,
2026-08-26T03:03:59+00:00,ibm:ibm:qpu:pittsburgh,ONLINE,
2026-08-26T03:03:59+00:00,aws:iqm:qpu:emerald,ONLINE,
2026-08-26T03:03:59+00:00,azure:ionq:qpu:forte-1,OFFLINE,
2026-08-26T03:03:59+00:00,ibm:ibm:qpu:kingston,ONLINE,
2026-08-26T03:03:59+00:00,ionq:ionq:qpu:forte-1,UNAVAILABLE,
2026-08-26T03:03:59+00:00,azure:rigetti:qpu:cepheus-1-36q,OFFLINE,
2026-08-26T03:03:59+00:00,ibm:ibm:qpu:miami,ONLINE,
2026-08-26T03:03:59+00:00,aws:aqt:qpu:ibex-q1,UNAVAILABLE,
2026-08-26T03:03:59+00:00,aws:quera:qpu:aquila,UNAVAILABLE,
2026-08-26T03:03:59+00:00,azure:pasqal:qpu:fresnel,OFFLINE,
2026-08-26T03:03:59+00:00,aws:ionq:qpu:forte-1,OFFLINE,
2026-08-26T03:03:59+00:00,aws:iqm:qpu:garnet,UNAVAILABLE,
2026-08-26T03:03:59+00:00,ibm:ibm:qpu:boston,ONLINE,
2026-08-26T03:03:59+00:00,aws:ionq:qpu:forte-enterprise-1,ONLINE,
2026-08-26T03:03:59+00:00,ibm:ibm:qpu:fez,ONLINE,
2026-08-26T03:03:59+00:00,azure:ionq:qpu:forte-enterprise-1,OFFLINE,
2026-08-26T03:03:59+00:00,rigetti:rigetti:qpu:cepheus-1-108q,ONLINE,
2026-08-26T03:03:59+00:00,aws:rigetti:qpu:cepheus-1-108q,ONLINE,
2026-08-26T03:03:59+00:00,openquantum:aqt:qpu:ibex-q1,ONLINE,
2026-08-26T03:03:59+00:00,openquantum:ionq:qpu:forte-1,ONLINE,
2026-08-26T03:03:59+00:00,openquantum:ionq:qpu:forte-enterprise,ONLINE,
2026-08-26T03:03:59+00:00,openquantum:iqm:qpu:emerald,ONLINE,
2026-08-26T03:03:59+00:00,openquantum:iqm:qpu:garnet,ONLINE,
2026-08-26T03:03:59+00:00,openquantum:rigetti:qpu:cepheus-1-108q,ONLINE,
2026-08-26T04:24:19+00:00,ibm:ibm:qpu:marrakesh,ONLINE,
2026-08-26T04:24:19+00:00,ibm:ibm:qpu:pittsburgh,ONLINE,
2026-08-26T04:24:19+00:00,aws:iqm:qpu:emerald,UNAVAILABLE,
2026-08-26T04:24:19+00:00,azure:ionq:qpu:forte-1,OFFLINE,
2026-08-26T04:24:19+00:00,ibm:ibm:qpu:kingston,ONLINE,
2026-08-26T04:24:19+00:00,ionq:ionq:qpu:forte-1,UNAVAILABLE,
2026-08-26T04:24:19+00:00,azure:rigetti:qpu:cepheus-1-36q,OFFLINE,
2026-08-26T04:24:19+00:00,ibm:ibm:qpu:miami,ONLINE,
2026-08-26T04:24:19+00:00,aws:aqt:qpu:ibex-q1,UNAVAILABLE,
2026-08-26T04:24:19+00:00,aws:quera:qpu:aquila,UNAVAILABLE,
2026-08-26T04:24:19+00:00,azure:pasqal:qpu:fresnel,OFFLINE,
2026-08-26T04:24:19+00:00,aws:ionq:qpu:forte-1,OFFLINE,
2026-08-26T04:24:19+00:00,aws:iqm:qpu:garnet,ONLINE,
2026-08-26T04:24:19+00:00,ibm:ibm:qpu:boston,ONLINE,
2026-08-26T04:24:19+00:00,aws:ionq:qpu:forte-enterprise-1,ONLINE,
2026-08-26T04:24:19+00:00,ibm:ibm:qpu:fez,ONLINE,
2026-08-26T04:24:19+00:00,azure:ionq:qpu:forte-enterprise-1,OFFLINE,
2026-08-26T04:24:19+00:00,rigetti:rigetti:qpu:cepheus-1-108q,ONLINE,
2026-08-26T04:24:19+00:00,aws:rigetti:qpu:cepheus-1-108q,ONLINE,
2026-08-26T04:24:19+00:00,openquantum:aqt:qpu:ibex-q1,ONLINE,
2026-08-26T04:24:19+00:00,openquantum:ionq:qpu:forte-1,ONLINE,
2026-08-26T04:24:19+00:00,openquantum:ionq:qpu:forte-enterprise,ONLINE,
2026-08-26T04:24:19+00:00,openquantum:iqm:qpu:emerald,ONLINE,
2026-08-26T04:24:19+00:00,openquantum:iqm:qpu:garnet,ONLINE,
2026-08-26T04:24:19+00:00,openquantum:rigetti:qpu:cepheus-1-108q,ONLINE,
2026-08-26T05:16:18+00:00,ibm:ibm:qpu:marrakesh,ONLINE,
2026-08-26T05:16:18+00:00,ibm:ibm:qpu:pittsburgh,ONLINE,
2026-08-26T05:16:18+00:00,aws:iqm:qpu:emerald,UNAVAILABLE,
2026-08-26T05:16:18+00:00,azure:ionq:qpu:forte-1,OFFLINE,
2026-08-26T05:16:18+00:00,ibm:ibm:qpu:kingston,ONLINE,
2026-08-26T05:16:18+00:00,ionq:ionq:qpu:forte-1,UNAVAILABLE,
2026-08-26T05:16:18+00:00,azure:rigetti:qpu:cepheus-1-36q,OFFLINE,
2026-08-26T05:16:18+00:00,ibm:ibm:qpu:miami,ONLINE,
2026-08-26T05:16:18+00:00,aws:aqt:qpu:ibex-q1,UNAVAILABLE,
2026-08-26T05:16:18+00:00,aws:quera:qpu:aquila,UNAVAILABLE,
2026-08-26T05:16:18+00:00,azure:pasqal:qpu:fresnel,OFFLINE,
2026-08-26T05:16:18+00:00,aws:ionq:qpu:forte-1,OFFLINE,
2026-08-26T05:16:18+00:00,aws:iqm:qpu:garnet,ONLINE,
2026-08-26T05:16:18+00:00,ibm:ibm:qpu:boston,ONLINE,
2026-08-26T05:16:18+00:00,aws:ionq:qpu:forte-enterprise-1,ONLINE,
2026-08-26T05:16:18+00:00,ibm:ibm:qpu:fez,ONLINE,
2026-08-26T05:16:18+00:00,azure:ionq:qpu:forte-enterprise-1,OFFLINE,
2026-08-26T05:16:18+00:00,rigetti:rigetti:qpu:cepheus-1-108q,ONLINE,
2026-08-26T05:16:18+00:00,aws:rigetti:qpu:cepheus-1-108q,ONLINE,
2026-08-26T05:16:18+00:00,openquantum:aqt:qpu:ibex-q1,ONLINE,
2026-08-26T05:16:18+00:00,openquantum:ionq:qpu:forte-1,ONLINE,
2026-08-26T05:16:18+00:00,openquantum:ionq:qpu:forte-enterprise,ONLINE,
2026-08-26T05:16:18+00:00,openquantum:iqm:qpu:emerald,ONLINE,
2026-08-26T05:16:18+00:00,openquantum:iqm:qpu:garnet,ONLINE,
2026-08-26T05:16:18+00:00,openquantum:rigetti:qpu:cepheus-1-108q,ONLINE,
2026-08-26T06:05:33+00:00,ibm:ibm:qpu:marrakesh,ONLINE,
2026-08-26T06:05:33+00:00,ibm:ibm:qpu:pittsburgh,ONLINE,
2026-08-26T06:05:33+00:00,aws:iqm:qpu:emerald,UNAVAILABLE,
2026-08-26T06:05:33+00:00,azure:ionq:qpu:forte-1,OFFLINE,
2026-08-26T06:05:33+00:00,ibm:ibm:qpu:kingston,ONLINE,
2026-08-26T06:05:33+00:00,ionq:ionq:qpu:forte-1,UNAVAILABLE,
2026-08-26T06:05:33+00:00,azure:rigetti:qpu:cepheus-1-36q,OFFLINE,
2026-08-26T06:05:33+00:00,ibm:ibm:qpu:miami,ONLINE,
2026-08-26T06:05:33+00:00,aws:aqt:qpu:ibex-q1,UNAVAILABLE,
2026-08-26T06:05:33+00:00,aws:quera:qpu:aquila,UNAVAILABLE,
2026-08-26T06:05:33+00:00,azure:pasqal:qpu:fresnel,OFFLINE,
2026-08-26T06:05:33+00:00,aws:ionq:qpu:forte-1,OFFLINE,
2026-08-26T06:05:33+00:00,aws:iqm:qpu:garnet,ONLINE,
2026-08-26T06:05:33+00:00,ibm:ibm:qpu:boston,ONLINE,
2026-08-26T06:05:33+00:00,aws:ionq:qpu:forte-enterprise-1,ONLINE,
2026-08-26T06:05:33+00:00,ibm:ibm:qpu:fez,ONLINE,
2026-08-26T06:05:33+00:00,azure:ionq:qpu:forte-enterprise-1,OFFLINE,
2026-08-26T06:05:33+00:00,rigetti:rigetti:qpu:cepheus-1-108q,ONLINE,
2026-08-26T06:05:33+00:00,aws:rigetti:qpu:cepheus-1-108q,ONLINE,
2026-08-26T06:05:33+00:00,openquantum:aqt:qpu:ibex-q1,ONLINE,
2026-08-26T06:05:33+00:00,openquantum:ionq:qpu:forte-1,ONLINE,
2026-08-26T06:05:33+00:00,openquantum:ionq:qpu:forte-enterprise,ONLINE,
2026-08-26T06:05:33+00:00,openquantum:iqm:qpu:emerald,ONLINE,
2026-08-26T06:05:33+00:00,openquantum:iqm:qpu:garnet,ONLINE,
2026-08-26T06:05:33+00:00,openquantum:rigetti:qpu:cepheus-1-108q,ONLINE,
2026-08-26T07:32:16+00:00,ibm:ibm:qpu:marrakesh,ONLINE,
2026-08-26T07:32:16+00:00,ibm:ibm:qpu:pittsburgh,ONLINE,
2026-08-26T07:32:16+00:00,aws:iqm:qpu:emerald,ONLINE,
2026-08-26T07:32:16+00:00,azure:ionq:qpu:forte-1,OFFLINE,
2026-08-26T07:32:16+00:00,ibm:ibm:qpu:kingston,ONLINE,
2026-08-26T07:32:16+00:00,ionq:ionq:qpu:forte-1,UNAVAILABLE,
2026-08-26T07:32:16+00:00,azure:rigetti:qpu:cepheus-1-36q,OFFLINE,
2026-08-26T07:32:16+00:00,ibm:ibm:qpu:miami,ONLINE,
2026-08-26T07:32:16+00:00,aws:aqt:qpu:ibex-q1,UNAVAILABLE,
2026-08-26T07:32:16+00:00,aws:quera:qpu:aquila,UNAVAILABLE,
2026-08-26T07:32:16+00:00,azure:pasqal:qpu:fresnel,OFFLINE,
2026-08-26T07:32:16+00:00,aws:ionq:qpu:forte-1,OFFLINE,
2026-08-26T07:32:16+00:00,aws:iqm:qpu:garnet,ONLINE,
2026-08-26T07:32:16+00:00,ibm:ibm:qpu:boston,ONLINE,
2026-08-26T07:32:16+00:00,aws:ionq:qpu:forte-enterprise-1,ONLINE,
2026-08-26T07:32:16+00:00,ibm:ibm:qpu:fez,ONLINE,
2026-08-26T07:32:16+00:00,azure:ionq:qpu:forte-enterprise-1,OFFLINE,
2026-08-26T07:32:16+00:00,rigetti:rigetti:qpu:cepheus-1-108q,ONLINE,
2026-08-26T07:32:16+00:00,aws:rigetti:qpu:cepheus-1-108q,UNAVAILABLE,
2026-08-26T07:32:16+00:00,openquantum:aqt:qpu:ibex-q1,ONLINE,
2026-08-26T07:32:16+00:00,openquantum:ionq:qpu:forte-1,ONLINE,
2026-08-26T07:32:16+00:00,openquantum:ionq:qpu:forte-enterprise,ONLINE,
2026-08-26T07:32:16+00:00,openquantum:iqm:qpu:emerald,ONLINE,
2026-08-26T07:32:16+00:00,openquantum:iqm:qpu:garnet,ONLINE,
2026-08-26T07:32:16+00:00,openquantum:rigetti:qpu:cepheus-1-108q,ONLINE,
2026-08-26T08:24:07+00:00,ibm:ibm:qpu:marrakesh,ONLINE,
2026-08-26T08:24:07+00:00,ibm:ibm:qpu:pittsburgh,ONLINE,
2026-08-26T08:24:07+00:00,aws:iqm:qpu:emerald,ONLINE,
2026-08-26T08:24:07+00:00,azure:ionq:qpu:forte-1,OFFLINE,
2026-08-26T08:24:07+00:00,ibm:ibm:qpu:kingston,ONLINE,
2026-08-26T08:24:07+00:00,ionq:ionq:qpu:forte-1,UNAVAILABLE,
2026-08-26T08:24:07+00:00,azure:rigetti:qpu:cepheus-1-36q,OFFLINE,
2026-08-26T08:24:07+00:00,ibm:ibm:qpu:miami,ONLINE,
2026-08-26T08:24:07+00:00,aws:aqt:qpu:ibex-q1,ONLINE,
2026-08-26T08:24:07+00:00,aws:quera:qpu:aquila,UNAVAILABLE,
2026-08-26T08:24:07+00:00,azure:pasqal:qpu:fresnel,OFFLINE,
2026-08-26T08:24:07+00:00,aws:ionq:qpu:forte-1,OFFLINE,
2026-08-26T08:24:07+00:00,aws:iqm:qpu:garnet,ONLINE,
2026-08-26T08:24:07+00:00,ibm:ibm:qpu:boston,ONLINE,
2026-08-26T08:24:07+00:00,aws:ionq:qpu:forte-enterprise-1,ONLINE,
2026-08-26T08:24:07+00:00,ibm:ibm:qpu:fez,ONLINE,
2026-08-26T08:24:07+00:00,azure:ionq:qpu:forte-enterprise-1,OFFLINE,
2026-08-26T08:24:07+00:00,rigetti:rigetti:qpu:cepheus-1-108q,ONLINE,
2026-08-26T08:24:07+00:00,aws:rigetti:qpu:cepheus-1-108q,UNAVAILABLE,
2026-08-26T08:24:07+00:00,openquantum:aqt:qpu:ibex-q1,ONLINE,
2026-08-26T08:24:07+00:00,openquantum:ionq:qpu:forte-1,ONLINE,
2026-08-26T08:24:07+00:00,openquantum:ionq:qpu:forte-enterprise,ONLINE,
2026-08-26T08:24:07+00:00,openquantum:iqm:qpu:emerald,ONLINE,
2026-08-26T08:24:07+00:00,openquantum:iqm:qpu:garnet,ONLINE,
2026-08-26T08:24:07+00:00,openquantum:rigetti:qpu:cepheus-1-108q,ONLINE,
2026-08-26T09:24:42+00:00,ibm:ibm:qpu:marrakesh,ONLINE,
2026-08-26T09:24:42+00:00,ibm:ibm:qpu:pittsburgh,ONLINE,
2026-08-26T09:24:42+00:00,aws:iqm:qpu:emerald,ONLINE,
2026-08-26T09:24:42+00:00,azure:ionq:qpu:forte-1,OFFLINE,
2026-08-26T09:24:42+00:00,ibm:ibm:qpu:kingston,ONLINE,
2026-08-26T09:24:42+00:00,ionq:ionq:qpu:forte-1,UNAVAILABLE,
2026-08-26T09:24:42+00:00,azure:rigetti:qpu:cepheus-1-36q,OFFLINE,
2026-08-26T09:24:42+00:00,ibm:ibm:qpu:miami,ONLINE,
2026-08-26T09:24:42+00:00,aws:aqt:qpu:ibex-q1,ONLINE,
2026-08-26T09:24:42+00:00,aws:quera:qpu:aquila,UNAVAILABLE,
2026-08-26T09:24:42+00:00,azure:pasqal:qpu:fresnel,OFFLINE,
2026-08-26T09:24:42+00:00,aws:ionq:qpu:forte-1,OFFLINE,
2026-08-26T09:24:42+00:00,aws:iqm:qpu:garnet,ONLINE,
2026-08-26T09:24:42+00:00,ibm:ibm:qpu:boston,ONLINE,
2026-08-26T09:24:42+00:00,aws:ionq:qpu:forte-enterprise-1,ONLINE,
2026-08-26T09:24:42+00:00,ibm:ibm:qpu:fez,ONLINE,
2026-08-26T09:24:42+00:00,azure:ionq:qpu:forte-enterprise-1,OFFLINE,
2026-08-26T09:24:42+00:00,rigetti:rigetti:qpu:cepheus-1-108q,ONLINE,
2026-08-26T09:24:42+00:00,aws:rigetti:qpu:cepheus-1-108q,ONLINE,
2026-08-26T09:24:42+00:00,openquantum:aqt:qpu:ibex-q1,ONLINE,
2026-08-26T09:24:42+00:00,openquantum:ionq:qpu:forte-1,ONLINE,
2026-08-26T09:24:42+00:00,openquantum:ionq:qpu:forte-enterprise,ONLINE,
2026-08-26T09:24:42+00:00,openquantum:iqm:qpu:emerald,ONLINE,
2026-08-26T09:24:42+00:00,openquantum:iqm:qpu:garnet,ONLINE,
2026-08-26T09:24:42+00:00,openquantum:rigetti:qpu:cepheus-1-108q,ONLINE,
2026-08-26T10:18:09+00:00,ibm:ibm:qpu:marrakesh,ONLINE,
2026-08-26T10:18:09+00:00,ibm:ibm:qpu:pittsburgh,ONLINE,
2026-08-26T10:18:09+00:00,aws:iqm:qpu:emerald,ONLINE,
2026-08-26T10:18:09+00:00,azure:ionq:qpu:forte-1,OFFLINE,
2026-08-26T10:18:09+00:00,ibm:ibm:qpu:kingston,ONLINE,
2026-08-26T10:18:09+00:00,ionq:ionq:qpu:forte-1,UNAVAILABLE,
2026-08-26T10:18:09+00:00,azure:rigetti:qpu:cepheus-1-36q,OFFLINE,
2026-08-26T10:18:09+00:00,ibm:ibm:qpu:miami,ONLINE,
2026-08-26T10:18:09+00:00,aws:aqt:qpu:ibex-q1,ONLINE,
2026-08-26T10:18:09+00:00,aws:quera:qpu:aquila,UNAVAILABLE,
2026-08-26T10:18:09+00:00,azure:pasqal:qpu:fresnel,OFFLINE,
2026-08-26T10:18:09+00:00,aws:ionq:qpu:forte-1,OFFLINE,
2026-08-26T10:18:09+00:00,aws:iqm:qpu:garnet,ONLINE,
2026-08-26T10:18:09+00:00,ibm:ibm:qpu:boston,ONLINE,
2026-08-26T10:18:09+00:00,aws:ionq:qpu:forte-enterprise-1,ONLINE,
2026-08-26T10:18:09+00:00,ibm:ibm:qpu:fez,ONLINE,
2026-08-26T10:18:09+00:00,azure:ionq:qpu:forte-enterprise-1,OFFLINE,
2026-08-26T10:18:09+00:00,rigetti:rigetti:qpu:cepheus-1-108q,ONLINE,
2026-08-26T10:18:09+00:00,aws:rigetti:qpu:cepheus-1-108q,ONLINE,
2026-08-26T10:18:09+00:00,openquantum:aqt:qpu:ibex-q1,ONLINE,
2026-08-26T10:18:09+00:00,openquantum:ionq:qpu:forte-1,ONLINE,
2026-08-26T10:18:09+00:00,openquantum:ionq:qpu:forte-enterprise,ONLINE,
2026-08-26T10:18:09+00:00,openquantum:iqm:qpu:emerald,ONLINE,
2026-08-26T10:18:09+00:00,openquantum:iqm:qpu:garnet,ONLINE,
2026-08-26T10:18:09+00:00,openquantum:rigetti:qpu:cepheus-1-108q,ONLINE,
2026-08-26T11:10:40+00:00,ibm:ibm:qpu:marrakesh,ONLINE,
2026-08-26T11:10:40+00:00,ibm:ibm:qpu:pittsburgh,ONLINE,
2026-08-26T11:10:40+00:00,aws:iqm:qpu:emerald,ONLINE,
2026-08-26T11:10:40+00:00,azure:ionq:qpu:forte-1,OFFLINE,
2026-08-26T11:10:40+00:00,ibm:ibm:qpu:kingston,ONLINE,
2026-08-26T11:10:40+00:00,ionq:ionq:qpu:forte-1,UNAVAILABLE,
2026-08-26T11:10:40+00:00,azure:rigetti:qpu:cepheus-1-36q,OFFLINE,
2026-08-26T11:10:40+00:00,ibm:ibm:qpu:miami,ONLINE,
2026-08-26T11:10:40+00:00,aws:aqt:qpu:ibex-q1,ONLINE,
2026-08-26T11:10:40+00:00,aws:quera:qpu:aquila,UNAVAILABLE,
2026-08-26T11:10:40+00:00,azure:pasqal:qpu:fresnel,OFFLINE,
2026-08-26T11:10:40+00:00,aws:ionq:qpu:forte-1,OFFLINE,
2026-08-26T11:10:40+00:00,aws:iqm:qpu:garnet,ONLINE,
2026-08-26T11:10:40+00:00,ibm:ibm:qpu:boston,ONLINE,
2026-08-26T11:10:40+00:00,aws:ionq:qpu:forte-enterprise-1,ONLINE,
2026-08-26T11:10:40+00:00,ibm:ibm:qpu:fez,ONLINE,
2026-08-26T11:10:40+00:00,azure:ionq:qpu:forte-enterprise-1,OFFLINE,
2026-08-26T11:10:40+00:00,rigetti:rigetti:qpu:cepheus-1-108q,ONLINE,
2026-08-26T11:10:40+00:00,aws:rigetti:qpu:cepheus-1-108q,ONLINE,
2026-08-26T11:10:40+00:00,openquantum:aqt:qpu:ibex-q1,ONLINE,
2026-08-26T11:10:40+00:00,openquantum:ionq:qpu:forte-1,ONLINE,
2026-08-26T11:10:40+00:00,openquantum:ionq:qpu:forte-enterprise,ONLINE,
2026-08-26T11:10:40+00:00,openquantum:iqm:qpu:emerald,ONLINE,
2026-08-26T11:10:40+00:00,openquantum:iqm:qpu:garnet,ONLINE,
2026-08-26T11:10:40+00:00,openquantum:rigetti:qpu:cepheus-1-108q,ONLINE,
2026-08-26T12:03:22+00:00,ibm:ibm:qpu:marrakesh,ONLINE,
2026-08-26T12:03:22+00:00,ibm:ibm:qpu:pittsburgh,ONLINE,
2026-08-26T12:03:22+00:00,aws:iqm:qpu:emerald,ONLINE,
2026-08-26T12:03:22+00:00,azure:ionq:qpu:forte-1,OFFLINE,
2026-08-26T12:03:22+00:00,ibm:ibm:qpu:kingston,ONLINE,
2026-08-26T12:03:22+00:00,ionq:ionq:qpu:forte-1,UNAVAILABLE,
2026-08-26T12:03:22+00:00,azure:rigetti:qpu:cepheus-1-36q,OFFLINE,
2026-08-26T12:03:22+00:00,ibm:ibm:qpu:miami,ONLINE,
2026-08-26T12:03:22+00:00,aws:aqt:qpu:ibex-q1,ONLINE,
2026-08-26T12:03:22+00:00,aws:quera:qpu:aquila,UNAVAILABLE,
2026-08-26T12:03:22+00:00,azure:pasqal:qpu:fresnel,OFFLINE,
2026-08-26T12:03:22+00:00,aws:ionq:qpu:forte-1,OFFLINE,
2026-08-26T12:03:22+00:00,aws:iqm:qpu:garnet,ONLINE,
2026-08-26T12:03:22+00:00,ibm:ibm:qpu:boston,ONLINE,
2026-08-26T12:03:22+00:00,aws:ionq:qpu:forte-enterprise-1,ONLINE,
2026-08-26T12:03:22+00:00,ibm:ibm:qpu:fez,ONLINE,
2026-08-26T12:03:22+00:00,azure:ionq:qpu:forte-enterprise-1,OFFLINE,
2026-08-26T12:03:22+00:00,rigetti:rigetti:qpu:cepheus-1-108q,ONLINE,
2026-08-26T12:03:22+00:00,aws:rigetti:qpu:cepheus-1-108q,ONLINE,
2026-08-26T12:03:22+00:00,openquantum:aqt:qpu:ibex-q1,ONLINE,
2026-08-26T12:03:22+00:00,openquantum:ionq:qpu:forte-1,ONLINE,
2026-08-26T12:03:22+00:00,openquantum:ionq:qpu:forte-enterprise,ONLINE,
2026-08-26T12:03:22+00:00,openquantum:iqm:qpu:emerald,ONLINE,
2026-08-26T12:03:22+00:00,openquantum:iqm:qpu:garnet,ONLINE,
2026-08-26T12:03:22+00:00,openquantum:rigetti:qpu:cepheus-1-108q,ONLINE,
2026-08-26T13:40:08+00:00,ibm:ibm:qpu:marrakesh,ONLINE,
2026-08-26T13:40:08+00:00,ibm:ibm:qpu:pittsburgh,ONLINE,
2026-08-26T13:40:08+00:00,aws:iqm:qpu:emerald,ONLINE,
2026-08-26T13:40:08+00:00,azure:ionq:qpu:forte-1,OFFLINE,
2026-08-26T13:40:08+00:00,ibm:ibm:qpu:kingston,ONLINE,
2026-08-26T13:40:08+00:00,ionq:ionq:qpu:forte-1,UNAVAILABLE,
2026-08-26T13:40:08+00:00,azure:rigetti:qpu:cepheus-1-36q,OFFLINE,
2026-08-26T13:40:08+00:00,ibm:ibm:qpu:miami,ONLINE,
2026-08-26T13:40:08+00:00,aws:aqt:qpu:ibex-q1,ONLINE,
2026-08-26T13:40:08+00:00,aws:quera:qpu:aquila,UNAVAILABLE,
2026-08-26T13:40:08+00:00,azure:pasqal:qpu:fresnel,OFFLINE,
2026-08-26T13:40:08+00:00,aws:ionq:qpu:forte-1,OFFLINE,
2026-08-26T13:40:08+00:00,aws:iqm:qpu:garnet,ONLINE,
2026-08-26T13:40:08+00:00,ibm:ibm:qpu:boston,ONLINE,
2026-08-26T13:40:08+00:00,aws:ionq:qpu:forte-enterprise-1,ONLINE,
2026-08-26T13:40:08+00:00,ibm:ibm:qpu:fez,ONLINE,
2026-08-26T13:40:08+00:00,azure:ionq:qpu:forte-enterprise-1,OFFLINE,
2026-08-26T13:40:08+00:00,rigetti:rigetti:qpu:cepheus-1-108q,ONLINE,
2026-08-26T13:40:08+00:00,aws:rigetti:qpu:cepheus-1-108q,ONLINE,
2026-08-26T13:40:08+00:00,openquantum:aqt:qpu:ibex-q1,ONLINE,
2026-08-26T13:40:08+00:00,openquantum:ionq:qpu:forte-1,ONLINE,
2026-08-26T13:40:08+00:00,openquantum:ionq:qpu:forte-enterprise,ONLINE,
2026-08-26T13:40:08+00:00,openquantum:iqm:qpu:emerald,ONLINE,
2026-08-26T13:40:08+00:00,openquantum:iqm:qpu:garnet,ONLINE,
2026-08-26T13:40:08+00:00,openquantum:rigetti:qpu:cepheus-1-108q,ONLINE,
2026-08-26T14:26:39+00:00,ibm:ibm:qpu:marrakesh,ONLINE,
2026-08-26T14:26:39+00:00,ibm:ibm:qpu:pittsburgh,ONLINE,
2026-08-26T14:26:39+00:00,aws:iqm:qpu:emerald,ONLINE,
2026-08-26T14:26:39+00:00,azure:ionq:qpu:forte-1,OFFLINE,
2026-08-26T14:26:39+00:00,ibm:ibm:qpu:kingston,ONLINE,
2026-08-26T14:26:39+00:00,ionq:ionq:qpu:forte-1,UNAVAILABLE,
2026-08-26T14:26:39+00:00,azure:rigetti:qpu:cepheus-1-36q,OFFLINE,
2026-08-26T14:26:39+00:00,ibm:ibm:qpu:miami,ONLINE,
2026-08-26T14:26:39+00:00,aws:aqt:qpu:ibex-q1,ONLINE,
2026-08-26T14:26:39+00:00,aws:quera:qpu:aquila,UNAVAILABLE,
2026-08-26T14:26:39+00:00,azure:pasqal:qpu:fresnel,OFFLINE,
2026-08-26T14:26:39+00:00,aws:ionq:qpu:forte-1,OFFLINE,
2026-08-26T14:26:39+00:00,aws:iqm:qpu:garnet,ONLINE,
2026-08-26T14:26:39+00:00,ibm:ibm:qpu:boston,ONLINE,
2026-08-26T14:26:39+00:00,aws:ionq:qpu:forte-enterprise-1,ONLINE,
2026-08-26T14:26:39+00:00,ibm:ibm:qpu:fez,ONLINE,
2026-08-26T14:26:39+00:00,azure:ionq:qpu:forte-enterprise-1,OFFLINE,
2026-08-26T14:26:39+00:00,rigetti:rigetti:qpu:cepheus-1-108q,ONLINE,
2026-08-26T14:26:39+00:00,aws:rigetti:qpu:cepheus-1-108q,ONLINE,
2026-08-26T14:26:39+00:00,openquantum:aqt:qpu:ibex-q1,ONLINE,
2026-08-26T14:26:39+00:00,openquantum:ionq:qpu:forte-1,ONLINE,
2026-08-26T14:26:39+00:00,openquantum:ionq:qpu:forte-enterprise,ONLINE,
2026-08-26T14:26:39+00:00,openquantum:iqm:qpu:emerald,ONLINE,
2026-08-26T14:26:39+00:00,openquantum:iqm:qpu:garnet,ONLINE,
2026-08-26T14:26:39+00:00,openquantum:rigetti:qpu:cepheus-1-108q,ONLINE,
2026-08-26T16:05:03+00:00,ibm:ibm:qpu:marrakesh,UNAVAILABLE,
2026-08-26T16:05:03+00:00,ibm:ibm:qpu:pittsburgh,ONLINE,
2026-08-26T16:05:03+00:00,aws:iqm:qpu:emerald,ONLINE,
2026-08-26T16:05:03+00:00,azure:ionq:qpu:forte-1,OFFLINE,
2026-08-26T16:05:03+00:00,ibm:ibm:qpu:kingston,ONLINE,
2026-08-26T16:05:03+00:00,ionq:ionq:qpu:forte-1,UNAVAILABLE,
2026-08-26T16:05:03+00:00,azure:rigetti:qpu:cepheus-1-36q,OFFLINE,
2026-08-26T16:05:03+00:00,ibm:ibm:qpu:miami,ONLINE,
2026-08-26T16:05:03+00:00,aws:aqt:qpu:ibex-q1,UNAVAILABLE,
2026-08-26T16:05:03+00:00,aws:quera:qpu:aquila,UNAVAILABLE,
2026-08-26T16:05:03+00:00,azure:pasqal:qpu:fresnel,OFFLINE,
2026-08-26T16:05:03+00:00,aws:ionq:qpu:forte-1,OFFLINE,
2026-08-26T16:05:03+00:00,aws:iqm:qpu:garnet,UNAVAILABLE,
2026-08-26T16:05:03+00:00,ibm:ibm:qpu:boston,ONLINE,
2026-08-26T16:05:03+00:00,aws:ionq:qpu:forte-enterprise-1,ONLINE,
2026-08-26T16:05:03+00:00,ibm:ibm:qpu:fez,ONLINE,
2026-08-26T16:05:03+00:00,azure:ionq:qpu:forte-enterprise-1,OFFLINE,
2026-08-26T16:05:03+00:00,rigetti:rigetti:qpu:cepheus-1-108q,ONLINE,
2026-08-26T16:05:03+00:00,aws:rigetti:qpu:cepheus-1-108q,ONLINE,
2026-08-26T16:05:03+00:00,openquantum:aqt:qpu:ibex-q1,ONLINE,
2026-08-26T16:05:03+00:00,openquantum:ionq:qpu:forte-1,ONLINE,
2026-08-26T16:05:03+00:00,openquantum:ionq:qpu:forte-enterprise,ONLINE,
2026-08-26T16:05:03+00:00,openquantum:iqm:qpu:emerald,ONLINE,
2026-08-26T16:05:03+00:00,openquantum:iqm:qpu:garnet,ONLINE,
2026-08-26T16:05:03+00:00,openquantum:rigetti:qpu:cepheus-1-108q,ONLINE,
2026-08-26T18:24:30+00:00,ibm:ibm:qpu:marrakesh,ONLINE,
2026-08-26T18:24:30+00:00,ibm:ibm:qpu:pittsburgh,ONLINE,
2026-08-26T18:24:30+00:00,aws:iqm:qpu:emerald,ONLINE,
2026-08-26T18:24:30+00:00,azure:ionq:qpu:forte-1,OFFLINE,
2026-08-26T18:24:30+00:00,ibm:ibm:qpu:kingston,ONLINE,
2026-08-26T18:24:30+00:00,ionq:ionq:qpu:forte-1,UNAVAILABLE,
2026-08-26T18:24:30+00:00,azure:rigetti:qpu:cepheus-1-36q,OFFLINE,
2026-08-26T18:24:30+00:00,ibm:ibm:qpu:miami,ONLINE,
2026-08-26T18:24:30+00:00,aws:aqt:qpu:ibex-q1,UNAVAILABLE,
2026-08-26T18:24:30+00:00,aws:quera:qpu:aquila,UNAVAILABLE,
2026-08-26T18:24:30+00:00,azure:pasqal:qpu:fresnel,OFFLINE,
2026-08-26T18:24:30+00:00,aws:ionq:qpu:forte-1,OFFLINE,
2026-08-26T18:24:30+00:00,aws:iqm:qpu:garnet,ONLINE,
2026-08-26T18:24:30+00:00,ibm:ibm:qpu:boston,ONLINE,
2026-08-26T18:24:30+00:00,aws:ionq:qpu:forte-enterprise-1,ONLINE,
2026-08-26T18:24:30+00:00,ibm:ibm:qpu:fez,ONLINE,
2026-08-26T18:24:30+00:00,azure:ionq:qpu:forte-enterprise-1,OFFLINE,
2026-08-26T18:24:30+00:00,rigetti:rigetti:qpu:cepheus-1-108q,ONLINE,
2026-08-26T18:24:30+00:00,aws:rigetti:qpu:cepheus-1-108q,ONLINE,
2026-08-26T18:24:30+00:00,openquantum:aqt:qpu:ibex-q1,ONLINE,
2026-08-26T18:24:30+00:00,openquantum:ionq:qpu:forte-1,ONLINE,
2026-08-26T18:24:30+00:00,openquantum:ionq:qpu:forte-enterprise,ONLINE,
2026-08-26T18:24:30+00:00,openquantum:iqm:qpu:emerald,ONLINE,
2026-08-26T18:24:30+00:00,openquantum:iqm:qpu:garnet,ONLINE,
2026-08-26T18:24:30+00:00,openquantum:rigetti:qpu:cepheus-1-108q,ONLINE,
2026-08-26T21:14:15+00:00,ibm:ibm:qpu:marrakesh,ONLINE,
2026-08-26T21:14:15+00:00,ibm:ibm:qpu:pittsburgh,ONLINE,
2026-08-26T21:14:15+00:00,aws:iqm:qpu:emerald,ONLINE,
2026-08-26T21:14:15+00:00,azure:ionq:qpu:forte-1,OFFLINE,
2026-08-26T21:14:15+00:00,ibm:ibm:qpu:kingston,ONLINE,
2026-08-26T21:14:15+00:00,ionq:ionq:qpu:forte-1,UNAVAILABLE,
2026-08-26T21:14:15+00:00,azure:rigetti:qpu:cepheus-1-36q,OFFLINE,
2026-08-26T21:14:15+00:00,ibm:ibm:qpu:miami,ONLINE,
2026-08-26T21:14:15+00:00,aws:aqt:qpu:ibex-q1,UNAVAILABLE,
2026-08-26T21:14:15+00:00,aws:quera:qpu:aquila,UNAVAILABLE,
2026-08-26T21:14:15+00:00,azure:pasqal:qpu:fresnel,OFFLINE,
2026-08-26T21:14:15+00:00,aws:ionq:qpu:forte-1,OFFLINE,
2026-08-26T21:14:15+00:00,aws:iqm:qpu:garnet,ONLINE,
2026-08-26T21:14:15+00:00,ibm:ibm:qpu:boston,ONLINE,
2026-08-26T21:14:15+00:00,aws:ionq:qpu:forte-enterprise-1,ONLINE,
2026-08-26T21:14:15+00:00,ibm:ibm:qpu:fez,ONLINE,
2026-08-26T21:14:15+00:00,azure:ionq:qpu:forte-enterprise-1,OFFLINE,
2026-08-26T21:14:15+00:00,rigetti:rigetti:qpu:cepheus-1-108q,ONLINE,
2026-08-26T21:14:15+00:00,aws:rigetti:qpu:cepheus-1-108q,ONLINE,
2026-08-26T21:14:15+00:00,openquantum:aqt:qpu:ibex-q1,ONLINE,
2026-08-26T21:14:15+00:00,openquantum:ionq:qpu:forte-1,ONLINE,
2026-08-26T21:14:15+00:00,openquantum:ionq:qpu:forte-enterprise,ONLINE,
2026-08-26T21:14:15+00:00,openquantum:iqm:qpu:emerald,ONLINE,
2026-08-26T21:14:15+00:00,openquantum:iqm:qpu:garnet,ONLINE,
2026-08-26T21:14:15+00:00,openquantum:rigetti:qpu:cepheus-1-108q,ONLINE,
2026-08-27T01:04:42+00:00,ibm:ibm:qpu:marrakesh,ONLINE,
2026-08-27T01:04:42+00:00,ibm:ibm:qpu:pittsburgh,ONLINE,
2026-08-27T01:04:42+00:00,aws:iqm:qpu:emerald,ONLINE,
2026-08-27T01:04:42+00:00,azure:ionq:qpu:forte-1,OFFLINE,
2026-08-27T01:04:42+00:00,ibm:ibm:qpu:kingston,ONLINE,
2026-08-27T01:04:42+00:00,ionq:ionq:qpu:forte-1,UNAVAILABLE,
2026-08-27T01:04:42+00:00,azure:rigetti:qpu:cepheus-1-36q,OFFLINE,
2026-08-27T01:04:42+00:00,ibm:ibm:qpu:miami,ONLINE,
2026-08-27T01:04:42+00:00,aws:aqt:qpu:ibex-q1,UNAVAILABLE,
2026-08-27T01:04:42+00:00,aws:quera:qpu:aquila,UNAVAILABLE,
2026-08-27T01:04:42+00:00,azure:pasqal:qpu:fresnel,OFFLINE,
2026-08-27T01:04:42+00:00,aws:ionq:qpu:forte-1,OFFLINE,
2026-08-27T01:04:42+00:00,aws:iqm:qpu:garnet,ONLINE,
2026-08-27T01:04:42+00:00,ibm:ibm:qpu:boston,ONLINE,
2026-08-27T01:04:42+00:00,aws:ionq:qpu:forte-enterprise-1,ONLINE,
2026-08-27T01:04:42+00:00,ibm:ibm:qpu:fez,ONLINE,
2026-08-27T01:04:42+00:00,azure:ionq:qpu:forte-enterprise-1,OFFLINE,
2026-08-27T01:04:42+00:00,rigetti:rigetti:qpu:cepheus-1-108q,ONLINE,
2026-08-27T01:04:42+00:00,aws:rigetti:qpu:cepheus-1-108q,ONLINE,
2026-08-27T01:04:42+00:00,openquantum:aqt:qpu:ibex-q1,ONLINE,
2026-08-27T01:04:42+00:00,openquantum:ionq:qpu:forte-1,ONLINE,
2026-08-27T01:04:42+00:00,openquantum:ionq:qpu:forte-enterprise,ONLINE,
2026-08-27T01:04:42+00:00,openquantum:iqm:qpu:emerald,ONLINE,
2026-08-27T01:04:42+00:00,openquantum:iqm:qpu:garnet,ONLINE,
2026-08-27T01:04:42+00:00,openquantum:rigetti:qpu:cepheus-1-108q,ONLINE,
2026-08-27T12:01:23+00:00,ibm:ibm:qpu:marrakesh,ONLINE,
2026-08-27T12:01:23+00:00,ibm:ibm:qpu:pittsburgh,ONLINE,
2026-08-27T12:01:23+00:00,aws:iqm:qpu:emerald,ONLINE,
2026-08-27T12:01:23+00:00,azure:ionq:qpu:forte-1,OFFLINE,
2026-08-27T12:01:23+00:00,ibm:ibm:qpu:kingston,ONLINE,
2026-08-27T12:01:23+00:00,ionq:ionq:qpu:forte-1,UNAVAILABLE,
2026-08-27T12:01:23+00:00,azure:rigetti:qpu:cepheus-1-36q,OFFLINE,
2026-08-27T12:01:23+00:00,ibm:ibm:qpu:miami,ONLINE,
2026-08-27T12:01:23+00:00,aws:aqt:qpu:ibex-q1,UNAVAILABLE,
2026-08-27T12:01:23+00:00,aws:quera:qpu:aquila,UNAVAILABLE,
2026-08-27T12:01:23+00:00,azure:pasqal:qpu:fresnel,OFFLINE,
2026-08-27T12:01:23+00:00,aws:ionq:qpu:forte-1,OFFLINE,
2026-08-27T12:01:23+00:00,aws:iqm:qpu:garnet,ONLINE,
2026-08-27T12:01:23+00:00,ibm:ibm:qpu:boston,ONLINE,
2026-08-27T12:01:23+00:00,aws:ionq:qpu:forte-enterprise-1,UNAVAILABLE,
2026-08-27T12:01:23+00:00,ibm:ibm:qpu:fez,ONLINE,
2026-08-27T12:01:23+00:00,azure:ionq:qpu:forte-enterprise-1,OFFLINE,
2026-08-27T12:01:23+00:00,rigetti:rigetti:qpu:cepheus-1-108q,ONLINE,
2026-08-27T12:01:23+00:00,aws:rigetti:qpu:cepheus-1-108q,ONLINE,
2026-08-27T12:01:23+00:00,openquantum:aqt:qpu:ibex-q1,ONLINE,
2026-08-27T12:01:23+00:00,openquantum:ionq:qpu:forte-1,ONLINE,
2026-08-27T12:01:23+00:00,openquantum:ionq:qpu:forte-enterprise,ONLINE,
2026-08-27T12:01:23+00:00,openquantum:iqm:qpu:emerald,ONLINE,
2026-08-27T12:01:23+00:00,openquantum:iqm:qpu:garnet,ONLINE,
2026-08-27T12:01:23+00:00,openquantum:rigetti:qpu:cepheus-1-108q,ONLINE,
2026-08-27T22:36:21+00:00,aws:aqt:qpu:ibex-q1,UNAVAILABLE,
2026-08-27T22:36:21+00:00,aws:quera:qpu:aquila,UNAVAILABLE,
2026-08-27T22:36:21+00:00,ibm:ibm:qpu:marrakesh,ONLINE,
2026-08-27T22:36:21+00:00,ibm:ibm:qpu:pittsburgh,ONLINE,
2026-08-27T22:36:21+00:00,azure:pasqal:qpu:fresnel,OFFLINE,
2026-08-27T22:36:21+00:00,aws:iqm:qpu:emerald,ONLINE,
2026-08-27T22:36:21+00:00,azure:ionq:qpu:forte-1,OFFLINE,
2026-08-27T22:36:21+00:00,ibm:ibm:qpu:kingston,ONLINE,
2026-08-27T22:36:21+00:00,aws:ionq:qpu:forte-1,OFFLINE,
2026-08-27T22:36:21+00:00,aws:ionq:qpu:forte-enterprise-1,ONLINE,
2026-08-27T22:36:21+00:00,ionq:ionq:qpu:forte-1,UNAVAILABLE,
2026-08-27T22:36:21+00:00,ibm:ibm:qpu:fez,ONLINE,
2026-08-27T22:36:21+00:00,aws:iqm:qpu:garnet,ONLINE,
2026-08-27T22:36:21+00:00,azure:rigetti:qpu:cepheus-1-36q,OFFLINE,
2026-08-27T22:36:21+00:00,azure:ionq:qpu:forte-enterprise-1,OFFLINE,
2026-08-27T22:36:21+00:00,ibm:ibm:qpu:boston,ONLINE,
2026-08-27T22:36:21+00:00,ibm:ibm:qpu:miami,ONLINE,
2026-08-27T22:36:21+00:00,rigetti:rigetti:qpu:cepheus-1-108q,ONLINE,
2026-08-27T22:36:21+00:00,aws:rigetti:qpu:cepheus-1-108q,ONLINE,
2026-08-27T22:36:21+00:00,openquantum:aqt:qpu:ibex-q1,ONLINE,
2026-08-27T22:36:21+00:00,openquantum:ionq:qpu:forte-1,ONLINE,
2026-08-27T22:36:21+00:00,openquantum:ionq:qpu:forte-enterprise,ONLINE,
2026-08-27T22:36:21+00:00,openquantum:iqm:qpu:emerald,ONLINE,
2026-08-27T22:36:21+00:00,openquantum:iqm:qpu:garnet,ONLINE,
2026-08-27T22:36:21+00:00,openquantum:rigetti:qpu:cepheus-1-108q,ONLINE,
2026-08-28T06:21:26+00:00,aws:aqt:qpu:ibex-q1,UNAVAILABLE,
2026-08-28T06:21:26+00:00,aws:quera:qpu:aquila,ONLINE,
2026-08-28T06:21:26+00:00,ibm:ibm:qpu:marrakesh,ONLINE,
2026-08-28T06:21:26+00:00,ibm:ibm:qpu:pittsburgh,ONLINE,
2026-08-28T06:21:26+00:00,azure:pasqal:qpu:fresnel,OFFLINE,
2026-08-28T06:21:26+00:00,aws:iqm:qpu:emerald,UNAVAILABLE,
2026-08-28T06:21:26+00:00,azure:ionq:qpu:forte-1,OFFLINE,
2026-08-28T06:21:26+00:00,ibm:ibm:qpu:kingston,ONLINE,
2026-08-28T06:21:26+00:00,aws:ionq:qpu:forte-1,OFFLINE,
2026-08-28T06:21:26+00:00,aws:ionq:qpu:forte-enterprise-1,ONLINE,
2026-08-28T06:21:26+00:00,ionq:ionq:qpu:forte-1,UNAVAILABLE,
2026-08-28T06:21:26+00:00,ibm:ibm:qpu:fez,ONLINE,
2026-08-28T06:21:26+00:00,aws:iqm:qpu:garnet,ONLINE,
2026-08-28T06:21:26+00:00,azure:rigetti:qpu:cepheus-1-36q,OFFLINE,
2026-08-28T06:21:26+00:00,azure:ionq:qpu:forte-enterprise-1,OFFLINE,
2026-08-28T06:21:26+00:00,ibm:ibm:qpu:boston,ONLINE,
2026-08-28T06:21:26+00:00,ibm:ibm:qpu:miami,ONLINE,
2026-08-28T06:21:26+00:00,rigetti:rigetti:qpu:cepheus-1-108q,ONLINE,
2026-08-28T06:21:26+00:00,aws:rigetti:qpu:cepheus-1-108q,ONLINE,
2026-08-28T06:21:26+00:00,openquantum:aqt:qpu:ibex-q1,ONLINE,
2026-08-28T06:21:26+00:00,openquantum:ionq:qpu:forte-1,ONLINE,
2026-08-28T06:21:26+00:00,openquantum:ionq:qpu:forte-enterprise,ONLINE,
2026-08-28T06:21:26+00:00,openquantum:iqm:qpu:emerald,ONLINE,
2026-08-28T06:21:26+00:00,openquantum:iqm:qpu:garnet,ONLINE,
2026-08-28T06:21:26+00:00,openquantum:rigetti:qpu:cepheus-1-108q,ONLINE,
2026-08-28T19:00:40+00:00,aws:aqt:qpu:ibex-q1,UNAVAILABLE,
2026-08-28T19:00:40+00:00,aws:quera:qpu:aquila,ONLINE,
2026-08-28T19:00:40+00:00,ibm:ibm:qpu:marrakesh,ONLINE,
2026-08-28T19:00:40+00:00,ibm:ibm:qpu:pittsburgh,ONLINE,
2026-08-28T19:00:40+00:00,azure:pasqal:qpu:fresnel,OFFLINE,
2026-08-28T19:00:40+00:00,aws:iqm:qpu:emerald,ONLINE,
2026-08-28T19:00:40+00:00,azure:ionq:qpu:forte-1,OFFLINE,
2026-08-28T19:00:40+00:00,ibm:ibm:qpu:kingston,ONLINE,
2026-08-28T19:00:40+00:00,aws:ionq:qpu:forte-1,OFFLINE,
2026-08-28T19:00:40+00:00,aws:ionq:qpu:forte-enterprise-1,ONLINE,
2026-08-28T19:00:40+00:00,ionq:ionq:qpu:forte-1,UNAVAILABLE,
2026-08-28T19:00:40+00:00,ibm:ibm:qpu:fez,ONLINE,
2026-08-28T19:00:40+00:00,aws:iqm:qpu:garnet,ONLINE,
2026-08-28T19:00:40+00:00,azure:rigetti:qpu:cepheus-1-36q,OFFLINE,
2026-08-28T19:00:40+00:00,azure:ionq:qpu:forte-enterprise-1,OFFLINE,
2026-08-28T19:00:40+00:00,ibm:ibm:qpu:boston,ONLINE,
2026-08-28T19:00:40+00:00,ibm:ibm:qpu:miami,ONLINE,
2026-08-28T19:00:40+00:00,rigetti:rigetti:qpu:cepheus-1-108q,ONLINE,
2026-08-28T19:00:40+00:00,aws:rigetti:qpu:cepheus-1-108q,UNAVAILABLE,
2026-08-28T19:00:40+00:00,openquantum:aqt:qpu:ibex-q1,ONLINE,
2026-08-28T19:00:40+00:00,openquantum:ionq:qpu:forte-1,ONLINE,
2026-08-28T19:00:40+00:00,openquantum:ionq:qpu:forte-enterprise,ONLINE,
2026-08-28T19:00:40+00:00,openquantum:iqm:qpu:emerald,ONLINE,
2026-08-28T19:00:40+00:00,openquantum:iqm:qpu:garnet,ONLINE,
2026-08-28T19:00:40+00:00,openquantum:rigetti:qpu:cepheus-1-108q,ONLINE,
2026-08-29T02:27:06+00:00,aws:aqt:qpu:ibex-q1,UNAVAILABLE,
2026-08-29T02:27:06+00:00,aws:quera:qpu:aquila,ONLINE,
2026-08-29T02:27:06+00:00,ibm:ibm:qpu:marrakesh,ONLINE,
2026-08-29T02:27:06+00:00,ibm:ibm:qpu:pittsburgh,ONLINE,
2026-08-29T02:27:06+00:00,azure:pasqal:qpu:fresnel,OFFLINE,
2026-08-29T02:27:06+00:00,aws:iqm:qpu:emerald,UNAVAILABLE,
2026-08-29T02:27:06+00:00,azure:ionq:qpu:forte-1,OFFLINE,
2026-08-29T02:27:06+00:00,ibm:ibm:qpu:kingston,ONLINE,
2026-08-29T02:27:06+00:00,aws:ionq:qpu:forte-1,OFFLINE,
2026-08-29T02:27:06+00:00,aws:ionq:qpu:forte-enterprise-1,ONLINE,
2026-08-29T02:27:06+00:00,ionq:ionq:qpu:forte-1,UNAVAILABLE,
2026-08-29T02:27:06+00:00,ibm:ibm:qpu:fez,ONLINE,
2026-08-29T02:27:06+00:00,aws:iqm:qpu:garnet,UNAVAILABLE,
2026-08-29T02:27:06+00:00,azure:rigetti:qpu:cepheus-1-36q,OFFLINE,
2026-08-29T02:27:06+00:00,azure:ionq:qpu:forte-enterprise-1,OFFLINE,
2026-08-29T02:27:06+00:00,ibm:ibm:qpu:boston,ONLINE,
2026-08-29T02:27:06+00:00,ibm:ibm:qpu:miami,ONLINE,
2026-08-29T02:27:06+00:00,rigetti:rigetti:qpu:cepheus-1-108q,ONLINE,
2026-08-29T02:27:06+00:00,aws:rigetti:qpu:cepheus-1-108q,ONLINE,
2026-08-29T02:27:06+00:00,openquantum:aqt:qpu:ibex-q1,ONLINE,
2026-08-29T02:27:06+00:00,openquantum:ionq:qpu:forte-1,ONLINE,
2026-08-29T02:27:06+00:00,openquantum:ionq:qpu:forte-enterprise,ONLINE,
2026-08-29T02:27:06+00:00,openquantum:iqm:qpu:emerald,ONLINE,
2026-08-29T02:27:06+00:00,openquantum:iqm:qpu:garnet,ONLINE,
2026-08-29T02:27:06+00:00,openquantum:rigetti:qpu:cepheus-1-108q,ONLINE,
2026-08-29T09:22:53+00:00,aws:aqt:qpu:ibex-q1,UNAVAILABLE,
2026-08-29T09:22:53+00:00,aws:quera:qpu:aquila,ONLINE,
2026-08-29T09:22:53+00:00,ibm:ibm:qpu:marrakesh,UNAVAILABLE,
2026-08-29T09:22:53+00:00,ibm:ibm:qpu:pittsburgh,ONLINE,
2026-08-29T09:22:53+00:00,azure:pasqal:qpu:fresnel,OFFLINE,
2026-08-29T09:22:53+00:00,aws:iqm:qpu:emerald,UNAVAILABLE,
2026-08-29T09:22:53+00:00,azure:ionq:qpu:forte-1,OFFLINE,
2026-08-29T09:22:53+00:00,ibm:ibm:qpu:kingston,ONLINE,
2026-08-29T09:22:53+00:00,aws:ionq:qpu:forte-1,OFFLINE,
2026-08-29T09:22:53+00:00,aws:ionq:qpu:forte-enterprise-1,ONLINE,
2026-08-29T09:22:53+00:00,ionq:ionq:qpu:forte-1,UNAVAILABLE,
2026-08-29T09:22:53+00:00,ibm:ibm:qpu:fez,ONLINE,
2026-08-29T09:22:53+00:00,aws:iqm:qpu:garnet,UNAVAILABLE,
2026-08-29T09:22:53+00:00,azure:rigetti:qpu:cepheus-1-36q,OFFLINE,
2026-08-29T09:22:53+00:00,azure:ionq:qpu:forte-enterprise-1,OFFLINE,
2026-08-29T09:22:53+00:00,ibm:ibm:qpu:boston,ONLINE,
2026-08-29T09:22:53+00:00,ibm:ibm:qpu:miami,ONLINE,
2026-08-29T09:22:53+00:00,rigetti:rigetti:qpu:cepheus-1-108q,ONLINE,
2026-08-29T09:22:53+00:00,aws:rigetti:qpu:cepheus-1-108q,ONLINE,
2026-08-29T09:22:53+00:00,openquantum:aqt:qpu:ibex-q1,ONLINE,
2026-08-29T09:22:53+00:00,openquantum:ionq:qpu:forte-1,ONLINE,
2026-08-29T09:22:53+00:00,openquantum:ionq:qpu:forte-enterprise,ONLINE,
2026-08-29T09:22:53+00:00,openquantum:iqm:qpu:emerald,ONLINE,
2026-08-29T09:22:53+00:00,openquantum:iqm:qpu:garnet,ONLINE,
2026-08-29T09:22:53+00:00,openquantum:rigetti:qpu:cepheus-1-108q,ONLINE,
2026-08-29T14:41:39+00:00,aws:aqt:qpu:ibex-q1,UNAVAILABLE,
2026-08-29T14:41:39+00:00,aws:quera:qpu:aquila,ONLINE,
2026-08-29T14:41:39+00:00,ibm:ibm:qpu:marrakesh,ONLINE,
2026-08-29T14:41:39+00:00,ibm:ibm:qpu:pittsburgh,ONLINE,
2026-08-29T14:41:39+00:00,azure:pasqal:qpu:fresnel,OFFLINE,
2026-08-29T14:41:39+00:00,aws:iqm:qpu:emerald,UNAVAILABLE,
2026-08-29T14:41:39+00:00,azure:ionq:qpu:forte-1,OFFLINE,
2026-08-29T14:41:39+00:00,ibm:ibm:qpu:kingston,ONLINE,
2026-08-29T14:41:39+00:00,aws:ionq:qpu:forte-1,OFFLINE,
2026-08-29T14:41:39+00:00,aws:ionq:qpu:forte-enterprise-1,ONLINE,
2026-08-29T14:41:39+00:00,ionq:ionq:qpu:forte-1,UNAVAILABLE,
2026-08-29T14:41:39+00:00,ibm:ibm:qpu:fez,ONLINE,
2026-08-29T14:41:39+00:00,aws:iqm:qpu:garnet,UNAVAILABLE,
2026-08-29T14:41:39+00:00,azure:rigetti:qpu:cepheus-1-36q,OFFLINE,
2026-08-29T14:41:39+00:00,azure:ionq:qpu:forte-enterprise-1,OFFLINE,
2026-08-29T14:41:39+00:00,ibm:ibm:qpu:boston,ONLINE,
2026-08-29T14:41:39+00:00,ibm:ibm:qpu:miami,ONLINE,
2026-08-29T14:41:39+00:00,rigetti:rigetti:qpu:cepheus-1-108q,ONLINE,
2026-08-29T14:41:39+00:00,aws:rigetti:qpu:cepheus-1-108q,ONLINE,
2026-08-29T14:41:39+00:00,openquantum:aqt:qpu:ibex-q1,ONLINE,
2026-08-29T14:41:39+00:00,openquantum:ionq:qpu:forte-1,ONLINE,
2026-08-29T14:41:39+00:00,openquantum:ionq:qpu:forte-enterprise,ONLINE,
2026-08-29T14:41:39+00:00,openquantum:iqm:qpu:emerald,ONLINE,
2026-08-29T14:41:39+00:00,openquantum:iqm:qpu:garnet,ONLINE,
2026-08-29T14:41:39+00:00,openquantum:rigetti:qpu:cepheus-1-108q,ONLINE,
2026-08-29T17:54:40+00:00,aws:aqt:qpu:ibex-q1,UNAVAILABLE,
2026-08-29T17:54:40+00:00,aws:quera:qpu:aquila,ONLINE,
2026-08-29T17:54:40+00:00,ibm:ibm:qpu:marrakesh,ONLINE,
2026-08-29T17:54:40+00:00,ibm:ibm:qpu:pittsburgh,ONLINE,
2026-08-29T17:54:40+00:00,azure:pasqal:qpu:fresnel,OFFLINE,
2026-08-29T17:54:40+00:00,aws:iqm:qpu:emerald,UNAVAILABLE,
2026-08-29T17:54:40+00:00,azure:ionq:qpu:forte-1,OFFLINE,
2026-08-29T17:54:40+00:00,ibm:ibm:qpu:kingston,ONLINE,
2026-08-29T17:54:40+00:00,aws:ionq:qpu:forte-1,OFFLINE,
2026-08-29T17:54:40+00:00,aws:ionq:qpu:forte-enterprise-1,ONLINE,
2026-08-29T17:54:40+00:00,ionq:ionq:qpu:forte-1,UNAVAILABLE,
2026-08-29T17:54:40+00:00,ibm:ibm:qpu:fez,ONLINE,
2026-08-29T17:54:40+00:00,aws:iqm:qpu:garnet,UNAVAILABLE,
2026-08-29T17:54:40+00:00,azure:rigetti:qpu:cepheus-1-36q,OFFLINE,
2026-08-29T17:54:40+00:00,azure:ionq:qpu:forte-enterprise-1,OFFLINE,
2026-08-29T17:54:40+00:00,ibm:ibm:qpu:boston,ONLINE,
2026-08-29T17:54:40+00:00,ibm:ibm:qpu:miami,ONLINE,
2026-08-29T17:54:40+00:00,rigetti:rigetti:qpu:cepheus-1-108q,ONLINE,
2026-08-29T17:54:40+00:00,aws:rigetti:qpu:cepheus-1-108q,ONLINE,
2026-08-29T17:54:40+00:00,openquantum:aqt:qpu:ibex-q1,ONLINE,
2026-08-29T17:54:40+00:00,openquantum:ionq:qpu:forte-1,ONLINE,
2026-08-29T17:54:40+00:00,openquantum:ionq:qpu:forte-enterprise,ONLINE,
2026-08-29T17:54:40+00:00,openquantum:iqm:qpu:emerald,ONLINE,
2026-08-29T17:54:40+00:00,openquantum:iqm:qpu:garnet,ONLINE,
2026-08-29T17:54:40+00:00,openquantum:rigetti:qpu:cepheus-1-108q,ONLINE,
2026-08-29T20:28:27+00:00,aws:aqt:qpu:ibex-q1,UNAVAILABLE,
2026-08-29T20:28:27+00:00,aws:quera:qpu:aquila,ONLINE,
2026-08-29T20:28:27+00:00,ibm:ibm:qpu:marrakesh,ONLINE,
2026-08-29T20:28:27+00:00,ibm:ibm:qpu:pittsburgh,ONLINE,
2026-08-29T20:28:27+00:00,azure:pasqal:qpu:fresnel,OFFLINE,
2026-08-29T20:28:27+00:00,aws:iqm:qpu:emerald,UNAVAILABLE,
2026-08-29T20:28:27+00:00,azure:ionq:qpu:forte-1,OFFLINE,
2026-08-29T20:28:27+00:00,ibm:ibm:qpu:kingston,ONLINE,
2026-08-29T20:28:27+00:00,aws:ionq:qpu:forte-1,OFFLINE,
2026-08-29T20:28:27+00:00,aws:ionq:qpu:forte-enterprise-1,ONLINE,
2026-08-29T20:28:27+00:00,ionq:ionq:qpu:forte-1,UNAVAILABLE,
2026-08-29T20:28:27+00:00,ibm:ibm:qpu:fez,ONLINE,
2026-08-29T20:28:27+00:00,aws:iqm:qpu:garnet,UNAVAILABLE,
2026-08-29T20:28:27+00:00,azure:rigetti:qpu:cepheus-1-36q,OFFLINE,
2026-08-29T20:28:27+00:00,azure:ionq:qpu:forte-enterprise-1,OFFLINE,
2026-08-29T20:28:27+00:00,ibm:ibm:qpu:boston,ONLINE,
2026-08-29T20:28:27+00:00,ibm:ibm:qpu:miami,ONLINE,
2026-08-29T20:28:27+00:00,rigetti:rigetti:qpu:cepheus-1-108q,ONLINE,
2026-08-29T20:28:27+00:00,aws:rigetti:qpu:cepheus-1-108q,UNAVAILABLE,
2026-08-29T20:28:27+00:00,openquantum:aqt:qpu:ibex-q1,ONLINE,
2026-08-29T20:28:27+00:00,openquantum:ionq:qpu:forte-1,ONLINE,
2026-08-29T20:28:27+00:00,openquantum:ionq:qpu:forte-enterprise,ONLINE,
2026-08-29T20:28:27+00:00,openquantum:iqm:qpu:emerald,ONLINE,
2026-08-29T20:28:27+00:00,openquantum:iqm:qpu:garnet,ONLINE,
2026-08-29T20:28:27+00:00,openquantum:rigetti:qpu:cepheus-1-108q,ONLINE,
2026-08-29T22:48:03+00:00,aws:aqt:qpu:ibex-q1,UNAVAILABLE,
2026-08-29T22:48:03+00:00,aws:quera:qpu:aquila,ONLINE,
2026-08-29T22:48:03+00:00,ibm:ibm:qpu:marrakesh,ONLINE,
2026-08-29T22:48:03+00:00,ibm:ibm:qpu:pittsburgh,ONLINE,
2026-08-29T22:48:03+00:00,azure:pasqal:qpu:fresnel,OFFLINE,
2026-08-29T22:48:03+00:00,aws:iqm:qpu:emerald,UNAVAILABLE,
2026-08-29T22:48:03+00:00,azure:ionq:qpu:forte-1,OFFLINE,
2026-08-29T22:48:03+00:00,ibm:ibm:qpu:kingston,ONLINE,
2026-08-29T22:48:03+00:00,aws:ionq:qpu:forte-1,OFFLINE,
2026-08-29T22:48:03+00:00,aws:ionq:qpu:forte-enterprise-1,ONLINE,
2026-08-29T22:48:03+00:00,ionq:ionq:qpu:forte-1,UNAVAILABLE,
2026-08-29T22:48:03+00:00,ibm:ibm:qpu:fez,ONLINE,
2026-08-29T22:48:03+00:00,aws:iqm:qpu:garnet,UNAVAILABLE,
2026-08-29T22:48:03+00:00,azure:rigetti:qpu:cepheus-1-36q,OFFLINE,
2026-08-29T22:48:03+00:00,azure:ionq:qpu:forte-enterprise-1,OFFLINE,
2026-08-29T22:48:03+00:00,ibm:ibm:qpu:boston,ONLINE,
2026-08-29T22:48:03+00:00,ibm:ibm:qpu:miami,ONLINE,
2026-08-29T22:48:03+00:00,rigetti:rigetti:qpu:cepheus-1-108q,ONLINE,
2026-08-29T22:48:03+00:00,aws:rigetti:qpu:cepheus-1-108q,ONLINE,
2026-08-29T22:48:03+00:00,openquantum:aqt:qpu:ibex-q1,ONLINE,
2026-08-29T22:48:03+00:00,openquantum:ionq:qpu:forte-1,ONLINE,
2026-08-29T22:48:03+00:00,openquantum:ionq:qpu:forte-enterprise,ONLINE,
2026-08-29T22:48:03+00:00,openquantum:iqm:qpu:emerald,ONLINE,
2026-08-29T22:48:03+00:00,openquantum:iqm:qpu:garnet,ONLINE,
2026-08-29T22:48:03+00:00,openquantum:rigetti:qpu:cepheus-1-108q,ONLINE,
2026-08-30T01:05:42+00:00,aws:aqt:qpu:ibex-q1,UNAVAILABLE,
2026-08-30T01:05:42+00:00,aws:quera:qpu:aquila,ONLINE,
2026-08-30T01:05:42+00:00,ibm:ibm:qpu:marrakesh,ONLINE,
2026-08-30T01:05:42+00:00,ibm:ibm:qpu:pittsburgh,ONLINE,
2026-08-30T01:05:42+00:00,azure:pasqal:qpu:fresnel,OFFLINE,
2026-08-30T01:05:42+00:00,aws:iqm:qpu:emerald,UNAVAILABLE,
2026-08-30T01:05:42+00:00,azure:ionq:qpu:forte-1,OFFLINE,
2026-08-30T01:05:42+00:00,ibm:ibm:qpu:kingston,ONLINE,
2026-08-30T01:05:42+00:00,aws:ionq:qpu:forte-1,OFFLINE,
2026-08-30T01:05:42+00:00,aws:ionq:qpu:forte-enterprise-1,ONLINE,
2026-08-30T01:05:42+00:00,ionq:ionq:qpu:forte-1,UNAVAILABLE,
2026-08-30T01:05:42+00:00,ibm:ibm:qpu:fez,ONLINE,
2026-08-30T01:05:42+00:00,aws:iqm:qpu:garnet,UNAVAILABLE,
2026-08-30T01:05:42+00:00,azure:rigetti:qpu:cepheus-1-36q,OFFLINE,
2026-08-30T01:05:42+00:00,azure:ionq:qpu:forte-enterprise-1,OFFLINE,
2026-08-30T01:05:42+00:00,ibm:ibm:qpu:boston,ONLINE,
2026-08-30T01:05:42+00:00,ibm:ibm:qpu:miami,ONLINE,
2026-08-30T01:05:42+00:00,rigetti:rigetti:qpu:cepheus-1-108q,ONLINE,
2026-08-30T01:05:42+00:00,aws:rigetti:qpu:cepheus-1-108q,ONLINE,
2026-08-30T01:05:42+00:00,openquantum:aqt:qpu:ibex-q1,ONLINE,
2026-08-30T01:05:42+00:00,openquantum:ionq:qpu:forte-1,ONLINE,
2026-08-30T01:05:42+00:00,openquantum:ionq:qpu:forte-enterprise,ONLINE,
2026-08-30T01:05:42+00:00,openquantum:iqm:qpu:emerald,ONLINE,
2026-08-30T01:05:42+00:00,openquantum:iqm:qpu:garnet,ONLINE,
2026-08-30T01:05:42+00:00,openquantum:rigetti:qpu:cepheus-1-108q,ONLINE,
2026-08-30T07:25:49+00:00,aws:aqt:qpu:ibex-q1,UNAVAILABLE,
2026-08-30T07:25:49+00:00,aws:quera:qpu:aquila,ONLINE,
2026-08-30T07:25:49+00:00,ibm:ibm:qpu:marrakesh,ONLINE,
2026-08-30T07:25:49+00:00,ibm:ibm:qpu:pittsburgh,ONLINE,
2026-08-30T07:25:49+00:00,azure:pasqal:qpu:fresnel,OFFLINE,
2026-08-30T07:25:49+00:00,aws:iqm:qpu:emerald,UNAVAILABLE,
2026-08-30T07:25:49+00:00,azure:ionq:qpu:forte-1,OFFLINE,
2026-08-30T07:25:49+00:00,ibm:ibm:qpu:kingston,ONLINE,
2026-08-30T07:25:49+00:00,aws:ionq:qpu:forte-1,OFFLINE,
2026-08-30T07:25:49+00:00,aws:ionq:qpu:forte-enterprise-1,ONLINE,
2026-08-30T07:25:49+00:00,ionq:ionq:qpu:forte-1,UNAVAILABLE,
2026-08-30T07:25:49+00:00,ibm:ibm:qpu:fez,ONLINE,
2026-08-30T07:25:49+00:00,aws:iqm:qpu:garnet,UNAVAILABLE,
2026-08-30T07:25:49+00:00,azure:rigetti:qpu:cepheus-1-36q,OFFLINE,
2026-08-30T07:25:49+00:00,azure:ionq:qpu:forte-enterprise-1,OFFLINE,
2026-08-30T07:25:49+00:00,ibm:ibm:qpu:boston,ONLINE,
2026-08-30T07:25:49+00:00,ibm:ibm:qpu:miami,ONLINE,
2026-08-30T07:25:49+00:00,rigetti:rigetti:qpu:cepheus-1-108q,ONLINE,
2026-08-30T07:25:49+00:00,aws:rigetti:qpu:cepheus-1-108q,UNAVAILABLE,
2026-08-30T07:25:49+00:00,openquantum:aqt:qpu:ibex-q1,ONLINE,
2026-08-30T07:25:49+00:00,openquantum:ionq:qpu:forte-1,ONLINE,
2026-08-30T07:25:49+00:00,openquantum:ionq:qpu:forte-enterprise,ONLINE,
2026-08-30T07:25:49+00:00,openquantum:iqm:qpu:emerald,ONLINE,
2026-08-30T07:25:49+00:00,openquantum:iqm:qpu:garnet,ONLINE,
2026-08-30T07:25:49+00:00,openquantum:rigetti:qpu:cepheus-1-108q,ONLINE,
2026-08-30T13:17:39+00:00,aws:aqt:qpu:ibex-q1,UNAVAILABLE,
2026-08-30T13:17:39+00:00,aws:quera:qpu:aquila,ONLINE,
2026-08-30T13:17:39+00:00,ibm:ibm:qpu:marrakesh,ONLINE,
2026-08-30T13:17:39+00:00,ibm:ibm:qpu:pittsburgh,ONLINE,
2026-08-30T13:17:39+00:00,azure:pasqal:qpu:fresnel,OFFLINE,
2026-08-30T13:17:39+00:00,aws:iqm:qpu:emerald,UNAVAILABLE,
2026-08-30T13:17:39+00:00,azure:ionq:qpu:forte-1,OFFLINE,
2026-08-30T13:17:39+00:00,ibm:ibm:qpu:kingston,ONLINE,
2026-08-30T13:17:39+00:00,aws:ionq:qpu:forte-1,OFFLINE,
2026-08-30T13:17:39+00:00,aws:ionq:qpu:forte-enterprise-1,ONLINE,
2026-08-30T13:17:39+00:00,ionq:ionq:qpu:forte-1,UNAVAILABLE,
2026-08-30T13:17:39+00:00,ibm:ibm:qpu:fez,ONLINE,
2026-08-30T13:17:39+00:00,aws:iqm:qpu:garnet,UNAVAILABLE,
2026-08-30T13:17:39+00:00,azure:rigetti:qpu:cepheus-1-36q,OFFLINE,
2026-08-30T13:17:39+00:00,azure:ionq:qpu:forte-enterprise-1,OFFLINE,
2026-08-30T13:17:39+00:00,ibm:ibm:qpu:boston,ONLINE,
2026-08-30T13:17:39+00:00,ibm:ibm:qpu:miami,ONLINE,
2026-08-30T13:17:39+00:00,rigetti:rigetti:qpu:cepheus-1-108q,ONLINE,
2026-08-30T13:17:39+00:00,aws:rigetti:qpu:cepheus-1-108q,ONLINE,
2026-08-30T13:17:39+00:00,openquantum:aqt:qpu:ibex-q1,ONLINE,
2026-08-30T13:17:39+00:00,openquantum:ionq:qpu:forte-1,ONLINE,
2026-08-30T13:17:39+00:00,openquantum:ionq:qpu:forte-enterprise,ONLINE,
2026-08-30T13:17:39+00:00,openquantum:iqm:qpu:emerald,ONLINE,
2026-08-30T13:17:39+00:00,openquantum:iqm:qpu:garnet,ONLINE,
2026-08-30T13:17:39+00:00,openquantum:rigetti:qpu:cepheus-1-108q,ONLINE,
2026-08-30T17:46:14+00:00,aws:aqt:qpu:ibex-q1,UNAVAILABLE,
2026-08-30T17:46:14+00:00,aws:quera:qpu:aquila,ONLINE,
2026-08-30T17:46:14+00:00,ibm:ibm:qpu:marrakesh,ONLINE,
2026-08-30T17:46:14+00:00,ibm:ibm:qpu:pittsburgh,ONLINE,
2026-08-30T17:46:14+00:00,azure:pasqal:qpu:fresnel,OFFLINE,
2026-08-30T17:46:14+00:00,aws:iqm:qpu:emerald,UNAVAILABLE,
2026-08-30T17:46:14+00:00,azure:ionq:qpu:forte-1,OFFLINE,
2026-08-30T17:46:14+00:00,ibm:ibm:qpu:kingston,ONLINE,
2026-08-30T17:46:14+00:00,aws:ionq:qpu:forte-1,OFFLINE,
2026-08-30T17:46:14+00:00,aws:ionq:qpu:forte-enterprise-1,ONLINE,
2026-08-30T17:46:14+00:00,ionq:ionq:qpu:forte-1,UNAVAILABLE,
2026-08-30T17:46:14+00:00,ibm:ibm:qpu:fez,ONLINE,
2026-08-30T17:46:14+00:00,aws:iqm:qpu:garnet,UNAVAILABLE,
2026-08-30T17:46:14+00:00,azure:rigetti:qpu:cepheus-1-36q,OFFLINE,
2026-08-30T17:46:14+00:00,azure:ionq:qpu:forte-enterprise-1,OFFLINE,
2026-08-30T17:46:14+00:00,ibm:ibm:qpu:boston,ONLINE,
2026-08-30T17:46:14+00:00,ibm:ibm:qpu:miami,ONLINE,
2026-08-30T17:46:14+00:00,rigetti:rigetti:qpu:cepheus-1-108q,ONLINE,
2026-08-30T17:46:14+00:00,aws:rigetti:qpu:cepheus-1-108q,ONLINE,
2026-08-30T17:46:14+00:00,openquantum:aqt:qpu:ibex-q1,ONLINE,
2026-08-30T17:46:14+00:00,openquantum:ionq:qpu:forte-1,ONLINE,
2026-08-30T17:46:14+00:00,openquantum:ionq:qpu:forte-enterprise,ONLINE,
2026-08-30T17:46:14+00:00,openquantum:iqm:qpu:emerald,ONLINE,
2026-08-30T17:46:14+00:00,openquantum:iqm:qpu:garnet,ONLINE,
2026-08-30T17:46:14+00:00,openquantum:rigetti:qpu:cepheus-1-108q,ONLINE,
2026-08-30T20:38:07+00:00,aws:aqt:qpu:ibex-q1,UNAVAILABLE,
2026-08-30T20:38:07+00:00,aws:quera:qpu:aquila,ONLINE,
2026-08-30T20:38:07+00:00,ibm:ibm:qpu:marrakesh,ONLINE,
2026-08-30T20:38:07+00:00,ibm:ibm:qpu:pittsburgh,ONLINE,
2026-08-30T20:38:07+00:00,azure:pasqal:qpu:fresnel,OFFLINE,
2026-08-30T20:38:07+00:00,aws:iqm:qpu:emerald,UNAVAILABLE,
2026-08-30T20:38:07+00:00,azure:ionq:qpu:forte-1,OFFLINE,
2026-08-30T20:38:07+00:00,ibm:ibm:qpu:kingston,ONLINE,
2026-08-30T20:38:07+00:00,aws:ionq:qpu:forte-1,OFFLINE,
2026-08-30T20:38:07+00:00,aws:ionq:qpu:forte-enterprise-1,ONLINE,
2026-08-30T20:38:07+00:00,ionq:ionq:qpu:forte-1,UNAVAILABLE,
2026-08-30T20:38:07+00:00,ibm:ibm:qpu:fez,ONLINE,
2026-08-30T20:38:07+00:00,aws:iqm:qpu:garnet,UNAVAILABLE,
2026-08-30T20:38:07+00:00,azure:rigetti:qpu:cepheus-1-36q,OFFLINE,
2026-08-30T20:38:07+00:00,azure:ionq:qpu:forte-enterprise-1,OFFLINE,
2026-08-30T20:38:07+00:00,ibm:ibm:qpu:boston,ONLINE,
2026-08-30T20:38:07+00:00,ibm:ibm:qpu:miami,ONLINE,
2026-08-30T20:38:07+00:00,rigetti:rigetti:qpu:cepheus-1-108q,ONLINE,
2026-08-30T20:38:07+00:00,aws:rigetti:qpu:cepheus-1-108q,UNAVAILABLE,
2026-08-30T20:38:07+00:00,openquantum:aqt:qpu:ibex-q1,ONLINE,
2026-08-30T20:38:07+00:00,openquantum:ionq:qpu:forte-1,ONLINE,
2026-08-30T20:38:07+00:00,openquantum:ionq:qpu:forte-enterprise,ONLINE,
2026-08-30T20:38:07+00:00,openquantum:iqm:qpu:emerald,ONLINE,
2026-08-30T20:38:07+00:00,openquantum:iqm:qpu:garnet,ONLINE,
2026-08-30T20:38:07+00:00,openquantum:rigetti:qpu:cepheus-1-108q,ONLINE,
2026-08-30T22:56:08+00:00,aws:aqt:qpu:ibex-q1,UNAVAILABLE,
2026-08-30T22:56:08+00:00,aws:quera:qpu:aquila,ONLINE,
2026-08-30T22:56:08+00:00,ibm:ibm:qpu:marrakesh,ONLINE,
2026-08-30T22:56:08+00:00,ibm:ibm:qpu:pittsburgh,ONLINE,
2026-08-30T22:56:08+00:00,azure:pasqal:qpu:fresnel,OFFLINE,
2026-08-30T22:56:08+00:00,aws:iqm:qpu:emerald,UNAVAILABLE,
2026-08-30T22:56:08+00:00,azure:ionq:qpu:forte-1,OFFLINE,
2026-08-30T22:56:08+00:00,ibm:ibm:qpu:kingston,ONLINE,
2026-08-30T22:56:08+00:00,aws:ionq:qpu:forte-1,OFFLINE,
2026-08-30T22:56:08+00:00,aws:ionq:qpu:forte-enterprise-1,ONLINE,
2026-08-30T22:56:08+00:00,ionq:ionq:qpu:forte-1,UNAVAILABLE,
2026-08-30T22:56:08+00:00,ibm:ibm:qpu:fez,ONLINE,
2026-08-30T22:56:08+00:00,aws:iqm:qpu:garnet,UNAVAILABLE,
2026-08-30T22:56:08+00:00,azure:rigetti:qpu:cepheus-1-36q,OFFLINE,
2026-08-30T22:56:08+00:00,azure:ionq:qpu:forte-enterprise-1,OFFLINE,
2026-08-30T22:56:08+00:00,ibm:ibm:qpu:boston,ONLINE,
2026-08-30T22:56:08+00:00,ibm:ibm:qpu:miami,ONLINE,
2026-08-30T22:56:08+00:00,rigetti:rigetti:qpu:cepheus-1-108q,ONLINE,
2026-08-30T22:56:08+00:00,aws:rigetti:qpu:cepheus-1-108q,ONLINE,
2026-08-30T22:56:08+00:00,openquantum:aqt:qpu:ibex-q1,ONLINE,
2026-08-30T22:56:08+00:00,openquantum:ionq:qpu:forte-1,ONLINE,
2026-08-30T22:56:08+00:00,openquantum:ionq:qpu:forte-enterprise,ONLINE,
2026-08-30T22:56:08+00:00,openquantum:iqm:qpu:emerald,ONLINE,
2026-08-30T22:56:08+00:00,openquantum:iqm:qpu:garnet,ONLINE,
2026-08-30T22:56:08+00:00,openquantum:rigetti:qpu:cepheus-1-108q,ONLINE,
2026-08-31T01:10:12+00:00,aws:aqt:qpu:ibex-q1,UNAVAILABLE,
2026-08-31T01:10:12+00:00,aws:quera:qpu:aquila,ONLINE,
2026-08-31T01:10:12+00:00,ibm:ibm:qpu:marrakesh,ONLINE,
2026-08-31T01:10:12+00:00,ibm:ibm:qpu:pittsburgh,ONLINE,
2026-08-31T01:10:12+00:00,azure:pasqal:qpu:fresnel,OFFLINE,
2026-08-31T01:10:12+00:00,aws:iqm:qpu:emerald,ONLINE,
2026-08-31T01:10:12+00:00,azure:ionq:qpu:forte-1,OFFLINE,
2026-08-31T01:10:12+00:00,ibm:ibm:qpu:kingston,ONLINE,
2026-08-31T01:10:12+00:00,aws:ionq:qpu:forte-1,OFFLINE,
2026-08-31T01:10:12+00:00,aws:ionq:qpu:forte-enterprise-1,ONLINE,
2026-08-31T01:10:12+00:00,ionq:ionq:qpu:forte-1,UNAVAILABLE,
2026-08-31T01:10:12+00:00,ibm:ibm:qpu:fez,ONLINE,
2026-08-31T01:10:12+00:00,aws:iqm:qpu:garnet,ONLINE,
2026-08-31T01:10:12+00:00,azure:rigetti:qpu:cepheus-1-36q,OFFLINE,
2026-08-31T01:10:12+00:00,azure:ionq:qpu:forte-enterprise-1,OFFLINE,
2026-08-31T01:10:12+00:00,ibm:ibm:qpu:boston,ONLINE,
2026-08-31T01:10:12+00:00,ibm:ibm:qpu:miami,ONLINE,
2026-08-31T01:10:12+00:00,rigetti:rigetti:qpu:cepheus-1-108q,ONLINE,
2026-08-31T01:10:12+00:00,aws:rigetti:qpu:cepheus-1-108q,ONLINE,
2026-08-31T01:10:12+00:00,openquantum:aqt:qpu:ibex-q1,ONLINE,
2026-08-31T01:10:12+00:00,openquantum:ionq:qpu:forte-1,ONLINE,
2026-08-31T01:10:12+00:00,openquantum:ionq:qpu:forte-enterprise,ONLINE,
2026-08-31T01:10:12+00:00,openquantum:iqm:qpu:emerald,ONLINE,
2026-08-31T01:10:12+00:00,openquantum:iqm:qpu:garnet,ONLINE,
2026-08-31T01:10:12+00:00,openquantum:rigetti:qpu:cepheus-1-108q,ONLINE,
2026-08-31T07:40:45+00:00,aws:aqt:qpu:ibex-q1,UNAVAILABLE,
2026-08-31T07:40:45+00:00,aws:quera:qpu:aquila,UNAVAILABLE,
2026-08-31T07:40:45+00:00,ibm:ibm:qpu:marrakesh,ONLINE,
2026-08-31T07:40:45+00:00,ibm:ibm:qpu:pittsburgh,ONLINE,
2026-08-31T07:40:45+00:00,azure:pasqal:qpu:fresnel,OFFLINE,
2026-08-31T07:40:45+00:00,aws:iqm:qpu:emerald,ONLINE,
2026-08-31T07:40:45+00:00,azure:ionq:qpu:forte-1,OFFLINE,
2026-08-31T07:40:45+00:00,ibm:ibm:qpu:kingston,ONLINE,
2026-08-31T07:40:45+00:00,aws:ionq:qpu:forte-1,OFFLINE,
2026-08-31T07:40:45+00:00,aws:ionq:qpu:forte-enterprise-1,ONLINE,
2026-08-31T07:40:45+00:00,ionq:ionq:qpu:forte-1,UNAVAILABLE,
2026-08-31T07:40:45+00:00,ibm:ibm:qpu:fez,ONLINE,
2026-08-31T07:40:45+00:00,aws:iqm:qpu:garnet,ONLINE,
2026-08-31T07:40:45+00:00,azure:rigetti:qpu:cepheus-1-36q,OFFLINE,
2026-08-31T07:40:45+00:00,azure:ionq:qpu:forte-enterprise-1,OFFLINE,
2026-08-31T07:40:45+00:00,ibm:ibm:qpu:boston,ONLINE,
2026-08-31T07:40:45+00:00,ibm:ibm:qpu:miami,ONLINE,
2026-08-31T07:40:45+00:00,rigetti:rigetti:qpu:cepheus-1-108q,ONLINE,
2026-08-31T07:40:45+00:00,aws:rigetti:qpu:cepheus-1-108q,UNAVAILABLE,
2026-08-31T07:40:45+00:00,openquantum:aqt:qpu:ibex-q1,ONLINE,
2026-08-31T07:40:45+00:00,openquantum:ionq:qpu:forte-1,ONLINE,
2026-08-31T07:40:45+00:00,openquantum:ionq:qpu:forte-enterprise,ONLINE,
2026-08-31T07:40:45+00:00,openquantum:iqm:qpu:emerald,ONLINE,
2026-08-31T07:40:45+00:00,openquantum:iqm:qpu:garnet,ONLINE,
2026-08-31T07:40:45+00:00,openquantum:rigetti:qpu:cepheus-1-108q,ONLINE,
2026-08-31T15:28:54+00:00,aws:aqt:qpu:ibex-q1,UNAVAILABLE,
2026-08-31T15:28:54+00:00,aws:quera:qpu:aquila,UNAVAILABLE,
2026-08-31T15:28:54+00:00,ibm:ibm:qpu:marrakesh,ONLINE,
2026-08-31T15:28:54+00:00,ibm:ibm:qpu:pittsburgh,ONLINE,
2026-08-31T15:28:54+00:00,azure:pasqal:qpu:fresnel,OFFLINE,
2026-08-31T15:28:54+00:00,aws:iqm:qpu:emerald,ONLINE,
2026-08-31T15:28:54+00:00,azure:ionq:qpu:forte-1,OFFLINE,
2026-08-31T15:28:54+00:00,ibm:ibm:qpu:kingston,ONLINE,
2026-08-31T15:28:54+00:00,aws:ionq:qpu:forte-1,OFFLINE,
2026-08-31T15:28:54+00:00,aws:ionq:qpu:forte-enterprise-1,ONLINE,
2026-08-31T15:28:54+00:00,ionq:ionq:qpu:forte-1,UNAVAILABLE,
2026-08-31T15:28:54+00:00,ibm:ibm:qpu:fez,ONLINE,
2026-08-31T15:28:54+00:00,aws:iqm:qpu:garnet,ONLINE,
2026-08-31T15:28:54+00:00,azure:rigetti:qpu:cepheus-1-36q,OFFLINE,
2026-08-31T15:28:54+00:00,azure:ionq:qpu:forte-enterprise-1,OFFLINE,
2026-08-31T15:28:54+00:00,ibm:ibm:qpu:boston,ONLINE,
2026-08-31T15:28:54+00:00,ibm:ibm:qpu:miami,ONLINE,
2026-08-31T15:28:54+00:00,rigetti:rigetti:qpu:cepheus-1-108q,ONLINE,
2026-08-31T15:28:54+00:00,aws:rigetti:qpu:cepheus-1-108q,ONLINE,
2026-08-31T15:28:54+00:00,openquantum:aqt:qpu:ibex-q1,ONLINE,
2026-08-31T15:28:54+00:00,openquantum:ionq:qpu:forte-1,ONLINE,
2026-08-31T15:28:54+00:00,openquantum:ionq:qpu:forte-enterprise,ONLINE,
2026-08-31T15:28:54+00:00,openquantum:iqm:qpu:emerald,ONLINE,
2026-08-31T15:28:54+00:00,openquantum:iqm:qpu:garnet,ONLINE,
2026-08-31T15:28:54+00:00,openquantum:rigetti:qpu:cepheus-1-108q,ONLINE,
2026-08-31T21:05:22+00:00,aws:aqt:qpu:ibex-q1,UNAVAILABLE,
2026-08-31T21:05:22+00:00,aws:quera:qpu:aquila,UNAVAILABLE,
2026-08-31T21:05:22+00:00,ibm:ibm:qpu:marrakesh,ONLINE,
2026-08-31T21:05:22+00:00,ibm:ibm:qpu:pittsburgh,ONLINE,
2026-08-31T21:05:22+00:00,azure:pasqal:qpu:fresnel,OFFLINE,
2026-08-31T21:05:22+00:00,aws:iqm:qpu:emerald,ONLINE,
2026-08-31T21:05:22+00:00,azure:ionq:qpu:forte-1,OFFLINE,
2026-08-31T21:05:22+00:00,ibm:ibm:qpu:kingston,ONLINE,
2026-08-31T21:05:22+00:00,aws:ionq:qpu:forte-1,OFFLINE,
2026-08-31T21:05:22+00:00,aws:ionq:qpu:forte-enterprise-1,ONLINE,
2026-08-31T21:05:22+00:00,ionq:ionq:qpu:forte-1,UNAVAILABLE,
2026-08-31T21:05:22+00:00,ibm:ibm:qpu:fez,ONLINE,
2026-08-31T21:05:22+00:00,aws:iqm:qpu:garnet,ONLINE,
2026-08-31T21:05:22+00:00,azure:rigetti:qpu:cepheus-1-36q,OFFLINE,
2026-08-31T21:05:22+00:00,azure:ionq:qpu:forte-enterprise-1,OFFLINE,
2026-08-31T21:05:22+00:00,ibm:ibm:qpu:boston,ONLINE,
2026-08-31T21:05:22+00:00,ibm:ibm:qpu:miami,ONLINE,
2026-08-31T21:05:22+00:00,rigetti:rigetti:qpu:cepheus-1-108q,ONLINE,
2026-08-31T21:05:22+00:00,aws:rigetti:qpu:cepheus-1-108q,ONLINE,
2026-08-31T21:05:22+00:00,openquantum:aqt:qpu:ibex-q1,ONLINE,
2026-08-31T21:05:22+00:00,openquantum:ionq:qpu:forte-1,ONLINE,
2026-08-31T21:05:22+00:00,openquantum:ionq:qpu:forte-enterprise,ONLINE,
2026-08-31T21:05:22+00:00,openquantum:iqm:qpu:emerald,ONLINE,
2026-08-31T21:05:22+00:00,openquantum:iqm:qpu:garnet,ONLINE,
2026-08-31T21:05:22+00:00,openquantum:rigetti:qpu:cepheus-1-108q,ONLINE,
2026-09-01T00:47:40+00:00,aws:aqt:qpu:ibex-q1,UNAVAILABLE,
2026-09-01T00:47:40+00:00,aws:quera:qpu:aquila,UNAVAILABLE,
2026-09-01T00:47:40+00:00,ibm:ibm:qpu:marrakesh,ONLINE,
2026-09-01T00:47:40+00:00,ibm:ibm:qpu:pittsburgh,ONLINE,
2026-09-01T00:47:40+00:00,azure:pasqal:qpu:fresnel,OFFLINE,
2026-09-01T00:47:40+00:00,aws:iqm:qpu:emerald,ONLINE,
2026-09-01T00:47:40+00:00,azure:ionq:qpu:forte-1,OFFLINE,
2026-09-01T00:47:40+00:00,ibm:ibm:qpu:kingston,ONLINE,
2026-09-01T00:47:40+00:00,aws:ionq:qpu:forte-1,OFFLINE,
2026-09-01T00:47:40+00:00,aws:ionq:qpu:forte-enterprise-1,ONLINE,
2026-09-01T00:47:40+00:00,ionq:ionq:qpu:forte-1,UNAVAILABLE,
2026-09-01T00:47:40+00:00,ibm:ibm:qpu:fez,ONLINE,
2026-09-01T00:47:40+00:00,aws:iqm:qpu:garnet,ONLINE,
2026-09-01T00:47:40+00:00,azure:rigetti:qpu:cepheus-1-36q,OFFLINE,
2026-09-01T00:47:40+00:00,azure:ionq:qpu:forte-enterprise-1,OFFLINE,
2026-09-01T00:47:40+00:00,ibm:ibm:qpu:boston,ONLINE,
2026-09-01T00:47:40+00:00,ibm:ibm:qpu:miami,ONLINE,
2026-09-01T00:47:40+00:00,rigetti:rigetti:qpu:cepheus-1-108q,ONLINE,
2026-09-01T00:47:40+00:00,aws:rigetti:qpu:cepheus-1-108q,ONLINE,
2026-09-01T00:47:40+00:00,openquantum:aqt:qpu:ibex-q1,ONLINE,
2026-09-01T00:47:40+00:00,openquantum:ionq:qpu:forte-1,ONLINE,
2026-09-01T00:47:40+00:00,openquantum:ionq:qpu:forte-enterprise,ONLINE,
2026-09-01T00:47:40+00:00,openquantum:iqm:qpu:emerald,ONLINE,
2026-09-01T00:47:40+00:00,openquantum:iqm:qpu:garnet,ONLINE,
2026-09-01T00:47:40+00:00,openquantum:rigetti:qpu:cepheus-1-108q,ONLINE,
2026-09-01T06:02:20+00:00,aws:aqt:qpu:ibex-q1,UNAVAILABLE,
2026-09-01T06:02:20+00:00,aws:quera:qpu:aquila,UNAVAILABLE,
2026-09-01T06:02:20+00:00,ibm:ibm:qpu:marrakesh,ONLINE,
2026-09-01T06:02:20+00:00,ibm:ibm:qpu:pittsburgh,ONLINE,
2026-09-01T06:02:20+00:00,azure:pasqal:qpu:fresnel,OFFLINE,
2026-09-01T06:02:20+00:00,aws:iqm:qpu:emerald,UNAVAILABLE,
2026-09-01T06:02:20+00:00,azure:ionq:qpu:forte-1,OFFLINE,
2026-09-01T06:02:20+00:00,ibm:ibm:qpu:kingston,ONLINE,
2026-09-01T06:02:20+00:00,aws:ionq:qpu:forte-1,OFFLINE,
2026-09-01T06:02:20+00:00,aws:ionq:qpu:forte-enterprise-1,ONLINE,
2026-09-01T06:02:20+00:00,ionq:ionq:qpu:forte-1,UNAVAILABLE,
2026-09-01T06:02:20+00:00,ibm:ibm:qpu:fez,ONLINE,
2026-09-01T06:02:20+00:00,aws:iqm:qpu:garnet,ONLINE,
2026-09-01T06:02:20+00:00,azure:rigetti:qpu:cepheus-1-36q,OFFLINE,
2026-09-01T06:02:20+00:00,azure:ionq:qpu:forte-enterprise-1,OFFLINE,
2026-09-01T06:02:20+00:00,ibm:ibm:qpu:boston,ONLINE,
2026-09-01T06:02:20+00:00,ibm:ibm:qpu:miami,ONLINE,
2026-09-01T06:02:20+00:00,rigetti:rigetti:qpu:cepheus-1-108q,ONLINE,
2026-09-01T06:02:20+00:00,aws:rigetti:qpu:cepheus-1-108q,ONLINE,
2026-09-01T06:02:20+00:00,openquantum:aqt:qpu:ibex-q1,ONLINE,
2026-09-01T06:02:20+00:00,openquantum:ionq:qpu:forte-1,ONLINE,
2026-09-01T06:02:20+00:00,openquantum:ionq:qpu:forte-enterprise,ONLINE,
2026-09-01T06:02:20+00:00,openquantum:iqm:qpu:emerald,ONLINE,
2026-09-01T06:02:20+00:00,openquantum:iqm:qpu:garnet,ONLINE,
2026-09-01T06:02:20+00:00,openquantum:rigetti:qpu:cepheus-1-108q,ONLINE,
2026-09-01T12:02:08+00:00,aws:aqt:qpu:ibex-q1,ONLINE,
2026-09-01T12:02:08+00:00,aws:quera:qpu:aquila,UNAVAILABLE,
2026-09-01T12:02:08+00:00,ibm:ibm:qpu:marrakesh,ONLINE,
2026-09-01T12:02:08+00:00,ibm:ibm:qpu:pittsburgh,ONLINE,
2026-09-01T12:02:08+00:00,azure:pasqal:qpu:fresnel,OFFLINE,
2026-09-01T12:02:08+00:00,aws:iqm:qpu:emerald,ONLINE,
2026-09-01T12:02:08+00:00,azure:ionq:qpu:forte-1,OFFLINE,
2026-09-01T12:02:08+00:00,ibm:ibm:qpu:kingston,ONLINE,
2026-09-01T12:02:08+00:00,aws:ionq:qpu:forte-1,OFFLINE,
2026-09-01T12:02:08+00:00,aws:ionq:qpu:forte-enterprise-1,ONLINE,
2026-09-01T12:02:08+00:00,ionq:ionq:qpu:forte-1,UNAVAILABLE,
2026-09-01T12:02:08+00:00,ibm:ibm:qpu:fez,ONLINE,
2026-09-01T12:02:08+00:00,aws:iqm:qpu:garnet,ONLINE,
2026-09-01T12:02:08+00:00,azure:rigetti:qpu:cepheus-1-36q,OFFLINE,
2026-09-01T12:02:08+00:00,azure:ionq:qpu:forte-enterprise-1,OFFLINE,
2026-09-01T12:02:08+00:00,ibm:ibm:qpu:boston,ONLINE,
2026-09-01T12:02:08+00:00,ibm:ibm:qpu:miami,ONLINE,
2026-09-01T12:02:08+00:00,rigetti:rigetti:qpu:cepheus-1-108q,ONLINE,
2026-09-01T12:02:08+00:00,aws:rigetti:qpu:cepheus-1-108q,ONLINE,
2026-09-01T12:02:08+00:00,openquantum:aqt:qpu:ibex-q1,ONLINE,
2026-09-01T12:02:08+00:00,openquantum:ionq:qpu:forte-1,ONLINE,
2026-09-01T12:02:08+00:00,openquantum:ionq:qpu:forte-enterprise,ONLINE,
2026-09-01T12:02:08+00:00,openquantum:iqm:qpu:emerald,ONLINE,
2026-09-01T12:02:08+00:00,openquantum:iqm:qpu:garnet,ONLINE,
2026-09-01T12:02:08+00:00,openquantum:rigetti:qpu:cepheus-1-108q,ONLINE,
2026-09-01T16:55:39+00:00,aws:aqt:qpu:ibex-q1,UNAVAILABLE,
2026-09-01T16:55:39+00:00,aws:quera:qpu:aquila,UNAVAILABLE,
2026-09-01T16:55:39+00:00,ibm:ibm:qpu:marrakesh,ONLINE,
2026-09-01T16:55:39+00:00,ibm:ibm:qpu:pittsburgh,ONLINE,
2026-09-01T16:55:39+00:00,azure:pasqal:qpu:fresnel,OFFLINE,
2026-09-01T16:55:39+00:00,aws:iqm:qpu:emerald,ONLINE,
2026-09-01T16:55:39+00:00,azure:ionq:qpu:forte-1,OFFLINE,
2026-09-01T16:55:39+00:00,ibm:ibm:qpu:kingston,ONLINE,
2026-09-01T16:55:39+00:00,aws:ionq:qpu:forte-1,OFFLINE,
2026-09-01T16:55:39+00:00,aws:ionq:qpu:forte-enterprise-1,ONLINE,
2026-09-01T16:55:39+00:00,ionq:ionq:qpu:forte-1,UNAVAILABLE,
2026-09-01T16:55:39+00:00,ibm:ibm:qpu:fez,ONLINE,
2026-09-01T16:55:39+00:00,aws:iqm:qpu:garnet,UNAVAILABLE,
2026-09-01T16:55:39+00:00,azure:rigetti:qpu:cepheus-1-36q,OFFLINE,
2026-09-01T16:55:39+00:00,azure:ionq:qpu:forte-enterprise-1,OFFLINE,
2026-09-01T16:55:39+00:00,ibm:ibm:qpu:boston,ONLINE,
2026-09-01T16:55:39+00:00,ibm:ibm:qpu:miami,ONLINE,
2026-09-01T16:55:39+00:00,rigetti:rigetti:qpu:cepheus-1-108q,ONLINE,
2026-09-01T16:55:39+00:00,aws:rigetti:qpu:cepheus-1-108q,ONLINE,
2026-09-01T16:55:39+00:00,openquantum:aqt:qpu:ibex-q1,ONLINE,
2026-09-01T16:55:39+00:00,openquantum:ionq:qpu:forte-1,ONLINE,
2026-09-01T16:55:39+00:00,openquantum:ionq:qpu:forte-enterprise,ONLINE,
2026-09-01T16:55:39+00:00,openquantum:iqm:qpu:emerald,ONLINE,
2026-09-01T16:55:39+00:00,openquantum:iqm:qpu:garnet,ONLINE,
2026-09-01T16:55:39+00:00,openquantum:rigetti:qpu:cepheus-1-108q,ONLINE,
2026-09-01T19:45:26+00:00,aws:aqt:qpu:ibex-q1,UNAVAILABLE,
2026-09-01T19:45:26+00:00,aws:quera:qpu:aquila,UNAVAILABLE,
2026-09-01T19:45:26+00:00,ibm:ibm:qpu:marrakesh,UNAVAILABLE,
2026-09-01T19:45:26+00:00,ibm:ibm:qpu:pittsburgh,ONLINE,
2026-09-01T19:45:26+00:00,azure:pasqal:qpu:fresnel,OFFLINE,
2026-09-01T19:45:26+00:00,aws:iqm:qpu:emerald,ONLINE,
2026-09-01T19:45:26+00:00,azure:ionq:qpu:forte-1,OFFLINE,
2026-09-01T19:45:26+00:00,ibm:ibm:qpu:kingston,ONLINE,
2026-09-01T19:45:26+00:00,aws:ionq:qpu:forte-1,OFFLINE,
2026-09-01T19:45:26+00:00,aws:ionq:qpu:forte-enterprise-1,ONLINE,
2026-09-01T19:45:26+00:00,ionq:ionq:qpu:forte-1,UNAVAILABLE,
2026-09-01T19:45:26+00:00,ibm:ibm:qpu:fez,ONLINE,
2026-09-01T19:45:26+00:00,aws:iqm:qpu:garnet,ONLINE,
2026-09-01T19:45:26+00:00,azure:rigetti:qpu:cepheus-1-36q,OFFLINE,
2026-09-01T19:45:26+00:00,azure:ionq:qpu:forte-enterprise-1,OFFLINE,
2026-09-01T19:45:26+00:00,ibm:ibm:qpu:boston,ONLINE,
2026-09-01T19:45:26+00:00,ibm:ibm:qpu:miami,ONLINE,
2026-09-01T19:45:26+00:00,rigetti:rigetti:qpu:cepheus-1-108q,ONLINE,
2026-09-01T19:45:26+00:00,aws:rigetti:qpu:cepheus-1-108q,UNAVAILABLE,
2026-09-01T19:45:26+00:00,openquantum:aqt:qpu:ibex-q1,ONLINE,
2026-09-01T19:45:26+00:00,openquantum:ionq:qpu:forte-1,ONLINE,
2026-09-01T19:45:26+00:00,openquantum:ionq:qpu:forte-enterprise,ONLINE,
2026-09-01T19:45:26+00:00,openquantum:iqm:qpu:emerald,ONLINE,
2026-09-01T19:45:26+00:00,openquantum:iqm:qpu:garnet,ONLINE,
2026-09-01T19:45:26+00:00,openquantum:rigetti:qpu:cepheus-1-108q,ONLINE,
2026-09-01T22:24:21+00:00,aws:aqt:qpu:ibex-q1,UNAVAILABLE,
2026-09-01T22:24:21+00:00,aws:quera:qpu:aquila,UNAVAILABLE,
2026-09-01T22:24:21+00:00,ibm:ibm:qpu:marrakesh,ONLINE,
2026-09-01T22:24:21+00:00,ibm:ibm:qpu:pittsburgh,ONLINE,
2026-09-01T22:24:21+00:00,azure:pasqal:qpu:fresnel,OFFLINE,
2026-09-01T22:24:21+00:00,aws:iqm:qpu:emerald,ONLINE,
2026-09-01T22:24:21+00:00,azure:ionq:qpu:forte-1,OFFLINE,
2026-09-01T22:24:21+00:00,ibm:ibm:qpu:kingston,ONLINE,
2026-09-01T22:24:21+00:00,aws:ionq:qpu:forte-1,OFFLINE,
2026-09-01T22:24:21+00:00,aws:ionq:qpu:forte-enterprise-1,ONLINE,
2026-09-01T22:24:21+00:00,ionq:ionq:qpu:forte-1,UNAVAILABLE,
2026-09-01T22:24:21+00:00,ibm:ibm:qpu:fez,ONLINE,
2026-09-01T22:24:21+00:00,aws:iqm:qpu:garnet,ONLINE,
2026-09-01T22:24:21+00:00,azure:rigetti:qpu:cepheus-1-36q,OFFLINE,
2026-09-01T22:24:21+00:00,azure:ionq:qpu:forte-enterprise-1,OFFLINE,
2026-09-01T22:24:21+00:00,ibm:ibm:qpu:boston,ONLINE,
2026-09-01T22:24:21+00:00,ibm:ibm:qpu:miami,ONLINE,
2026-09-01T22:24:21+00:00,rigetti:rigetti:qpu:cepheus-1-108q,ONLINE,
2026-09-01T22:24:21+00:00,aws:rigetti:qpu:cepheus-1-108q,ONLINE,
2026-09-01T22:24:21+00:00,openquantum:aqt:qpu:ibex-q1,ONLINE,
2026-09-01T22:24:21+00:00,openquantum:ionq:qpu:forte-1,ONLINE,
2026-09-01T22:24:21+00:00,openquantum:ionq:qpu:forte-enterprise,ONLINE,
2026-09-01T22:24:21+00:00,openquantum:iqm:qpu:emerald,ONLINE,
2026-09-01T22:24:21+00:00,openquantum:iqm:qpu:garnet,ONLINE,
2026-09-01T22:24:21+00:00,openquantum:rigetti:qpu:cepheus-1-108q,ONLINE,
2026-09-02T00:32:46+00:00,aws:aqt:qpu:ibex-q1,UNAVAILABLE,
2026-09-02T00:32:46+00:00,aws:quera:qpu:aquila,UNAVAILABLE,
2026-09-02T00:32:46+00:00,ibm:ibm:qpu:marrakesh,ONLINE,
2026-09-02T00:32:46+00:00,ibm:ibm:qpu:pittsburgh,ONLINE,
2026-09-02T00:32:46+00:00,azure:pasqal:qpu:fresnel,OFFLINE,
2026-09-02T00:32:46+00:00,aws:iqm:qpu:emerald,ONLINE,
2026-09-02T00:32:46+00:00,azure:ionq:qpu:forte-1,OFFLINE,
2026-09-02T00:32:46+00:00,ibm:ibm:qpu:kingston,ONLINE,
2026-09-02T00:32:46+00:00,aws:ionq:qpu:forte-1,OFFLINE,
2026-09-02T00:32:46+00:00,aws:ionq:qpu:forte-enterprise-1,ONLINE,
2026-09-02T00:32:46+00:00,ionq:ionq:qpu:forte-1,UNAVAILABLE,
2026-09-02T00:32:46+00:00,ibm:ibm:qpu:fez,ONLINE,
2026-09-02T00:32:46+00:00,aws:iqm:qpu:garnet,ONLINE,
2026-09-02T00:32:46+00:00,azure:rigetti:qpu:cepheus-1-36q,OFFLINE,
2026-09-02T00:32:46+00:00,azure:ionq:qpu:forte-enterprise-1,OFFLINE,
2026-09-02T00:32:46+00:00,ibm:ibm:qpu:boston,ONLINE,
2026-09-02T00:32:46+00:00,ibm:ibm:qpu:miami,ONLINE,
2026-09-02T00:32:46+00:00,rigetti:rigetti:qpu:cepheus-1-108q,ONLINE,
2026-09-02T00:32:46+00:00,aws:rigetti:qpu:cepheus-1-108q,ONLINE,
2026-09-02T00:32:46+00:00,openquantum:aqt:qpu:ibex-q1,ONLINE,
2026-09-02T00:32:46+00:00,openquantum:ionq:qpu:forte-1,ONLINE,
2026-09-02T00:32:46+00:00,openquantum:ionq:qpu:forte-enterprise,ONLINE,
2026-09-02T00:32:46+00:00,openquantum:iqm:qpu:emerald,ONLINE,
2026-09-02T00:32:46+00:00,openquantum:iqm:qpu:garnet,ONLINE,
2026-09-02T00:32:46+00:00,openquantum:rigetti:qpu:cepheus-1-108q,ONLINE,
2026-09-02T05:05:45+00:00,aws:aqt:qpu:ibex-q1,UNAVAILABLE,
2026-09-02T05:05:45+00:00,aws:quera:qpu:aquila,UNAVAILABLE,
2026-09-02T05:05:45+00:00,ibm:ibm:qpu:marrakesh,ONLINE,
2026-09-02T05:05:45+00:00,ibm:ibm:qpu:pittsburgh,ONLINE,
2026-09-02T05:05:45+00:00,azure:pasqal:qpu:fresnel,OFFLINE,
2026-09-02T05:05:45+00:00,aws:iqm:qpu:emerald,UNAVAILABLE,
2026-09-02T05:05:45+00:00,azure:ionq:qpu:forte-1,OFFLINE,
2026-09-02T05:05:45+00:00,ibm:ibm:qpu:kingston,ONLINE,
2026-09-02T05:05:45+00:00,aws:ionq:qpu:forte-1,OFFLINE,
2026-09-02T05:05:45+00:00,aws:ionq:qpu:forte-enterprise-1,ONLINE,
2026-09-02T05:05:45+00:00,ionq:ionq:qpu:forte-1,UNAVAILABLE,
2026-09-02T05:05:45+00:00,ibm:ibm:qpu:fez,ONLINE,
2026-09-02T05:05:45+00:00,aws:iqm:qpu:garnet,ONLINE,
2026-09-02T05:05:45+00:00,azure:rigetti:qpu:cepheus-1-36q,OFFLINE,
2026-09-02T05:05:45+00:00,azure:ionq:qpu:forte-enterprise-1,OFFLINE,
2026-09-02T05:05:45+00:00,ibm:ibm:qpu:boston,ONLINE,
2026-09-02T05:05:45+00:00,ibm:ibm:qpu:miami,ONLINE,
2026-09-02T05:05:45+00:00,rigetti:rigetti:qpu:cepheus-1-108q,ONLINE,
2026-09-02T05:05:45+00:00,aws:rigetti:qpu:cepheus-1-108q,ONLINE,
2026-09-02T05:05:45+00:00,openquantum:aqt:qpu:ibex-q1,ONLINE,
2026-09-02T05:05:45+00:00,openquantum:ionq:qpu:forte-1,ONLINE,
2026-09-02T05:05:45+00:00,openquantum:ionq:qpu:forte-enterprise,ONLINE,
2026-09-02T05:05:45+00:00,openquantum:iqm:qpu:emerald,ONLINE,
2026-09-02T05:05:45+00:00,openquantum:iqm:qpu:garnet,ONLINE,
2026-09-02T05:05:45+00:00,openquantum:rigetti:qpu:cepheus-1-108q,ONLINE,
2026-09-02T09:54:47+00:00,aws:aqt:qpu:ibex-q1,ONLINE,
2026-09-02T09:54:47+00:00,aws:quera:qpu:aquila,UNAVAILABLE,
2026-09-02T09:54:47+00:00,ibm:ibm:qpu:marrakesh,ONLINE,
2026-09-02T09:54:47+00:00,ibm:ibm:qpu:pittsburgh,ONLINE,
2026-09-02T09:54:47+00:00,azure:pasqal:qpu:fresnel,OFFLINE,
2026-09-02T09:54:47+00:00,aws:iqm:qpu:emerald,ONLINE,
2026-09-02T09:54:47+00:00,azure:ionq:qpu:forte-1,OFFLINE,
2026-09-02T09:54:47+00:00,ibm:ibm:qpu:kingston,ONLINE,
2026-09-02T09:54:47+00:00,aws:ionq:qpu:forte-1,OFFLINE,
2026-09-02T09:54:47+00:00,aws:ionq:qpu:forte-enterprise-1,ONLINE,
2026-09-02T09:54:47+00:00,ionq:ionq:qpu:forte-1,UNAVAILABLE,
2026-09-02T09:54:47+00:00,ibm:ibm:qpu:fez,ONLINE,
2026-09-02T09:54:47+00:00,aws:iqm:qpu:garnet,ONLINE,
2026-09-02T09:54:47+00:00,azure:rigetti:qpu:cepheus-1-36q,OFFLINE,
2026-09-02T09:54:47+00:00,azure:ionq:qpu:forte-enterprise-1,OFFLINE,
2026-09-02T09:54:47+00:00,ibm:ibm:qpu:boston,ONLINE,
2026-09-02T09:54:47+00:00,ibm:ibm:qpu:miami,ONLINE,
2026-09-02T09:54:47+00:00,rigetti:rigetti:qpu:cepheus-1-108q,ONLINE,
2026-09-02T09:54:47+00:00,aws:rigetti:qpu:cepheus-1-108q,ONLINE,
2026-09-02T09:54:47+00:00,openquantum:aqt:qpu:ibex-q1,ONLINE,
2026-09-02T09:54:47+00:00,openquantum:ionq:qpu:forte-1,ONLINE,
2026-09-02T09:54:47+00:00,openquantum:ionq:qpu:forte-enterprise,ONLINE,
2026-09-02T09:54:47+00:00,openquantum:iqm:qpu:emerald,ONLINE,
2026-09-02T09:54:47+00:00,openquantum:iqm:qpu:garnet,ONLINE,
2026-09-02T09:54:47+00:00,openquantum:rigetti:qpu:cepheus-1-108q,ONLINE,
2026-09-02T14:07:00+00:00,aws:aqt:qpu:ibex-q1,ONLINE,
2026-09-02T14:07:00+00:00,aws:quera:qpu:aquila,UNAVAILABLE,
2026-09-02T14:07:00+00:00,ibm:ibm:qpu:marrakesh,ONLINE,
2026-09-02T14:07:00+00:00,ibm:ibm:qpu:pittsburgh,ONLINE,
2026-09-02T14:07:00+00:00,azure:pasqal:qpu:fresnel,OFFLINE,
2026-09-02T14:07:00+00:00,aws:iqm:qpu:emerald,ONLINE,
2026-09-02T14:07:00+00:00,azure:ionq:qpu:forte-1,OFFLINE,
2026-09-02T14:07:00+00:00,ibm:ibm:qpu:kingston,ONLINE,
2026-09-02T14:07:00+00:00,aws:ionq:qpu:forte-1,OFFLINE,
2026-09-02T14:07:00+00:00,aws:ionq:qpu:forte-enterprise-1,ONLINE,
2026-09-02T14:07:00+00:00,ionq:ionq:qpu:forte-1,UNAVAILABLE,
2026-09-02T14:07:00+00:00,ibm:ibm:qpu:fez,ONLINE,
2026-09-02T14:07:00+00:00,aws:iqm:qpu:garnet,ONLINE,
2026-09-02T14:07:00+00:00,azure:rigetti:qpu:cepheus-1-36q,OFFLINE,
2026-09-02T14:07:00+00:00,azure:ionq:qpu:forte-enterprise-1,OFFLINE,
2026-09-02T14:07:00+00:00,ibm:ibm:qpu:boston,ONLINE,
2026-09-02T14:07:00+00:00,ibm:ibm:qpu:miami,ONLINE,
2026-09-02T14:07:00+00:00,rigetti:rigetti:qpu:cepheus-1-108q,ONLINE,
2026-09-02T14:07:00+00:00,aws:rigetti:qpu:cepheus-1-108q,ONLINE,
2026-09-02T14:07:00+00:00,openquantum:aqt:qpu:ibex-q1,ONLINE,
2026-09-02T14:07:00+00:00,openquantum:ionq:qpu:forte-1,ONLINE,
2026-09-02T14:07:00+00:00,openquantum:ionq:qpu:forte-enterprise,ONLINE,
2026-09-02T14:07:00+00:00,openquantum:iqm:qpu:emerald,ONLINE,
2026-09-02T14:07:00+00:00,openquantum:iqm:qpu:garnet,ONLINE,
2026-09-02T14:07:00+00:00,openquantum:rigetti:qpu:cepheus-1-108q,ONLINE,
2026-09-02T18:04:52+00:00,aws:aqt:qpu:ibex-q1,UNAVAILABLE,
2026-09-02T18:04:52+00:00,aws:quera:qpu:aquila,UNAVAILABLE,
2026-09-02T18:04:52+00:00,ibm:ibm:qpu:marrakesh,ONLINE,
2026-09-02T18:04:52+00:00,ibm:ibm:qpu:pittsburgh,ONLINE,
2026-09-02T18:04:52+00:00,azure:pasqal:qpu:fresnel,OFFLINE,
2026-09-02T18:04:52+00:00,aws:iqm:qpu:emerald,ONLINE,
2026-09-02T18:04:52+00:00,azure:ionq:qpu:forte-1,OFFLINE,
2026-09-02T18:04:52+00:00,ibm:ibm:qpu:kingston,ONLINE,
2026-09-02T18:04:52+00:00,aws:ionq:qpu:forte-1,OFFLINE,
2026-09-02T18:04:52+00:00,aws:ionq:qpu:forte-enterprise-1,ONLINE,
2026-09-02T18:04:52+00:00,ionq:ionq:qpu:forte-1,UNAVAILABLE,
2026-09-02T18:04:52+00:00,ibm:ibm:qpu:fez,ONLINE,
2026-09-02T18:04:52+00:00,aws:iqm:qpu:garnet,ONLINE,
2026-09-02T18:04:52+00:00,azure:rigetti:qpu:cepheus-1-36q,OFFLINE,
2026-09-02T18:04:52+00:00,azure:ionq:qpu:forte-enterprise-1,OFFLINE,
2026-09-02T18:04:52+00:00,ibm:ibm:qpu:boston,ONLINE,
2026-09-02T18:04:52+00:00,ibm:ibm:qpu:miami,ONLINE,
2026-09-02T18:04:52+00:00,rigetti:rigetti:qpu:cepheus-1-108q,ONLINE,
2026-09-02T18:04:52+00:00,aws:rigetti:qpu:cepheus-1-108q,ONLINE,
2026-09-02T18:04:52+00:00,openquantum:aqt:qpu:ibex-q1,ONLINE,
2026-09-02T18:04:52+00:00,openquantum:ionq:qpu:forte-1,ONLINE,
2026-09-02T18:04:52+00:00,openquantum:ionq:qpu:forte-enterprise,ONLINE,
2026-09-02T18:04:52+00:00,openquantum:iqm:qpu:emerald,ONLINE,
2026-09-02T18:04:52+00:00,openquantum:iqm:qpu:garnet,ONLINE,
2026-09-02T18:04:52+00:00,openquantum:rigetti:qpu:cepheus-1-108q,ONLINE,
2026-09-02T21:18:07+00:00,aws:aqt:qpu:ibex-q1,UNAVAILABLE,
2026-09-02T21:18:07+00:00,aws:quera:qpu:aquila,UNAVAILABLE,
2026-09-02T21:18:07+00:00,ibm:ibm:qpu:marrakesh,ONLINE,
2026-09-02T21:18:07+00:00,ibm:ibm:qpu:pittsburgh,ONLINE,
2026-09-02T21:18:07+00:00,azure:pasqal:qpu:fresnel,OFFLINE,
2026-09-02T21:18:07+00:00,aws:iqm:qpu:emerald,ONLINE,
2026-09-02T21:18:07+00:00,azure:ionq:qpu:forte-1,OFFLINE,
2026-09-02T21:18:07+00:00,ibm:ibm:qpu:kingston,ONLINE,
2026-09-02T21:18:07+00:00,aws:ionq:qpu:forte-1,OFFLINE,
2026-09-02T21:18:07+00:00,aws:ionq:qpu:forte-enterprise-1,ONLINE,
2026-09-02T21:18:07+00:00,ionq:ionq:qpu:forte-1,UNAVAILABLE,
2026-09-02T21:18:07+00:00,ibm:ibm:qpu:fez,ONLINE,
2026-09-02T21:18:07+00:00,aws:iqm:qpu:garnet,ONLINE,
2026-09-02T21:18:07+00:00,azure:rigetti:qpu:cepheus-1-36q,OFFLINE,
2026-09-02T21:18:07+00:00,azure:ionq:qpu:forte-enterprise-1,OFFLINE,
2026-09-02T21:18:07+00:00,ibm:ibm:qpu:boston,ONLINE,
2026-09-02T21:18:07+00:00,ibm:ibm:qpu:miami,ONLINE,
2026-09-02T21:18:07+00:00,rigetti:rigetti:qpu:cepheus-1-108q,ONLINE,
2026-09-02T21:18:07+00:00,aws:rigetti:qpu:cepheus-1-108q,ONLINE,
2026-09-02T21:18:07+00:00,openquantum:aqt:qpu:ibex-q1,ONLINE,
2026-09-02T21:18:07+00:00,openquantum:ionq:qpu:forte-1,ONLINE,
2026-09-02T21:18:07+00:00,openquantum:ionq:qpu:forte-enterprise,ONLINE,
2026-09-02T21:18:07+00:00,openquantum:iqm:qpu:emerald,ONLINE,
2026-09-02T21:18:07+00:00,openquantum:iqm:qpu:garnet,ONLINE,
2026-09-02T21:18:07+00:00,openquantum:rigetti:qpu:cepheus-1-108q,ONLINE,
2026-09-02T23:33:13+00:00,aws:aqt:qpu:ibex-q1,UNAVAILABLE,
2026-09-02T23:33:13+00:00,aws:quera:qpu:aquila,UNAVAILABLE,
2026-09-02T23:33:13+00:00,ibm:ibm:qpu:marrakesh,ONLINE,
2026-09-02T23:33:13+00:00,ibm:ibm:qpu:pittsburgh,ONLINE,
2026-09-02T23:33:13+00:00,azure:pasqal:qpu:fresnel,OFFLINE,
2026-09-02T23:33:13+00:00,aws:iqm:qpu:emerald,ONLINE,
2026-09-02T23:33:13+00:00,azure:ionq:qpu:forte-1,OFFLINE,
2026-09-02T23:33:13+00:00,ibm:ibm:qpu:kingston,ONLINE,
2026-09-02T23:33:13+00:00,aws:ionq:qpu:forte-1,OFFLINE,
2026-09-02T23:33:13+00:00,aws:ionq:qpu:forte-enterprise-1,ONLINE,
2026-09-02T23:33:13+00:00,ionq:ionq:qpu:forte-1,UNAVAILABLE,
2026-09-02T23:33:13+00:00,ibm:ibm:qpu:fez,ONLINE,
2026-09-02T23:33:13+00:00,aws:iqm:qpu:garnet,ONLINE,
2026-09-02T23:33:13+00:00,azure:rigetti:qpu:cepheus-1-36q,OFFLINE,
2026-09-02T23:33:13+00:00,azure:ionq:qpu:forte-enterprise-1,OFFLINE,
2026-09-02T23:33:13+00:00,ibm:ibm:qpu:boston,ONLINE,
2026-09-02T23:33:13+00:00,ibm:ibm:qpu:miami,ONLINE,
2026-09-02T23:33:13+00:00,rigetti:rigetti:qpu:cepheus-1-108q,ONLINE,
2026-09-02T23:33:13+00:00,aws:rigetti:qpu:cepheus-1-108q,ONLINE,
2026-09-02T23:33:13+00:00,openquantum:aqt:qpu:ibex-q1,ONLINE,
2026-09-02T23:33:13+00:00,openquantum:ionq:qpu:forte-1,ONLINE,
2026-09-02T23:33:13+00:00,openquantum:ionq:qpu:forte-enterprise,ONLINE,
2026-09-02T23:33:13+00:00,openquantum:iqm:qpu:emerald,ONLINE,
2026-09-02T23:33:13+00:00,openquantum:iqm:qpu:garnet,ONLINE,
2026-09-02T23:33:13+00:00,openquantum:rigetti:qpu:cepheus-1-108q,ONLINE,
2026-09-03T01:27:18+00:00,aws:aqt:qpu:ibex-q1,UNAVAILABLE,
2026-09-03T01:27:18+00:00,aws:quera:qpu:aquila,UNAVAILABLE,
2026-09-03T01:27:18+00:00,ibm:ibm:qpu:marrakesh,ONLINE,
2026-09-03T01:27:18+00:00,ibm:ibm:qpu:pittsburgh,ONLINE,
2026-09-03T01:27:18+00:00,azure:pasqal:qpu:fresnel,OFFLINE,
2026-09-03T01:27:18+00:00,aws:iqm:qpu:emerald,ONLINE,
2026-09-03T01:27:18+00:00,azure:ionq:qpu:forte-1,OFFLINE,
2026-09-03T01:27:18+00:00,ibm:ibm:qpu:kingston,ONLINE,
2026-09-03T01:27:18+00:00,aws:ionq:qpu:forte-1,OFFLINE,
2026-09-03T01:27:18+00:00,aws:ionq:qpu:forte-enterprise-1,ONLINE,
2026-09-03T01:27:18+00:00,ionq:ionq:qpu:forte-1,UNAVAILABLE,
2026-09-03T01:27:18+00:00,ibm:ibm:qpu:fez,ONLINE,
2026-09-03T01:27:18+00:00,aws:iqm:qpu:garnet,ONLINE,
2026-09-03T01:27:18+00:00,azure:rigetti:qpu:cepheus-1-36q,OFFLINE,
2026-09-03T01:27:18+00:00,azure:ionq:qpu:forte-enterprise-1,OFFLINE,
2026-09-03T01:27:18+00:00,ibm:ibm:qpu:boston,ONLINE,
2026-09-03T01:27:18+00:00,ibm:ibm:qpu:miami,ONLINE,
2026-09-03T01:27:18+00:00,rigetti:rigetti:qpu:cepheus-1-108q,ONLINE,
2026-09-03T01:27:18+00:00,aws:rigetti:qpu:cepheus-1-108q,ONLINE,
2026-09-03T01:27:18+00:00,openquantum:aqt:qpu:ibex-q1,ONLINE,
2026-09-03T01:27:18+00:00,openquantum:ionq:qpu:forte-1,ONLINE,
2026-09-03T01:27:18+00:00,openquantum:ionq:qpu:forte-enterprise,ONLINE,
2026-09-03T01:27:18+00:00,openquantum:iqm:qpu:emerald,ONLINE,
2026-09-03T01:27:18+00:00,openquantum:iqm:qpu:garnet,ONLINE,
2026-09-03T01:27:18+00:00,openquantum:rigetti:qpu:cepheus-1-108q,ONLINE,
2026-09-03T06:29:39+00:00,aws:aqt:qpu:ibex-q1,UNAVAILABLE,
2026-09-03T06:29:39+00:00,aws:quera:qpu:aquila,UNAVAILABLE,
2026-09-03T06:29:39+00:00,ibm:ibm:qpu:marrakesh,ONLINE,
2026-09-03T06:29:39+00:00,ibm:ibm:qpu:pittsburgh,ONLINE,
2026-09-03T06:29:39+00:00,azure:pasqal:qpu:fresnel,OFFLINE,
2026-09-03T06:29:39+00:00,aws:iqm:qpu:emerald,UNAVAILABLE,
2026-09-03T06:29:39+00:00,azure:ionq:qpu:forte-1,OFFLINE,
2026-09-03T06:29:39+00:00,ibm:ibm:qpu:kingston,ONLINE,
2026-09-03T06:29:39+00:00,aws:ionq:qpu:forte-1,OFFLINE,
2026-09-03T06:29:39+00:00,aws:ionq:qpu:forte-enterprise-1,ONLINE,
2026-09-03T06:29:39+00:00,ionq:ionq:qpu:forte-1,UNAVAILABLE,
2026-09-03T06:29:39+00:00,ibm:ibm:qpu:fez,ONLINE,
2026-09-03T06:29:39+00:00,aws:iqm:qpu:garnet,ONLINE,
2026-09-03T06:29:39+00:00,azure:rigetti:qpu:cepheus-1-36q,OFFLINE,
2026-09-03T06:29:39+00:00,azure:ionq:qpu:forte-enterprise-1,OFFLINE,
2026-09-03T06:29:39+00:00,ibm:ibm:qpu:boston,ONLINE,
2026-09-03T06:29:39+00:00,ibm:ibm:qpu:miami,ONLINE,
2026-09-03T06:29:39+00:00,rigetti:rigetti:qpu:cepheus-1-108q,ONLINE,
2026-09-03T06:29:39+00:00,aws:rigetti:qpu:cepheus-1-108q,ONLINE,
2026-09-03T06:29:39+00:00,openquantum:aqt:qpu:ibex-q1,ONLINE,
2026-09-03T06:29:39+00:00,openquantum:ionq:qpu:forte-1,ONLINE,
2026-09-03T06:29:39+00:00,openquantum:ionq:qpu:forte-enterprise,ONLINE,
2026-09-03T06:29:39+00:00,openquantum:iqm:qpu:emerald,ONLINE,
2026-09-03T06:29:39+00:00,openquantum:iqm:qpu:garnet,ONLINE,
2026-09-03T06:29:39+00:00,openquantum:rigetti:qpu:cepheus-1-108q,ONLINE,
2026-09-03T11:43:34+00:00,aws:aqt:qpu:ibex-q1,UNAVAILABLE,
2026-09-03T11:43:34+00:00,aws:quera:qpu:aquila,UNAVAILABLE,
2026-09-03T11:43:34+00:00,ibm:ibm:qpu:marrakesh,ONLINE,
2026-09-03T11:43:34+00:00,ibm:ibm:qpu:pittsburgh,ONLINE,
2026-09-03T11:43:34+00:00,azure:pasqal:qpu:fresnel,OFFLINE,
2026-09-03T11:43:34+00:00,aws:iqm:qpu:emerald,ONLINE,
2026-09-03T11:43:34+00:00,azure:ionq:qpu:forte-1,OFFLINE,
2026-09-03T11:43:34+00:00,ibm:ibm:qpu:kingston,ONLINE,
2026-09-03T11:43:34+00:00,aws:ionq:qpu:forte-1,OFFLINE,
2026-09-03T11:43:34+00:00,aws:ionq:qpu:forte-enterprise-1,UNAVAILABLE,
2026-09-03T11:43:34+00:00,ionq:ionq:qpu:forte-1,UNAVAILABLE,
2026-09-03T11:43:34+00:00,ibm:ibm:qpu:fez,ONLINE,
2026-09-03T11:43:34+00:00,aws:iqm:qpu:garnet,ONLINE,
2026-09-03T11:43:34+00:00,azure:rigetti:qpu:cepheus-1-36q,OFFLINE,
2026-09-03T11:43:34+00:00,azure:ionq:qpu:forte-enterprise-1,OFFLINE,
2026-09-03T11:43:34+00:00,ibm:ibm:qpu:boston,ONLINE,
2026-09-03T11:43:34+00:00,ibm:ibm:qpu:miami,ONLINE,
2026-09-03T11:43:34+00:00,rigetti:rigetti:qpu:cepheus-1-108q,ONLINE,
2026-09-03T11:43:34+00:00,aws:rigetti:qpu:cepheus-1-108q,ONLINE,
2026-09-03T11:43:34+00:00,openquantum:aqt:qpu:ibex-q1,ONLINE,
2026-09-03T11:43:34+00:00,openquantum:ionq:qpu:forte-1,ONLINE,
2026-09-03T11:43:34+00:00,openquantum:ionq:qpu:forte-enterprise,ONLINE,
2026-09-03T11:43:34+00:00,openquantum:iqm:qpu:emerald,ONLINE,
2026-09-03T11:43:34+00:00,openquantum:iqm:qpu:garnet,ONLINE,
2026-09-03T11:43:34+00:00,openquantum:rigetti:qpu:cepheus-1-108q,ONLINE,
2026-09-03T15:13:59+00:00,aws:aqt:qpu:ibex-q1,UNAVAILABLE,
2026-09-03T15:13:59+00:00,aws:quera:qpu:aquila,UNAVAILABLE,
2026-09-03T15:13:59+00:00,ibm:ibm:qpu:marrakesh,ONLINE,
2026-09-03T15:13:59+00:00,ibm:ibm:qpu:pittsburgh,ONLINE,
2026-09-03T15:13:59+00:00,azure:pasqal:qpu:fresnel,OFFLINE,
2026-09-03T15:13:59+00:00,aws:iqm:qpu:emerald,ONLINE,
2026-09-03T15:13:59+00:00,azure:ionq:qpu:forte-1,OFFLINE,
2026-09-03T15:13:59+00:00,ibm:ibm:qpu:kingston,ONLINE,
2026-09-03T15:13:59+00:00,aws:ionq:qpu:forte-1,OFFLINE,
2026-09-03T15:13:59+00:00,aws:ionq:qpu:forte-enterprise-1,ONLINE,
2026-09-03T15:13:59+00:00,ionq:ionq:qpu:forte-1,UNAVAILABLE,
2026-09-03T15:13:59+00:00,ibm:ibm:qpu:fez,ONLINE,
2026-09-03T15:13:59+00:00,aws:iqm:qpu:garnet,ONLINE,
2026-09-03T15:13:59+00:00,azure:rigetti:qpu:cepheus-1-36q,OFFLINE,
2026-09-03T15:13:59+00:00,azure:ionq:qpu:forte-enterprise-1,OFFLINE,
2026-09-03T15:13:59+00:00,ibm:ibm:qpu:boston,ONLINE,
2026-09-03T15:13:59+00:00,ibm:ibm:qpu:miami,ONLINE,
2026-09-03T15:13:59+00:00,rigetti:rigetti:qpu:cepheus-1-108q,ONLINE,
2026-09-03T15:13:59+00:00,aws:rigetti:qpu:cepheus-1-108q,ONLINE,
2026-09-03T15:13:59+00:00,openquantum:aqt:qpu:ibex-q1,ONLINE,
2026-09-03T15:13:59+00:00,openquantum:ionq:qpu:forte-1,ONLINE,
2026-09-03T15:13:59+00:00,openquantum:ionq:qpu:forte-enterprise,ONLINE,
2026-09-03T15:13:59+00:00,openquantum:iqm:qpu:emerald,ONLINE,
2026-09-03T15:13:59+00:00,openquantum:iqm:qpu:garnet,ONLINE,
2026-09-03T15:13:59+00:00,openquantum:rigetti:qpu:cepheus-1-108q,ONLINE,
2026-09-03T18:52:38+00:00,aws:aqt:qpu:ibex-q1,UNAVAILABLE,
2026-09-03T18:52:38+00:00,aws:quera:qpu:aquila,UNAVAILABLE,
2026-09-03T18:52:38+00:00,ibm:ibm:qpu:marrakesh,ONLINE,
2026-09-03T18:52:38+00:00,ibm:ibm:qpu:pittsburgh,ONLINE,
2026-09-03T18:52:38+00:00,azure:pasqal:qpu:fresnel,OFFLINE,
2026-09-03T18:52:38+00:00,aws:iqm:qpu:emerald,ONLINE,
2026-09-03T18:52:38+00:00,azure:ionq:qpu:forte-1,OFFLINE,
2026-09-03T18:52:38+00:00,ibm:ibm:qpu:kingston,ONLINE,
2026-09-03T18:52:38+00:00,aws:ionq:qpu:forte-1,OFFLINE,
2026-09-03T18:52:38+00:00,aws:ionq:qpu:forte-enterprise-1,ONLINE,
2026-09-03T18:52:38+00:00,ionq:ionq:qpu:forte-1,UNAVAILABLE,
2026-09-03T18:52:38+00:00,ibm:ibm:qpu:fez,ONLINE,
2026-09-03T18:52:38+00:00,aws:iqm:qpu:garnet,ONLINE,
2026-09-03T18:52:38+00:00,azure:rigetti:qpu:cepheus-1-36q,OFFLINE,
2026-09-03T18:52:38+00:00,azure:ionq:qpu:forte-enterprise-1,OFFLINE,
2026-09-03T18:52:38+00:00,ibm:ibm:qpu:boston,ONLINE,
2026-09-03T18:52:38+00:00,ibm:ibm:qpu:miami,ONLINE,
2026-09-03T18:52:38+00:00,rigetti:rigetti:qpu:cepheus-1-108q,ONLINE,
2026-09-03T18:52:38+00:00,aws:rigetti:qpu:cepheus-1-108q,ONLINE,
2026-09-03T18:52:38+00:00,openquantum:aqt:qpu:ibex-q1,ONLINE,
2026-09-03T18:52:38+00:00,openquantum:ionq:qpu:forte-1,ONLINE,
2026-09-03T18:52:38+00:00,openquantum:ionq:qpu:forte-enterprise,ONLINE,
2026-09-03T18:52:38+00:00,openquantum:iqm:qpu:emerald,ONLINE,
2026-09-03T18:52:38+00:00,openquantum:iqm:qpu:garnet,ONLINE,
2026-09-03T18:52:38+00:00,openquantum:rigetti:qpu:cepheus-1-108q,ONLINE,
2026-09-03T21:34:22+00:00,aws:aqt:qpu:ibex-q1,UNAVAILABLE,
2026-09-03T21:34:22+00:00,aws:quera:qpu:aquila,UNAVAILABLE,
2026-09-03T21:34:22+00:00,ibm:ibm:qpu:marrakesh,ONLINE,
2026-09-03T21:34:22+00:00,ibm:ibm:qpu:pittsburgh,ONLINE,
2026-09-03T21:34:22+00:00,azure:pasqal:qpu:fresnel,OFFLINE,
2026-09-03T21:34:22+00:00,aws:iqm:qpu:emerald,ONLINE,
2026-09-03T21:34:22+00:00,azure:ionq:qpu:forte-1,OFFLINE,
2026-09-03T21:34:22+00:00,ibm:ibm:qpu:kingston,ONLINE,
2026-09-03T21:34:22+00:00,aws:ionq:qpu:forte-1,OFFLINE,
2026-09-03T21:34:22+00:00,aws:ionq:qpu:forte-enterprise-1,ONLINE,
2026-09-03T21:34:22+00:00,ionq:ionq:qpu:forte-1,UNAVAILABLE,
2026-09-03T21:34:22+00:00,ibm:ibm:qpu:fez,ONLINE,
2026-09-03T21:34:22+00:00,aws:iqm:qpu:garnet,ONLINE,
2026-09-03T21:34:22+00:00,azure:rigetti:qpu:cepheus-1-36q,OFFLINE,
2026-09-03T21:34:22+00:00,azure:ionq:qpu:forte-enterprise-1,OFFLINE,
2026-09-03T21:34:22+00:00,ibm:ibm:qpu:boston,ONLINE,
2026-09-03T21:34:22+00:00,ibm:ibm:qpu:miami,ONLINE,
2026-09-03T21:34:22+00:00,rigetti:rigetti:qpu:cepheus-1-108q,ONLINE,
2026-09-03T21:34:22+00:00,aws:rigetti:qpu:cepheus-1-108q,ONLINE,
2026-09-03T21:34:22+00:00,openquantum:aqt:qpu:ibex-q1,ONLINE,
2026-09-03T21:34:22+00:00,openquantum:ionq:qpu:forte-1,ONLINE,
2026-09-03T21:34:22+00:00,openquantum:ionq:qpu:forte-enterprise,ONLINE,
2026-09-03T21:34:22+00:00,openquantum:iqm:qpu:emerald,ONLINE,
2026-09-03T21:34:22+00:00,openquantum:iqm:qpu:garnet,ONLINE,
2026-09-03T21:34:22+00:00,openquantum:rigetti:qpu:cepheus-1-108q,ONLINE,
2026-09-03T23:31:59+00:00,aws:aqt:qpu:ibex-q1,UNAVAILABLE,
2026-09-03T23:31:59+00:00,aws:quera:qpu:aquila,UNAVAILABLE,
2026-09-03T23:31:59+00:00,ibm:ibm:qpu:marrakesh,ONLINE,
2026-09-03T23:31:59+00:00,ibm:ibm:qpu:pittsburgh,ONLINE,
2026-09-03T23:31:59+00:00,azure:pasqal:qpu:fresnel,OFFLINE,
2026-09-03T23:31:59+00:00,aws:iqm:qpu:emerald,ONLINE,
2026-09-03T23:31:59+00:00,azure:ionq:qpu:forte-1,OFFLINE,
2026-09-03T23:31:59+00:00,ibm:ibm:qpu:kingston,ONLINE,
2026-09-03T23:31:59+00:00,aws:ionq:qpu:forte-1,OFFLINE,
2026-09-03T23:31:59+00:00,aws:ionq:qpu:forte-enterprise-1,ONLINE,
2026-09-03T23:31:59+00:00,ionq:ionq:qpu:forte-1,UNAVAILABLE,
2026-09-03T23:31:59+00:00,ibm:ibm:qpu:fez,ONLINE,
2026-09-03T23:31:59+00:00,aws:iqm:qpu:garnet,ONLINE,
2026-09-03T23:31:59+00:00,azure:rigetti:qpu:cepheus-1-36q,OFFLINE,
2026-09-03T23:31:59+00:00,azure:ionq:qpu:forte-enterprise-1,OFFLINE,
2026-09-03T23:31:59+00:00,ibm:ibm:qpu:boston,ONLINE,
2026-09-03T23:31:59+00:00,ibm:ibm:qpu:miami,ONLINE,
2026-09-03T23:31:59+00:00,rigetti:rigetti:qpu:cepheus-1-108q,ONLINE,
2026-09-03T23:31:59+00:00,aws:rigetti:qpu:cepheus-1-108q,ONLINE,
2026-09-03T23:31:59+00:00,openquantum:aqt:qpu:ibex-q1,ONLINE,
2026-09-03T23:31:59+00:00,openquantum:ionq:qpu:forte-1,ONLINE,
2026-09-03T23:31:59+00:00,openquantum:ionq:qpu:forte-enterprise,ONLINE,
2026-09-03T23:31:59+00:00,openquantum:iqm:qpu:emerald,ONLINE,
2026-09-03T23:31:59+00:00,openquantum:iqm:qpu:garnet,ONLINE,
2026-09-03T23:31:59+00:00,openquantum:rigetti:qpu:cepheus-1-108q,ONLINE,
2026-09-04T01:22:00+00:00,aws:aqt:qpu:ibex-q1,UNAVAILABLE,
2026-09-04T01:22:00+00:00,aws:quera:qpu:aquila,UNAVAILABLE,
2026-09-04T01:22:00+00:00,ibm:ibm:qpu:marrakesh,ONLINE,
2026-09-04T01:22:00+00:00,ibm:ibm:qpu:pittsburgh,ONLINE,
2026-09-04T01:22:00+00:00,azure:pasqal:qpu:fresnel,OFFLINE,
2026-09-04T01:22:00+00:00,aws:iqm:qpu:emerald,ONLINE,
2026-09-04T01:22:00+00:00,azure:ionq:qpu:forte-1,OFFLINE,
2026-09-04T01:22:00+00:00,ibm:ibm:qpu:kingston,ONLINE,
2026-09-04T01:22:00+00:00,aws:ionq:qpu:forte-1,OFFLINE,
2026-09-04T01:22:00+00:00,aws:ionq:qpu:forte-enterprise-1,ONLINE,
2026-09-04T01:22:00+00:00,ionq:ionq:qpu:forte-1,UNAVAILABLE,
2026-09-04T01:22:00+00:00,ibm:ibm:qpu:fez,ONLINE,
2026-09-04T01:22:00+00:00,aws:iqm:qpu:garnet,ONLINE,
2026-09-04T01:22:00+00:00,azure:rigetti:qpu:cepheus-1-36q,OFFLINE,
2026-09-04T01:22:00+00:00,azure:ionq:qpu:forte-enterprise-1,OFFLINE,
2026-09-04T01:22:00+00:00,ibm:ibm:qpu:boston,ONLINE,
2026-09-04T01:22:00+00:00,ibm:ibm:qpu:miami,ONLINE,
2026-09-04T01:22:00+00:00,rigetti:rigetti:qpu:cepheus-1-108q,ONLINE,
2026-09-04T01:22:00+00:00,aws:rigetti:qpu:cepheus-1-108q,ONLINE,
2026-09-04T01:22:00+00:00,openquantum:aqt:qpu:ibex-q1,ONLINE,
2026-09-04T01:22:00+00:00,openquantum:ionq:qpu:forte-1,ONLINE,
2026-09-04T01:22:00+00:00,openquantum:ionq:qpu:forte-enterprise,ONLINE,
2026-09-04T01:22:00+00:00,openquantum:iqm:qpu:emerald,ONLINE,
2026-09-04T01:22:00+00:00,openquantum:iqm:qpu:garnet,ONLINE,
2026-09-04T01:22:00+00:00,openquantum:rigetti:qpu:cepheus-1-108q,ONLINE,
2026-09-04T06:32:02+00:00,aws:aqt:qpu:ibex-q1,UNAVAILABLE,
2026-09-04T06:32:02+00:00,aws:quera:qpu:aquila,ONLINE,
2026-09-04T06:32:02+00:00,ibm:ibm:qpu:marrakesh,ONLINE,
2026-09-04T06:32:02+00:00,ibm:ibm:qpu:pittsburgh,ONLINE,
2026-09-04T06:32:02+00:00,azure:pasqal:qpu:fresnel,OFFLINE,
2026-09-04T06:32:02+00:00,aws:iqm:qpu:emerald,UNAVAILABLE,
2026-09-04T06:32:02+00:00,azure:ionq:qpu:forte-1,OFFLINE,
2026-09-04T06:32:02+00:00,ibm:ibm:qpu:kingston,ONLINE,
2026-09-04T06:32:02+00:00,aws:ionq:qpu:forte-1,OFFLINE,
2026-09-04T06:32:02+00:00,aws:ionq:qpu:forte-enterprise-1,ONLINE,
2026-09-04T06:32:02+00:00,ionq:ionq:qpu:forte-1,UNAVAILABLE,
2026-09-04T06:32:02+00:00,ibm:ibm:qpu:fez,ONLINE,
2026-09-04T06:32:02+00:00,aws:iqm:qpu:garnet,ONLINE,
2026-09-04T06:32:02+00:00,azure:rigetti:qpu:cepheus-1-36q,OFFLINE,
2026-09-04T06:32:02+00:00,azure:ionq:qpu:forte-enterprise-1,OFFLINE,
2026-09-04T06:32:02+00:00,ibm:ibm:qpu:boston,ONLINE,
2026-09-04T06:32:02+00:00,ibm:ibm:qpu:miami,ONLINE,
2026-09-04T06:32:02+00:00,rigetti:rigetti:qpu:cepheus-1-108q,ONLINE,
2026-09-04T06:32:02+00:00,aws:rigetti:qpu:cepheus-1-108q,ONLINE,
2026-09-04T06:32:02+00:00,openquantum:aqt:qpu:ibex-q1,ONLINE,
2026-09-04T06:32:02+00:00,openquantum:ionq:qpu:forte-1,ONLINE,
2026-09-04T06:32:02+00:00,openquantum:ionq:qpu:forte-enterprise,ONLINE,
2026-09-04T06:32:02+00:00,openquantum:iqm:qpu:emerald,ONLINE,
2026-09-04T06:32:02+00:00,openquantum:iqm:qpu:garnet,ONLINE,
2026-09-04T06:32:02+00:00,openquantum:rigetti:qpu:cepheus-1-108q,ONLINE,
2026-09-04T11:44:59+00:00,aws:aqt:qpu:ibex-q1,ONLINE,
2026-09-04T11:44:59+00:00,aws:quera:qpu:aquila,ONLINE,
2026-09-04T11:44:59+00:00,ibm:ibm:qpu:marrakesh,ONLINE,
2026-09-04T11:44:59+00:00,ibm:ibm:qpu:pittsburgh,ONLINE,
2026-09-04T11:44:59+00:00,azure:pasqal:qpu:fresnel,OFFLINE,
2026-09-04T11:44:59+00:00,aws:iqm:qpu:emerald,ONLINE,
2026-09-04T11:44:59+00:00,azure:ionq:qpu:forte-1,OFFLINE,
2026-09-04T11:44:59+00:00,ibm:ibm:qpu:kingston,ONLINE,
2026-09-04T11:44:59+00:00,aws:ionq:qpu:forte-1,OFFLINE,
2026-09-04T11:44:59+00:00,aws:ionq:qpu:forte-enterprise-1,ONLINE,
2026-09-04T11:44:59+00:00,ionq:ionq:qpu:forte-1,UNAVAILABLE,
2026-09-04T11:44:59+00:00,ibm:ibm:qpu:fez,ONLINE,
2026-09-04T11:44:59+00:00,aws:iqm:qpu:garnet,ONLINE,
2026-09-04T11:44:59+00:00,azure:rigetti:qpu:cepheus-1-36q,OFFLINE,
2026-09-04T11:44:59+00:00,azure:ionq:qpu:forte-enterprise-1,OFFLINE,
2026-09-04T11:44:59+00:00,ibm:ibm:qpu:boston,ONLINE,
2026-09-04T11:44:59+00:00,ibm:ibm:qpu:miami,ONLINE,
2026-09-04T11:44:59+00:00,rigetti:rigetti:qpu:cepheus-1-108q,ONLINE,
2026-09-04T11:44:59+00:00,aws:rigetti:qpu:cepheus-1-108q,ONLINE,
2026-09-04T11:44:59+00:00,openquantum:aqt:qpu:ibex-q1,ONLINE,
2026-09-04T11:44:59+00:00,openquantum:ionq:qpu:forte-1,ONLINE,
2026-09-04T11:44:59+00:00,openquantum:ionq:qpu:forte-enterprise,ONLINE,
2026-09-04T11:44:59+00:00,openquantum:iqm:qpu:emerald,ONLINE,
2026-09-04T11:44:59+00:00,openquantum:iqm:qpu:garnet,ONLINE,
2026-09-04T11:44:59+00:00,openquantum:rigetti:qpu:cepheus-1-108q,ONLINE,
2026-09-04T15:09:09+00:00,aws:aqt:qpu:ibex-q1,UNAVAILABLE,
2026-09-04T15:09:09+00:00,aws:quera:qpu:aquila,ONLINE,
2026-09-04T15:09:09+00:00,ibm:ibm:qpu:marrakesh,ONLINE,
2026-09-04T15:09:09+00:00,ibm:ibm:qpu:pittsburgh,ONLINE,
2026-09-04T15:09:09+00:00,azure:pasqal:qpu:fresnel,OFFLINE,
2026-09-04T15:09:09+00:00,aws:iqm:qpu:emerald,ONLINE,
2026-09-04T15:09:09+00:00,azure:ionq:qpu:forte-1,OFFLINE,
2026-09-04T15:09:09+00:00,ibm:ibm:qpu:kingston,ONLINE,
2026-09-04T15:09:09+00:00,aws:ionq:qpu:forte-1,OFFLINE,
2026-09-04T15:09:09+00:00,aws:ionq:qpu:forte-enterprise-1,ONLINE,
2026-09-04T15:09:09+00:00,ionq:ionq:qpu:forte-1,UNAVAILABLE,
2026-09-04T15:09:09+00:00,ibm:ibm:qpu:fez,ONLINE,
2026-09-04T15:09:09+00:00,aws:iqm:qpu:garnet,ONLINE,
2026-09-04T15:09:09+00:00,azure:rigetti:qpu:cepheus-1-36q,OFFLINE,
2026-09-04T15:09:09+00:00,azure:ionq:qpu:forte-enterprise-1,OFFLINE,
2026-09-04T15:09:09+00:00,ibm:ibm:qpu:boston,ONLINE,
2026-09-04T15:09:09+00:00,ibm:ibm:qpu:miami,ONLINE,
2026-09-04T15:09:09+00:00,rigetti:rigetti:qpu:cepheus-1-108q,ONLINE,
2026-09-04T15:09:09+00:00,aws:rigetti:qpu:cepheus-1-108q,ONLINE,
2026-09-04T15:09:09+00:00,openquantum:aqt:qpu:ibex-q1,ONLINE,
2026-09-04T15:09:09+00:00,openquantum:ionq:qpu:forte-1,ONLINE,
2026-09-04T15:09:09+00:00,openquantum:ionq:qpu:forte-enterprise,ONLINE,
2026-09-04T15:09:09+00:00,openquantum:iqm:qpu:emerald,ONLINE,
2026-09-04T15:09:09+00:00,openquantum:iqm:qpu:garnet,ONLINE,
2026-09-04T15:09:09+00:00,openquantum:rigetti:qpu:cepheus-1-108q,ONLINE,
2026-09-04T18:33:28+00:00,aws:aqt:qpu:ibex-q1,UNAVAILABLE,
2026-09-04T18:33:28+00:00,aws:quera:qpu:aquila,ONLINE,
2026-09-04T18:33:28+00:00,ibm:ibm:qpu:marrakesh,ONLINE,
2026-09-04T18:33:28+00:00,ibm:ibm:qpu:pittsburgh,UNAVAILABLE,
2026-09-04T18:33:28+00:00,azure:pasqal:qpu:fresnel,OFFLINE,
2026-09-04T18:33:28+00:00,aws:iqm:qpu:emerald,ONLINE,
2026-09-04T18:33:28+00:00,azure:ionq:qpu:forte-1,OFFLINE,
2026-09-04T18:33:28+00:00,ibm:ibm:qpu:kingston,ONLINE,
2026-09-04T18:33:28+00:00,aws:ionq:qpu:forte-1,OFFLINE,
2026-09-04T18:33:28+00:00,aws:ionq:qpu:forte-enterprise-1,ONLINE,
2026-09-04T18:33:28+00:00,ionq:ionq:qpu:forte-1,UNAVAILABLE,
2026-09-04T18:33:28+00:00,ibm:ibm:qpu:fez,ONLINE,
2026-09-04T18:33:28+00:00,aws:iqm:qpu:garnet,ONLINE,
2026-09-04T18:33:28+00:00,azure:rigetti:qpu:cepheus-1-36q,OFFLINE,
2026-09-04T18:33:28+00:00,azure:ionq:qpu:forte-enterprise-1,OFFLINE,
2026-09-04T18:33:28+00:00,ibm:ibm:qpu:boston,ONLINE,
2026-09-04T18:33:28+00:00,ibm:ibm:qpu:miami,ONLINE,
2026-09-04T18:33:28+00:00,rigetti:rigetti:qpu:cepheus-1-108q,ONLINE,
2026-09-04T18:33:28+00:00,aws:rigetti:qpu:cepheus-1-108q,ONLINE,
2026-09-04T18:33:28+00:00,openquantum:aqt:qpu:ibex-q1,ONLINE,
2026-09-04T18:33:28+00:00,openquantum:ionq:qpu:forte-1,ONLINE,
2026-09-04T18:33:28+00:00,openquantum:ionq:qpu:forte-enterprise,ONLINE,
2026-09-04T18:33:28+00:00,openquantum:iqm:qpu:emerald,ONLINE,
2026-09-04T18:33:28+00:00,openquantum:iqm:qpu:garnet,ONLINE,
2026-09-04T18:33:28+00:00,openquantum:rigetti:qpu:cepheus-1-108q,ONLINE,
2026-09-04T21:02:52+00:00,aws:aqt:qpu:ibex-q1,UNAVAILABLE,
2026-09-04T21:02:52+00:00,aws:quera:qpu:aquila,ONLINE,
2026-09-04T21:02:52+00:00,ibm:ibm:qpu:marrakesh,ONLINE,
2026-09-04T21:02:52+00:00,ibm:ibm:qpu:pittsburgh,ONLINE,
2026-09-04T21:02:52+00:00,azure:pasqal:qpu:fresnel,OFFLINE,
2026-09-04T21:02:52+00:00,aws:iqm:qpu:emerald,ONLINE,
2026-09-04T21:02:52+00:00,azure:ionq:qpu:forte-1,OFFLINE,
2026-09-04T21:02:52+00:00,ibm:ibm:qpu:kingston,ONLINE,
2026-09-04T21:02:52+00:00,aws:ionq:qpu:forte-1,OFFLINE,
2026-09-04T21:02:52+00:00,aws:ionq:qpu:forte-enterprise-1,ONLINE,
2026-09-04T21:02:52+00:00,ionq:ionq:qpu:forte-1,UNAVAILABLE,
2026-09-04T21:02:52+00:00,ibm:ibm:qpu:fez,ONLINE,
2026-09-04T21:02:52+00:00,aws:iqm:qpu:garnet,ONLINE,
2026-09-04T21:02:52+00:00,azure:rigetti:qpu:cepheus-1-36q,OFFLINE,
2026-09-04T21:02:52+00:00,azure:ionq:qpu:forte-enterprise-1,OFFLINE,
2026-09-04T21:02:52+00:00,ibm:ibm:qpu:boston,ONLINE,
2026-09-04T21:02:52+00:00,ibm:ibm:qpu:miami,ONLINE,
2026-09-04T21:02:52+00:00,rigetti:rigetti:qpu:cepheus-1-108q,ONLINE,
2026-09-04T21:02:52+00:00,aws:rigetti:qpu:cepheus-1-108q,ONLINE,
2026-09-04T21:02:52+00:00,openquantum:aqt:qpu:ibex-q1,ONLINE,
2026-09-04T21:02:52+00:00,openquantum:ionq:qpu:forte-1,ONLINE,
2026-09-04T21:02:52+00:00,openquantum:ionq:qpu:forte-enterprise,ONLINE,
2026-09-04T21:02:52+00:00,openquantum:iqm:qpu:emerald,ONLINE,
2026-09-04T21:02:52+00:00,openquantum:iqm:qpu:garnet,ONLINE,
2026-09-04T21:02:52+00:00,openquantum:rigetti:qpu:cepheus-1-108q,ONLINE,
2026-09-04T23:20:53+00:00,aws:aqt:qpu:ibex-q1,UNAVAILABLE,
2026-09-04T23:20:53+00:00,aws:quera:qpu:aquila,ONLINE,
2026-09-04T23:20:53+00:00,ibm:ibm:qpu:marrakesh,ONLINE,
2026-09-04T23:20:53+00:00,ibm:ibm:qpu:pittsburgh,ONLINE,
2026-09-04T23:20:53+00:00,azure:pasqal:qpu:fresnel,OFFLINE,
2026-09-04T23:20:53+00:00,aws:iqm:qpu:emerald,ONLINE,
2026-09-04T23:20:53+00:00,azure:ionq:qpu:forte-1,OFFLINE,
2026-09-04T23:20:53+00:00,ibm:ibm:qpu:kingston,ONLINE,
2026-09-04T23:20:53+00:00,aws:ionq:qpu:forte-1,OFFLINE,
2026-09-04T23:20:53+00:00,aws:ionq:qpu:forte-enterprise-1,ONLINE,
2026-09-04T23:20:53+00:00,ionq:ionq:qpu:forte-1,UNAVAILABLE,
2026-09-04T23:20:53+00:00,ibm:ibm:qpu:fez,ONLINE,
2026-09-04T23:20:53+00:00,aws:iqm:qpu:garnet,ONLINE,
2026-09-04T23:20:53+00:00,azure:rigetti:qpu:cepheus-1-36q,OFFLINE,
2026-09-04T23:20:53+00:00,azure:ionq:qpu:forte-enterprise-1,OFFLINE,
2026-09-04T23:20:53+00:00,ibm:ibm:qpu:boston,ONLINE,
2026-09-04T23:20:53+00:00,ibm:ibm:qpu:miami,ONLINE,
2026-09-04T23:20:53+00:00,rigetti:rigetti:qpu:cepheus-1-108q,ONLINE,
2026-09-04T23:20:53+00:00,aws:rigetti:qpu:cepheus-1-108q,ONLINE,
2026-09-04T23:20:53+00:00,openquantum:aqt:qpu:ibex-q1,ONLINE,
2026-09-04T23:20:53+00:00,openquantum:ionq:qpu:forte-1,ONLINE,
2026-09-04T23:20:53+00:00,openquantum:ionq:qpu:forte-enterprise,ONLINE,
2026-09-04T23:20:53+00:00,openquantum:iqm:qpu:emerald,ONLINE,
2026-09-04T23:20:53+00:00,openquantum:iqm:qpu:garnet,ONLINE,
2026-09-04T23:20:53+00:00,openquantum:rigetti:qpu:cepheus-1-108q,ONLINE,
2026-09-05T01:25:25+00:00,aws:aqt:qpu:ibex-q1,UNAVAILABLE,
2026-09-05T01:25:25+00:00,aws:quera:qpu:aquila,ONLINE,
2026-09-05T01:25:25+00:00,ibm:ibm:qpu:marrakesh,ONLINE,
2026-09-05T01:25:25+00:00,ibm:ibm:qpu:pittsburgh,ONLINE,
2026-09-05T01:25:25+00:00,azure:pasqal:qpu:fresnel,OFFLINE,
2026-09-05T01:25:25+00:00,aws:iqm:qpu:emerald,UNAVAILABLE,
2026-09-05T01:25:25+00:00,azure:ionq:qpu:forte-1,OFFLINE,
2026-09-05T01:25:25+00:00,ibm:ibm:qpu:kingston,ONLINE,
2026-09-05T01:25:25+00:00,aws:ionq:qpu:forte-1,OFFLINE,
2026-09-05T01:25:25+00:00,aws:ionq:qpu:forte-enterprise-1,ONLINE,
2026-09-05T01:25:25+00:00,ionq:ionq:qpu:forte-1,UNAVAILABLE,
2026-09-05T01:25:25+00:00,ibm:ibm:qpu:fez,ONLINE,
2026-09-05T01:25:25+00:00,aws:iqm:qpu:garnet,UNAVAILABLE,
2026-09-05T01:25:25+00:00,azure:rigetti:qpu:cepheus-1-36q,OFFLINE,
2026-09-05T01:25:25+00:00,azure:ionq:qpu:forte-enterprise-1,OFFLINE,
2026-09-05T01:25:25+00:00,ibm:ibm:qpu:boston,ONLINE,
2026-09-05T01:25:25+00:00,ibm:ibm:qpu:miami,ONLINE,
2026-09-05T01:25:25+00:00,rigetti:rigetti:qpu:cepheus-1-108q,ONLINE,
2026-09-05T01:25:25+00:00,aws:rigetti:qpu:cepheus-1-108q,ONLINE,
2026-09-05T01:25:25+00:00,openquantum:aqt:qpu:ibex-q1,ONLINE,
2026-09-05T01:25:25+00:00,openquantum:ionq:qpu:forte-1,ONLINE,
2026-09-05T01:25:25+00:00,openquantum:ionq:qpu:forte-enterprise,ONLINE,
2026-09-05T01:25:25+00:00,openquantum:iqm:qpu:emerald,ONLINE,
2026-09-05T01:25:25+00:00,openquantum:iqm:qpu:garnet,ONLINE,
2026-09-05T01:25:25+00:00,openquantum:rigetti:qpu:cepheus-1-108q,ONLINE,
2026-09-05T06:18:51+00:00,aws:aqt:qpu:ibex-q1,UNAVAILABLE,
2026-09-05T06:18:51+00:00,aws:quera:qpu:aquila,ONLINE,
2026-09-05T06:18:51+00:00,ibm:ibm:qpu:marrakesh,ONLINE,
2026-09-05T06:18:51+00:00,ibm:ibm:qpu:pittsburgh,ONLINE,
2026-09-05T06:18:51+00:00,azure:pasqal:qpu:fresnel,OFFLINE,
2026-09-05T06:18:51+00:00,aws:iqm:qpu:emerald,UNAVAILABLE,
2026-09-05T06:18:51+00:00,azure:ionq:qpu:forte-1,OFFLINE,
2026-09-05T06:18:51+00:00,ibm:ibm:qpu:kingston,ONLINE,
2026-09-05T06:18:51+00:00,aws:ionq:qpu:forte-1,OFFLINE,
2026-09-05T06:18:51+00:00,aws:ionq:qpu:forte-enterprise-1,ONLINE,
2026-09-05T06:18:51+00:00,ionq:ionq:qpu:forte-1,UNAVAILABLE,
2026-09-05T06:18:51+00:00,ibm:ibm:qpu:fez,ONLINE,
2026-09-05T06:18:51+00:00,aws:iqm:qpu:garnet,UNAVAILABLE,
2026-09-05T06:18:51+00:00,azure:rigetti:qpu:cepheus-1-36q,OFFLINE,
2026-09-05T06:18:51+00:00,azure:ionq:qpu:forte-enterprise-1,OFFLINE,
2026-09-05T06:18:51+00:00,ibm:ibm:qpu:boston,ONLINE,
2026-09-05T06:18:51+00:00,ibm:ibm:qpu:miami,ONLINE,
2026-09-05T06:18:51+00:00,rigetti:rigetti:qpu:cepheus-1-108q,ONLINE,
2026-09-05T06:18:51+00:00,aws:rigetti:qpu:cepheus-1-108q,ONLINE,
2026-09-05T06:18:51+00:00,openquantum:aqt:qpu:ibex-q1,ONLINE,
2026-09-05T06:18:51+00:00,openquantum:ionq:qpu:forte-1,ONLINE,
2026-09-05T06:18:51+00:00,openquantum:ionq:qpu:forte-enterprise,ONLINE,
2026-09-05T06:18:51+00:00,openquantum:iqm:qpu:emerald,ONLINE,
2026-09-05T06:18:51+00:00,openquantum:iqm:qpu:garnet,ONLINE,
2026-09-05T06:18:51+00:00,openquantum:rigetti:qpu:cepheus-1-108q,ONLINE,
2026-09-05T10:55:46+00:00,aws:aqt:qpu:ibex-q1,UNAVAILABLE,
2026-09-05T10:55:46+00:00,aws:quera:qpu:aquila,ONLINE,
2026-09-05T10:55:46+00:00,ibm:ibm:qpu:marrakesh,ONLINE,
2026-09-05T10:55:46+00:00,ibm:ibm:qpu:pittsburgh,ONLINE,
2026-09-05T10:55:46+00:00,azure:pasqal:qpu:fresnel,OFFLINE,
2026-09-05T10:55:46+00:00,aws:iqm:qpu:emerald,UNAVAILABLE,
2026-09-05T10:55:46+00:00,azure:ionq:qpu:forte-1,OFFLINE,
2026-09-05T10:55:46+00:00,ibm:ibm:qpu:kingston,ONLINE,
2026-09-05T10:55:46+00:00,aws:ionq:qpu:forte-1,OFFLINE,
2026-09-05T10:55:46+00:00,aws:ionq:qpu:forte-enterprise-1,ONLINE,
2026-09-05T10:55:46+00:00,ionq:ionq:qpu:forte-1,UNAVAILABLE,
2026-09-05T10:55:46+00:00,ibm:ibm:qpu:fez,ONLINE,
2026-09-05T10:55:46+00:00,aws:iqm:qpu:garnet,UNAVAILABLE,
2026-09-05T10:55:46+00:00,azure:rigetti:qpu:cepheus-1-36q,OFFLINE,
2026-09-05T10:55:46+00:00,azure:ionq:qpu:forte-enterprise-1,OFFLINE,
2026-09-05T10:55:46+00:00,ibm:ibm:qpu:boston,ONLINE,
2026-09-05T10:55:46+00:00,ibm:ibm:qpu:miami,ONLINE,
2026-09-05T10:55:46+00:00,rigetti:rigetti:qpu:cepheus-1-108q,ONLINE,
2026-09-05T10:55:46+00:00,aws:rigetti:qpu:cepheus-1-108q,ONLINE,
2026-09-05T10:55:46+00:00,openquantum:aqt:qpu:ibex-q1,ONLINE,
2026-09-05T10:55:46+00:00,openquantum:ionq:qpu:forte-1,ONLINE,
2026-09-05T10:55:46+00:00,openquantum:ionq:qpu:forte-enterprise,ONLINE,
2026-09-05T10:55:46+00:00,openquantum:iqm:qpu:emerald,ONLINE,
2026-09-05T10:55:46+00:00,openquantum:iqm:qpu:garnet,ONLINE,
2026-09-05T10:55:46+00:00,openquantum:rigetti:qpu:cepheus-1-108q,ONLINE,
2026-09-05T13:42:02+00:00,aws:aqt:qpu:ibex-q1,UNAVAILABLE,
2026-09-05T13:42:02+00:00,aws:quera:qpu:aquila,ONLINE,
2026-09-05T13:42:02+00:00,ibm:ibm:qpu:marrakesh,ONLINE,
2026-09-05T13:42:02+00:00,ibm:ibm:qpu:pittsburgh,ONLINE,
2026-09-05T13:42:02+00:00,azure:pasqal:qpu:fresnel,OFFLINE,
2026-09-05T13:42:02+00:00,aws:iqm:qpu:emerald,UNAVAILABLE,
2026-09-05T13:42:02+00:00,azure:ionq:qpu:forte-1,OFFLINE,
2026-09-05T13:42:02+00:00,ibm:ibm:qpu:kingston,ONLINE,
2026-09-05T13:42:02+00:00,aws:ionq:qpu:forte-1,OFFLINE,
2026-09-05T13:42:02+00:00,aws:ionq:qpu:forte-enterprise-1,ONLINE,
2026-09-05T13:42:02+00:00,ionq:ionq:qpu:forte-1,UNAVAILABLE,
2026-09-05T13:42:02+00:00,ibm:ibm:qpu:fez,ONLINE,
2026-09-05T13:42:02+00:00,aws:iqm:qpu:garnet,UNAVAILABLE,
2026-09-05T13:42:02+00:00,azure:rigetti:qpu:cepheus-1-36q,OFFLINE,
2026-09-05T13:42:02+00:00,azure:ionq:qpu:forte-enterprise-1,OFFLINE,
2026-09-05T13:42:02+00:00,ibm:ibm:qpu:boston,ONLINE,
2026-09-05T13:42:02+00:00,ibm:ibm:qpu:miami,ONLINE,
2026-09-05T13:42:02+00:00,rigetti:rigetti:qpu:cepheus-1-108q,ONLINE,
2026-09-05T13:42:02+00:00,aws:rigetti:qpu:cepheus-1-108q,ONLINE,
2026-09-05T13:42:02+00:00,openquantum:aqt:qpu:ibex-q1,ONLINE,
2026-09-05T13:42:02+00:00,openquantum:ionq:qpu:forte-1,ONLINE,
2026-09-05T13:42:02+00:00,openquantum:ionq:qpu:forte-enterprise,ONLINE,
2026-09-05T13:42:02+00:00,openquantum:iqm:qpu:emerald,ONLINE,
2026-09-05T13:42:02+00:00,openquantum:iqm:qpu:garnet,ONLINE,
2026-09-05T13:42:02+00:00,openquantum:rigetti:qpu:cepheus-1-108q,ONLINE,
2026-09-05T16:16:51+00:00,aws:aqt:qpu:ibex-q1,UNAVAILABLE,
2026-09-05T16:16:51+00:00,aws:quera:qpu:aquila,ONLINE,
2026-09-05T16:16:51+00:00,ibm:ibm:qpu:marrakesh,ONLINE,
2026-09-05T16:16:51+00:00,ibm:ibm:qpu:pittsburgh,ONLINE,
2026-09-05T16:16:51+00:00,azure:pasqal:qpu:fresnel,OFFLINE,
2026-09-05T16:16:51+00:00,aws:iqm:qpu:emerald,UNAVAILABLE,
2026-09-05T16:16:51+00:00,azure:ionq:qpu:forte-1,OFFLINE,
2026-09-05T16:16:51+00:00,ibm:ibm:qpu:kingston,ONLINE,
2026-09-05T16:16:51+00:00,aws:ionq:qpu:forte-1,OFFLINE,
2026-09-05T16:16:51+00:00,aws:ionq:qpu:forte-enterprise-1,ONLINE,
2026-09-05T16:16:51+00:00,ionq:ionq:qpu:forte-1,UNAVAILABLE,
2026-09-05T16:16:51+00:00,ibm:ibm:qpu:fez,ONLINE,
2026-09-05T16:16:51+00:00,aws:iqm:qpu:garnet,UNAVAILABLE,
2026-09-05T16:16:51+00:00,azure:rigetti:qpu:cepheus-1-36q,OFFLINE,
2026-09-05T16:16:51+00:00,azure:ionq:qpu:forte-enterprise-1,OFFLINE,
2026-09-05T16:16:51+00:00,ibm:ibm:qpu:boston,ONLINE,
2026-09-05T16:16:51+00:00,ibm:ibm:qpu:miami,ONLINE,
2026-09-05T16:16:51+00:00,rigetti:rigetti:qpu:cepheus-1-108q,ONLINE,
2026-09-05T16:16:51+00:00,aws:rigetti:qpu:cepheus-1-108q,ONLINE,
2026-09-05T16:16:51+00:00,openquantum:aqt:qpu:ibex-q1,ONLINE,
2026-09-05T16:16:51+00:00,openquantum:ionq:qpu:forte-1,ONLINE,
2026-09-05T16:16:51+00:00,openquantum:ionq:qpu:forte-enterprise,ONLINE,
2026-09-05T16:16:51+00:00,openquantum:iqm:qpu:emerald,ONLINE,
2026-09-05T16:16:51+00:00,openquantum:iqm:qpu:garnet,ONLINE,
2026-09-05T16:16:51+00:00,openquantum:rigetti:qpu:cepheus-1-108q,ONLINE,
2026-09-05T18:34:36+00:00,aws:aqt:qpu:ibex-q1,UNAVAILABLE,
2026-09-05T18:34:36+00:00,aws:quera:qpu:aquila,ONLINE,
2026-09-05T18:34:36+00:00,ibm:ibm:qpu:marrakesh,ONLINE,
2026-09-05T18:34:36+00:00,ibm:ibm:qpu:pittsburgh,ONLINE,
2026-09-05T18:34:36+00:00,azure:pasqal:qpu:fresnel,OFFLINE,
2026-09-05T18:34:36+00:00,aws:iqm:qpu:emerald,UNAVAILABLE,
2026-09-05T18:34:36+00:00,azure:ionq:qpu:forte-1,OFFLINE,
2026-09-05T18:34:36+00:00,ibm:ibm:qpu:kingston,ONLINE,
2026-09-05T18:34:36+00:00,aws:ionq:qpu:forte-1,OFFLINE,
2026-09-05T18:34:36+00:00,aws:ionq:qpu:forte-enterprise-1,ONLINE,
2026-09-05T18:34:36+00:00,ionq:ionq:qpu:forte-1,UNAVAILABLE,
2026-09-05T18:34:36+00:00,ibm:ibm:qpu:fez,ONLINE,
2026-09-05T18:34:36+00:00,aws:iqm:qpu:garnet,UNAVAILABLE,
2026-09-05T18:34:36+00:00,azure:rigetti:qpu:cepheus-1-36q,OFFLINE,
2026-09-05T18:34:36+00:00,azure:ionq:qpu:forte-enterprise-1,OFFLINE,
2026-09-05T18:34:36+00:00,ibm:ibm:qpu:boston,ONLINE,
2026-09-05T18:34:36+00:00,ibm:ibm:qpu:miami,ONLINE,
2026-09-05T18:34:36+00:00,rigetti:rigetti:qpu:cepheus-1-108q,ONLINE,
2026-09-05T18:34:36+00:00,aws:rigetti:qpu:cepheus-1-108q,ONLINE,
2026-09-05T18:34:36+00:00,openquantum:aqt:qpu:ibex-q1,ONLINE,
2026-09-05T18:34:36+00:00,openquantum:ionq:qpu:forte-1,ONLINE,
2026-09-05T18:34:36+00:00,openquantum:ionq:qpu:forte-enterprise,ONLINE,
2026-09-05T18:34:36+00:00,openquantum:iqm:qpu:emerald,ONLINE,
2026-09-05T18:34:36+00:00,openquantum:iqm:qpu:garnet,ONLINE,
2026-09-05T18:34:36+00:00,openquantum:rigetti:qpu:cepheus-1-108q,ONLINE,
2026-09-05T20:43:22+00:00,aws:aqt:qpu:ibex-q1,UNAVAILABLE,
2026-09-05T20:43:22+00:00,aws:quera:qpu:aquila,ONLINE,
2026-09-05T20:43:22+00:00,ibm:ibm:qpu:marrakesh,ONLINE,
2026-09-05T20:43:22+00:00,ibm:ibm:qpu:pittsburgh,ONLINE,
2026-09-05T20:43:22+00:00,azure:pasqal:qpu:fresnel,OFFLINE,
2026-09-05T20:43:22+00:00,aws:iqm:qpu:emerald,UNAVAILABLE,
2026-09-05T20:43:22+00:00,azure:ionq:qpu:forte-1,OFFLINE,
2026-09-05T20:43:22+00:00,ibm:ibm:qpu:kingston,ONLINE,
2026-09-05T20:43:22+00:00,aws:ionq:qpu:forte-1,OFFLINE,
2026-09-05T20:43:22+00:00,aws:ionq:qpu:forte-enterprise-1,ONLINE,
2026-09-05T20:43:22+00:00,ionq:ionq:qpu:forte-1,UNAVAILABLE,
2026-09-05T20:43:22+00:00,ibm:ibm:qpu:fez,ONLINE,
2026-09-05T20:43:22+00:00,aws:iqm:qpu:garnet,UNAVAILABLE,
2026-09-05T20:43:22+00:00,azure:rigetti:qpu:cepheus-1-36q,OFFLINE,
2026-09-05T20:43:22+00:00,azure:ionq:qpu:forte-enterprise-1,OFFLINE,
2026-09-05T20:43:22+00:00,ibm:ibm:qpu:boston,ONLINE,
2026-09-05T20:43:22+00:00,ibm:ibm:qpu:miami,ONLINE,
2026-09-05T20:43:22+00:00,rigetti:rigetti:qpu:cepheus-1-108q,ONLINE,
2026-09-05T20:43:22+00:00,aws:rigetti:qpu:cepheus-1-108q,UNAVAILABLE,
2026-09-05T20:43:22+00:00,openquantum:aqt:qpu:ibex-q1,ONLINE,
2026-09-05T20:43:22+00:00,openquantum:ionq:qpu:forte-1,ONLINE,
2026-09-05T20:43:22+00:00,openquantum:ionq:qpu:forte-enterprise,ONLINE,
2026-09-05T20:43:22+00:00,openquantum:iqm:qpu:emerald,ONLINE,
2026-09-05T20:43:22+00:00,openquantum:iqm:qpu:garnet,ONLINE,
2026-09-05T20:43:22+00:00,openquantum:rigetti:qpu:cepheus-1-108q,ONLINE,
2026-09-05T22:20:48+00:00,aws:aqt:qpu:ibex-q1,UNAVAILABLE,
2026-09-05T22:20:48+00:00,aws:quera:qpu:aquila,ONLINE,
2026-09-05T22:20:48+00:00,ibm:ibm:qpu:marrakesh,ONLINE,
2026-09-05T22:20:48+00:00,ibm:ibm:qpu:pittsburgh,ONLINE,
2026-09-05T22:20:48+00:00,azure:pasqal:qpu:fresnel,OFFLINE,
2026-09-05T22:20:48+00:00,aws:iqm:qpu:emerald,UNAVAILABLE,
2026-09-05T22:20:48+00:00,azure:ionq:qpu:forte-1,OFFLINE,
2026-09-05T22:20:48+00:00,ibm:ibm:qpu:kingston,ONLINE,
2026-09-05T22:20:48+00:00,aws:ionq:qpu:forte-1,OFFLINE,
2026-09-05T22:20:48+00:00,aws:ionq:qpu:forte-enterprise-1,ONLINE,
2026-09-05T22:20:48+00:00,ionq:ionq:qpu:forte-1,UNAVAILABLE,
2026-09-05T22:20:48+00:00,ibm:ibm:qpu:fez,ONLINE,
2026-09-05T22:20:48+00:00,aws:iqm:qpu:garnet,UNAVAILABLE,
2026-09-05T22:20:48+00:00,azure:rigetti:qpu:cepheus-1-36q,OFFLINE,
2026-09-05T22:20:48+00:00,azure:ionq:qpu:forte-enterprise-1,OFFLINE,
2026-09-05T22:20:48+00:00,ibm:ibm:qpu:boston,ONLINE,
2026-09-05T22:20:48+00:00,ibm:ibm:qpu:miami,ONLINE,
2026-09-05T22:20:48+00:00,rigetti:rigetti:qpu:cepheus-1-108q,ONLINE,
2026-09-05T22:20:48+00:00,aws:rigetti:qpu:cepheus-1-108q,ONLINE,
2026-09-05T22:20:48+00:00,openquantum:aqt:qpu:ibex-q1,ONLINE,
2026-09-05T22:20:48+00:00,openquantum:ionq:qpu:forte-1,ONLINE,
2026-09-05T22:20:48+00:00,openquantum:ionq:qpu:forte-enterprise,ONLINE,
2026-09-05T22:20:48+00:00,openquantum:iqm:qpu:emerald,ONLINE,
2026-09-05T22:20:48+00:00,openquantum:iqm:qpu:garnet,ONLINE,
2026-09-05T22:20:48+00:00,openquantum:rigetti:qpu:cepheus-1-108q,ONLINE,
2026-09-06T00:13:19+00:00,aws:aqt:qpu:ibex-q1,UNAVAILABLE,
2026-09-06T00:13:19+00:00,aws:quera:qpu:aquila,UNAVAILABLE,
2026-09-06T00:13:19+00:00,ibm:ibm:qpu:marrakesh,ONLINE,
2026-09-06T00:13:19+00:00,ibm:ibm:qpu:pittsburgh,ONLINE,
2026-09-06T00:13:19+00:00,azure:pasqal:qpu:fresnel,OFFLINE,
2026-09-06T00:13:19+00:00,aws:iqm:qpu:emerald,UNAVAILABLE,
2026-09-06T00:13:19+00:00,azure:ionq:qpu:forte-1,OFFLINE,
2026-09-06T00:13:19+00:00,ibm:ibm:qpu:kingston,ONLINE,
2026-09-06T00:13:19+00:00,aws:ionq:qpu:forte-1,OFFLINE,
2026-09-06T00:13:19+00:00,aws:ionq:qpu:forte-enterprise-1,ONLINE,
2026-09-06T00:13:19+00:00,ionq:ionq:qpu:forte-1,UNAVAILABLE,
2026-09-06T00:13:19+00:00,ibm:ibm:qpu:fez,ONLINE,
2026-09-06T00:13:19+00:00,aws:iqm:qpu:garnet,UNAVAILABLE,
2026-09-06T00:13:19+00:00,azure:rigetti:qpu:cepheus-1-36q,OFFLINE,
2026-09-06T00:13:19+00:00,azure:ionq:qpu:forte-enterprise-1,OFFLINE,
2026-09-06T00:13:19+00:00,ibm:ibm:qpu:boston,ONLINE,
2026-09-06T00:13:19+00:00,ibm:ibm:qpu:miami,ONLINE,
2026-09-06T00:13:19+00:00,rigetti:rigetti:qpu:cepheus-1-108q,ONLINE,
2026-09-06T00:13:19+00:00,aws:rigetti:qpu:cepheus-1-108q,ONLINE,
2026-09-06T00:13:19+00:00,openquantum:aqt:qpu:ibex-q1,ONLINE,
2026-09-06T00:13:19+00:00,openquantum:ionq:qpu:forte-1,ONLINE,
2026-09-06T00:13:19+00:00,openquantum:ionq:qpu:forte-enterprise,ONLINE,
2026-09-06T00:13:19+00:00,openquantum:iqm:qpu:emerald,ONLINE,
2026-09-06T00:13:19+00:00,openquantum:iqm:qpu:garnet,ONLINE,
2026-09-06T00:13:19+00:00,openquantum:rigetti:qpu:cepheus-1-108q,ONLINE,
2026-09-06T05:06:27+00:00,aws:aqt:qpu:ibex-q1,UNAVAILABLE,
2026-09-06T05:06:27+00:00,aws:quera:qpu:aquila,ONLINE,
2026-09-06T05:06:27+00:00,ibm:ibm:qpu:marrakesh,ONLINE,
2026-09-06T05:06:27+00:00,ibm:ibm:qpu:pittsburgh,ONLINE,
2026-09-06T05:06:27+00:00,azure:pasqal:qpu:fresnel,OFFLINE,
2026-09-06T05:06:27+00:00,aws:iqm:qpu:emerald,UNAVAILABLE,
2026-09-06T05:06:27+00:00,azure:ionq:qpu:forte-1,OFFLINE,
2026-09-06T05:06:27+00:00,ibm:ibm:qpu:kingston,ONLINE,
2026-09-06T05:06:27+00:00,aws:ionq:qpu:forte-1,OFFLINE,
2026-09-06T05:06:27+00:00,aws:ionq:qpu:forte-enterprise-1,ONLINE,
2026-09-06T05:06:27+00:00,ionq:ionq:qpu:forte-1,UNAVAILABLE,
2026-09-06T05:06:27+00:00,ibm:ibm:qpu:fez,ONLINE,
2026-09-06T05:06:27+00:00,aws:iqm:qpu:garnet,UNAVAILABLE,
2026-09-06T05:06:27+00:00,azure:rigetti:qpu:cepheus-1-36q,OFFLINE,
2026-09-06T05:06:27+00:00,azure:ionq:qpu:forte-enterprise-1,OFFLINE,
2026-09-06T05:06:27+00:00,ibm:ibm:qpu:boston,ONLINE,
2026-09-06T05:06:27+00:00,ibm:ibm:qpu:miami,ONLINE,
2026-09-06T05:06:27+00:00,rigetti:rigetti:qpu:cepheus-1-108q,ONLINE,
2026-09-06T05:06:27+00:00,aws:rigetti:qpu:cepheus-1-108q,ONLINE,
2026-09-06T05:06:27+00:00,openquantum:aqt:qpu:ibex-q1,ONLINE,
2026-09-06T05:06:27+00:00,openquantum:ionq:qpu:forte-1,ONLINE,
2026-09-06T05:06:27+00:00,openquantum:ionq:qpu:forte-enterprise,ONLINE,
2026-09-06T05:06:27+00:00,openquantum:iqm:qpu:emerald,ONLINE,
2026-09-06T05:06:27+00:00,openquantum:iqm:qpu:garnet,ONLINE,
2026-09-06T05:06:27+00:00,openquantum:rigetti:qpu:cepheus-1-108q,ONLINE,
2026-09-06T09:40:32+00:00,aws:aqt:qpu:ibex-q1,UNAVAILABLE,
2026-09-06T09:40:32+00:00,aws:quera:qpu:aquila,ONLINE,
2026-09-06T09:40:32+00:00,ibm:ibm:qpu:marrakesh,ONLINE,
2026-09-06T09:40:32+00:00,ibm:ibm:qpu:pittsburgh,ONLINE,
2026-09-06T09:40:32+00:00,azure:pasqal:qpu:fresnel,OFFLINE,
2026-09-06T09:40:32+00:00,aws:iqm:qpu:emerald,UNAVAILABLE,
2026-09-06T09:40:32+00:00,azure:ionq:qpu:forte-1,OFFLINE,
2026-09-06T09:40:32+00:00,ibm:ibm:qpu:kingston,ONLINE,
2026-09-06T09:40:32+00:00,aws:ionq:qpu:forte-1,OFFLINE,
2026-09-06T09:40:32+00:00,aws:ionq:qpu:forte-enterprise-1,ONLINE,
2026-09-06T09:40:32+00:00,ionq:ionq:qpu:forte-1,UNAVAILABLE,
2026-09-06T09:40:32+00:00,ibm:ibm:qpu:fez,ONLINE,
2026-09-06T09:40:32+00:00,aws:iqm:qpu:garnet,UNAVAILABLE,
2026-09-06T09:40:32+00:00,azure:rigetti:qpu:cepheus-1-36q,OFFLINE,
2026-09-06T09:40:32+00:00,azure:ionq:qpu:forte-enterprise-1,OFFLINE,
2026-09-06T09:40:32+00:00,ibm:ibm:qpu:boston,ONLINE,
2026-09-06T09:40:32+00:00,ibm:ibm:qpu:miami,ONLINE,
2026-09-06T09:40:32+00:00,rigetti:rigetti:qpu:cepheus-1-108q,ONLINE,
2026-09-06T09:40:32+00:00,aws:rigetti:qpu:cepheus-1-108q,ONLINE,
2026-09-06T09:40:32+00:00,openquantum:aqt:qpu:ibex-q1,ONLINE,
2026-09-06T09:40:32+00:00,openquantum:ionq:qpu:forte-1,ONLINE,
2026-09-06T09:40:32+00:00,openquantum:ionq:qpu:forte-enterprise,ONLINE,
2026-09-06T09:40:32+00:00,openquantum:iqm:qpu:emerald,ONLINE,
2026-09-06T09:40:32+00:00,openquantum:iqm:qpu:garnet,ONLINE,
2026-09-06T09:40:32+00:00,openquantum:rigetti:qpu:cepheus-1-108q,ONLINE,
2026-09-06T13:09:21+00:00,aws:aqt:qpu:ibex-q1,UNAVAILABLE,
2026-09-06T13:09:21+00:00,aws:quera:qpu:aquila,ONLINE,
2026-09-06T13:09:21+00:00,ibm:ibm:qpu:marrakesh,ONLINE,
2026-09-06T13:09:21+00:00,ibm:ibm:qpu:pittsburgh,ONLINE,
2026-09-06T13:09:21+00:00,azure:pasqal:qpu:fresnel,OFFLINE,
2026-09-06T13:09:21+00:00,aws:iqm:qpu:emerald,UNAVAILABLE,
2026-09-06T13:09:21+00:00,azure:ionq:qpu:forte-1,OFFLINE,
2026-09-06T13:09:21+00:00,ibm:ibm:qpu:kingston,ONLINE,
2026-09-06T13:09:21+00:00,aws:ionq:qpu:forte-1,OFFLINE,
2026-09-06T13:09:21+00:00,aws:ionq:qpu:forte-enterprise-1,ONLINE,
2026-09-06T13:09:21+00:00,ionq:ionq:qpu:forte-1,UNAVAILABLE,
2026-09-06T13:09:21+00:00,ibm:ibm:qpu:fez,ONLINE,
2026-09-06T13:09:21+00:00,aws:iqm:qpu:garnet,UNAVAILABLE,
2026-09-06T13:09:21+00:00,azure:rigetti:qpu:cepheus-1-36q,OFFLINE,
2026-09-06T13:09:21+00:00,azure:ionq:qpu:forte-enterprise-1,OFFLINE,
2026-09-06T13:09:21+00:00,ibm:ibm:qpu:boston,ONLINE,
2026-09-06T13:09:21+00:00,ibm:ibm:qpu:miami,ONLINE,
2026-09-06T13:09:21+00:00,rigetti:rigetti:qpu:cepheus-1-108q,ONLINE,
2026-09-06T13:09:21+00:00,aws:rigetti:qpu:cepheus-1-108q,ONLINE,
2026-09-06T13:09:21+00:00,openquantum:aqt:qpu:ibex-q1,ONLINE,
2026-09-06T13:09:21+00:00,openquantum:ionq:qpu:forte-1,ONLINE,
2026-09-06T13:09:21+00:00,openquantum:ionq:qpu:forte-enterprise,ONLINE,
2026-09-06T13:09:21+00:00,openquantum:iqm:qpu:emerald,ONLINE,
2026-09-06T13:09:21+00:00,openquantum:iqm:qpu:garnet,ONLINE,
2026-09-06T13:09:21+00:00,openquantum:rigetti:qpu:cepheus-1-108q,ONLINE,
2026-09-06T16:26:18+00:00,aws:aqt:qpu:ibex-q1,UNAVAILABLE,
2026-09-06T16:26:18+00:00,aws:quera:qpu:aquila,ONLINE,
2026-09-06T16:26:18+00:00,ibm:ibm:qpu:marrakesh,ONLINE,
2026-09-06T16:26:18+00:00,ibm:ibm:qpu:pittsburgh,ONLINE,
2026-09-06T16:26:18+00:00,azure:pasqal:qpu:fresnel,OFFLINE,
2026-09-06T16:26:18+00:00,aws:iqm:qpu:emerald,UNAVAILABLE,
2026-09-06T16:26:18+00:00,azure:ionq:qpu:forte-1,OFFLINE,
2026-09-06T16:26:18+00:00,ibm:ibm:qpu:kingston,ONLINE,
2026-09-06T16:26:18+00:00,aws:ionq:qpu:forte-1,OFFLINE,
2026-09-06T16:26:18+00:00,aws:ionq:qpu:forte-enterprise-1,ONLINE,
2026-09-06T16:26:18+00:00,ionq:ionq:qpu:forte-1,UNAVAILABLE,
2026-09-06T16:26:18+00:00,ibm:ibm:qpu:fez,ONLINE,
2026-09-06T16:26:18+00:00,aws:iqm:qpu:garnet,UNAVAILABLE,
2026-09-06T16:26:18+00:00,azure:rigetti:qpu:cepheus-1-36q,OFFLINE,
2026-09-06T16:26:18+00:00,azure:ionq:qpu:forte-enterprise-1,OFFLINE,
2026-09-06T16:26:18+00:00,ibm:ibm:qpu:boston,ONLINE,
2026-09-06T16:26:18+00:00,ibm:ibm:qpu:miami,ONLINE,
2026-09-06T16:26:18+00:00,rigetti:rigetti:qpu:cepheus-1-108q,ONLINE,
2026-09-06T16:26:18+00:00,aws:rigetti:qpu:cepheus-1-108q,ONLINE,
2026-09-06T16:26:18+00:00,openquantum:aqt:qpu:ibex-q1,ONLINE,
2026-09-06T16:26:18+00:00,openquantum:ionq:qpu:forte-1,ONLINE,
2026-09-06T16:26:18+00:00,openquantum:ionq:qpu:forte-enterprise,ONLINE,
2026-09-06T16:26:18+00:00,openquantum:iqm:qpu:emerald,ONLINE,
2026-09-06T16:26:18+00:00,openquantum:iqm:qpu:garnet,ONLINE,
2026-09-06T16:26:18+00:00,openquantum:rigetti:qpu:cepheus-1-108q,ONLINE,
2026-09-06T18:38:37+00:00,aws:aqt:qpu:ibex-q1,UNAVAILABLE,
2026-09-06T18:38:37+00:00,aws:quera:qpu:aquila,ONLINE,
2026-09-06T18:38:37+00:00,ibm:ibm:qpu:marrakesh,ONLINE,
2026-09-06T18:38:37+00:00,ibm:ibm:qpu:pittsburgh,ONLINE,
2026-09-06T18:38:37+00:00,azure:pasqal:qpu:fresnel,OFFLINE,
2026-09-06T18:38:37+00:00,aws:iqm:qpu:emerald,UNAVAILABLE,
2026-09-06T18:38:37+00:00,azure:ionq:qpu:forte-1,OFFLINE,
2026-09-06T18:38:37+00:00,ibm:ibm:qpu:kingston,ONLINE,
2026-09-06T18:38:37+00:00,aws:ionq:qpu:forte-1,OFFLINE,
2026-09-06T18:38:37+00:00,aws:ionq:qpu:forte-enterprise-1,ONLINE,
2026-09-06T18:38:37+00:00,ionq:ionq:qpu:forte-1,UNAVAILABLE,
2026-09-06T18:38:37+00:00,ibm:ibm:qpu:fez,ONLINE,
2026-09-06T18:38:37+00:00,aws:iqm:qpu:garnet,UNAVAILABLE,
2026-09-06T18:38:37+00:00,azure:rigetti:qpu:cepheus-1-36q,OFFLINE,
2026-09-06T18:38:37+00:00,azure:ionq:qpu:forte-enterprise-1,OFFLINE,
2026-09-06T18:38:37+00:00,ibm:ibm:qpu:boston,ONLINE,
2026-09-06T18:38:37+00:00,ibm:ibm:qpu:miami,ONLINE,
2026-09-06T18:38:37+00:00,rigetti:rigetti:qpu:cepheus-1-108q,ONLINE,
2026-09-06T18:38:37+00:00,aws:rigetti:qpu:cepheus-1-108q,ONLINE,
2026-09-06T18:38:37+00:00,openquantum:aqt:qpu:ibex-q1,ONLINE,
2026-09-06T18:38:37+00:00,openquantum:ionq:qpu:forte-1,ONLINE,
2026-09-06T18:38:37+00:00,openquantum:ionq:qpu:forte-enterprise,ONLINE,
2026-09-06T18:38:37+00:00,openquantum:iqm:qpu:emerald,ONLINE,
2026-09-06T18:38:37+00:00,openquantum:iqm:qpu:garnet,ONLINE,
2026-09-06T18:38:37+00:00,openquantum:rigetti:qpu:cepheus-1-108q,ONLINE,
2026-09-06T20:51:10+00:00,aws:aqt:qpu:ibex-q1,UNAVAILABLE,
2026-09-06T20:51:10+00:00,aws:quera:qpu:aquila,ONLINE,
2026-09-06T20:51:10+00:00,ibm:ibm:qpu:marrakesh,ONLINE,
2026-09-06T20:51:10+00:00,ibm:ibm:qpu:pittsburgh,ONLINE,
2026-09-06T20:51:10+00:00,azure:pasqal:qpu:fresnel,OFFLINE,
2026-09-06T20:51:10+00:00,aws:iqm:qpu:emerald,UNAVAILABLE,
2026-09-06T20:51:10+00:00,azure:ionq:qpu:forte-1,OFFLINE,
2026-09-06T20:51:10+00:00,ibm:ibm:qpu:kingston,ONLINE,
2026-09-06T20:51:10+00:00,aws:ionq:qpu:forte-1,OFFLINE,
2026-09-06T20:51:10+00:00,aws:ionq:qpu:forte-enterprise-1,ONLINE,
2026-09-06T20:51:10+00:00,ionq:ionq:qpu:forte-1,UNAVAILABLE,
2026-09-06T20:51:10+00:00,ibm:ibm:qpu:fez,ONLINE,
2026-09-06T20:51:10+00:00,aws:iqm:qpu:garnet,UNAVAILABLE,
2026-09-06T20:51:10+00:00,azure:rigetti:qpu:cepheus-1-36q,OFFLINE,
2026-09-06T20:51:10+00:00,azure:ionq:qpu:forte-enterprise-1,OFFLINE,
2026-09-06T20:51:10+00:00,ibm:ibm:qpu:boston,ONLINE,
2026-09-06T20:51:10+00:00,ibm:ibm:qpu:miami,ONLINE,
2026-09-06T20:51:10+00:00,rigetti:rigetti:qpu:cepheus-1-108q,ONLINE,
2026-09-06T20:51:10+00:00,aws:rigetti:qpu:cepheus-1-108q,UNAVAILABLE,
2026-09-06T20:51:10+00:00,openquantum:aqt:qpu:ibex-q1,ONLINE,
2026-09-06T20:51:10+00:00,openquantum:ionq:qpu:forte-1,ONLINE,
2026-09-06T20:51:10+00:00,openquantum:ionq:qpu:forte-enterprise,ONLINE,
2026-09-06T20:51:10+00:00,openquantum:iqm:qpu:emerald,ONLINE,
2026-09-06T20:51:10+00:00,openquantum:iqm:qpu:garnet,ONLINE,
2026-09-06T20:51:10+00:00,openquantum:rigetti:qpu:cepheus-1-108q,ONLINE,
2026-09-06T22:43:00+00:00,aws:aqt:qpu:ibex-q1,UNAVAILABLE,
2026-09-06T22:43:00+00:00,aws:quera:qpu:aquila,ONLINE,
2026-09-06T22:43:00+00:00,ibm:ibm:qpu:marrakesh,ONLINE,
2026-09-06T22:43:00+00:00,ibm:ibm:qpu:pittsburgh,ONLINE,
2026-09-06T22:43:00+00:00,azure:pasqal:qpu:fresnel,OFFLINE,
2026-09-06T22:43:00+00:00,aws:iqm:qpu:emerald,UNAVAILABLE,
2026-09-06T22:43:00+00:00,azure:ionq:qpu:forte-1,OFFLINE,
2026-09-06T22:43:00+00:00,ibm:ibm:qpu:kingston,ONLINE,
2026-09-06T22:43:00+00:00,aws:ionq:qpu:forte-1,OFFLINE,
2026-09-06T22:43:00+00:00,aws:ionq:qpu:forte-enterprise-1,ONLINE,
2026-09-06T22:43:00+00:00,ionq:ionq:qpu:forte-1,UNAVAILABLE,
2026-09-06T22:43:00+00:00,ibm:ibm:qpu:fez,ONLINE,
2026-09-06T22:43:00+00:00,aws:iqm:qpu:garnet,UNAVAILABLE,
2026-09-06T22:43:00+00:00,azure:rigetti:qpu:cepheus-1-36q,OFFLINE,
2026-09-06T22:43:00+00:00,azure:ionq:qpu:forte-enterprise-1,OFFLINE,
2026-09-06T22:43:00+00:00,ibm:ibm:qpu:boston,ONLINE,
2026-09-06T22:43:00+00:00,ibm:ibm:qpu:miami,ONLINE,
2026-09-06T22:43:00+00:00,rigetti:rigetti:qpu:cepheus-1-108q,ONLINE,
2026-09-06T22:43:00+00:00,aws:rigetti:qpu:cepheus-1-108q,ONLINE,
2026-09-06T22:43:00+00:00,openquantum:aqt:qpu:ibex-q1,ONLINE,
2026-09-06T22:43:00+00:00,openquantum:ionq:qpu:forte-1,ONLINE,
2026-09-06T22:43:00+00:00,openquantum:ionq:qpu:forte-enterprise,ONLINE,
2026-09-06T22:43:00+00:00,openquantum:iqm:qpu:emerald,ONLINE,
2026-09-06T22:43:00+00:00,openquantum:iqm:qpu:garnet,ONLINE,
2026-09-06T22:43:00+00:00,openquantum:rigetti:qpu:cepheus-1-108q,ONLINE,
2026-09-07T00:22:09+00:00,aws:aqt:qpu:ibex-q1,UNAVAILABLE,
2026-09-07T00:22:09+00:00,aws:quera:qpu:aquila,UNAVAILABLE,
2026-09-07T00:22:09+00:00,ibm:ibm:qpu:marrakesh,ONLINE,
2026-09-07T00:22:09+00:00,ibm:ibm:qpu:pittsburgh,UNAVAILABLE,
2026-09-07T00:22:09+00:00,azure:pasqal:qpu:fresnel,OFFLINE,
2026-09-07T00:22:09+00:00,aws:iqm:qpu:emerald,ONLINE,
2026-09-07T00:22:09+00:00,azure:ionq:qpu:forte-1,OFFLINE,
2026-09-07T00:22:09+00:00,ibm:ibm:qpu:kingston,ONLINE,
2026-09-07T00:22:09+00:00,aws:ionq:qpu:forte-1,OFFLINE,
2026-09-07T00:22:09+00:00,aws:ionq:qpu:forte-enterprise-1,ONLINE,
2026-09-07T00:22:09+00:00,ionq:ionq:qpu:forte-1,UNAVAILABLE,
2026-09-07T00:22:09+00:00,ibm:ibm:qpu:fez,ONLINE,
2026-09-07T00:22:09+00:00,aws:iqm:qpu:garnet,ONLINE,
2026-09-07T00:22:09+00:00,azure:rigetti:qpu:cepheus-1-36q,OFFLINE,
2026-09-07T00:22:09+00:00,azure:ionq:qpu:forte-enterprise-1,OFFLINE,
2026-09-07T00:22:09+00:00,ibm:ibm:qpu:boston,ONLINE,
2026-09-07T00:22:09+00:00,ibm:ibm:qpu:miami,ONLINE,
2026-09-07T00:22:09+00:00,rigetti:rigetti:qpu:cepheus-1-108q,ONLINE,
2026-09-07T00:22:09+00:00,aws:rigetti:qpu:cepheus-1-108q,ONLINE,
2026-09-07T00:22:09+00:00,openquantum:aqt:qpu:ibex-q1,ONLINE,
2026-09-07T00:22:09+00:00,openquantum:ionq:qpu:forte-1,ONLINE,
2026-09-07T00:22:09+00:00,openquantum:ionq:qpu:forte-enterprise,ONLINE,
2026-09-07T00:22:09+00:00,openquantum:iqm:qpu:emerald,ONLINE,
2026-09-07T00:22:09+00:00,openquantum:iqm:qpu:garnet,ONLINE,
2026-09-07T00:22:09+00:00,openquantum:rigetti:qpu:cepheus-1-108q,ONLINE,
2026-09-07T05:14:33+00:00,aws:aqt:qpu:ibex-q1,UNAVAILABLE,
2026-09-07T05:14:33+00:00,aws:quera:qpu:aquila,UNAVAILABLE,
2026-09-07T05:14:33+00:00,ibm:ibm:qpu:marrakesh,ONLINE,
2026-09-07T05:14:33+00:00,ibm:ibm:qpu:pittsburgh,ONLINE,
2026-09-07T05:14:33+00:00,azure:pasqal:qpu:fresnel,OFFLINE,
2026-09-07T05:14:33+00:00,aws:iqm:qpu:emerald,UNAVAILABLE,
2026-09-07T05:14:33+00:00,azure:ionq:qpu:forte-1,OFFLINE,
2026-09-07T05:14:33+00:00,ibm:ibm:qpu:kingston,ONLINE,
2026-09-07T05:14:33+00:00,aws:ionq:qpu:forte-1,OFFLINE,
2026-09-07T05:14:33+00:00,aws:ionq:qpu:forte-enterprise-1,ONLINE,
2026-09-07T05:14:33+00:00,ionq:ionq:qpu:forte-1,UNAVAILABLE,
2026-09-07T05:14:33+00:00,ibm:ibm:qpu:fez,ONLINE,
2026-09-07T05:14:33+00:00,aws:iqm:qpu:garnet,ONLINE,
2026-09-07T05:14:33+00:00,azure:rigetti:qpu:cepheus-1-36q,OFFLINE,
2026-09-07T05:14:33+00:00,azure:ionq:qpu:forte-enterprise-1,OFFLINE,
2026-09-07T05:14:33+00:00,ibm:ibm:qpu:boston,ONLINE,
2026-09-07T05:14:33+00:00,ibm:ibm:qpu:miami,ONLINE,
2026-09-07T05:14:33+00:00,rigetti:rigetti:qpu:cepheus-1-108q,ONLINE,
2026-09-07T05:14:33+00:00,aws:rigetti:qpu:cepheus-1-108q,ONLINE,
2026-09-07T05:14:33+00:00,openquantum:aqt:qpu:ibex-q1,ONLINE,
2026-09-07T05:14:33+00:00,openquantum:ionq:qpu:forte-1,ONLINE,
2026-09-07T05:14:33+00:00,openquantum:ionq:qpu:forte-enterprise,ONLINE,
2026-09-07T05:14:33+00:00,openquantum:iqm:qpu:emerald,ONLINE,
2026-09-07T05:14:33+00:00,openquantum:iqm:qpu:garnet,ONLINE,
2026-09-07T05:14:33+00:00,openquantum:rigetti:qpu:cepheus-1-108q,ONLINE,
2026-09-07T10:44:17+00:00,aws:aqt:qpu:ibex-q1,UNAVAILABLE,
2026-09-07T10:44:17+00:00,aws:quera:qpu:aquila,UNAVAILABLE,
2026-09-07T10:44:17+00:00,ibm:ibm:qpu:marrakesh,ONLINE,
2026-09-07T10:44:17+00:00,ibm:ibm:qpu:pittsburgh,ONLINE,
2026-09-07T10:44:17+00:00,azure:pasqal:qpu:fresnel,OFFLINE,
2026-09-07T10:44:17+00:00,aws:iqm:qpu:emerald,ONLINE,
2026-09-07T10:44:17+00:00,azure:ionq:qpu:forte-1,OFFLINE,
2026-09-07T10:44:17+00:00,ibm:ibm:qpu:kingston,ONLINE,
2026-09-07T10:44:17+00:00,aws:ionq:qpu:forte-1,OFFLINE,
2026-09-07T10:44:17+00:00,aws:ionq:qpu:forte-enterprise-1,ONLINE,
2026-09-07T10:44:17+00:00,ionq:ionq:qpu:forte-1,UNAVAILABLE,
2026-09-07T10:44:17+00:00,ibm:ibm:qpu:fez,ONLINE,
2026-09-07T10:44:17+00:00,aws:iqm:qpu:garnet,ONLINE,
2026-09-07T10:44:17+00:00,azure:rigetti:qpu:cepheus-1-36q,OFFLINE,
2026-09-07T10:44:17+00:00,azure:ionq:qpu:forte-enterprise-1,OFFLINE,
2026-09-07T10:44:17+00:00,ibm:ibm:qpu:boston,ONLINE,
2026-09-07T10:44:17+00:00,ibm:ibm:qpu:miami,ONLINE,
2026-09-07T10:44:17+00:00,rigetti:rigetti:qpu:cepheus-1-108q,ONLINE,
2026-09-07T10:44:17+00:00,aws:rigetti:qpu:cepheus-1-108q,ONLINE,
2026-09-07T10:44:17+00:00,openquantum:aqt:qpu:ibex-q1,ONLINE,
2026-09-07T10:44:17+00:00,openquantum:ionq:qpu:forte-1,ONLINE,
2026-09-07T10:44:17+00:00,openquantum:ionq:qpu:forte-enterprise,ONLINE,
2026-09-07T10:44:17+00:00,openquantum:iqm:qpu:emerald,ONLINE,
2026-09-07T10:44:17+00:00,openquantum:iqm:qpu:garnet,ONLINE,
2026-09-07T10:44:17+00:00,openquantum:rigetti:qpu:cepheus-1-108q,ONLINE,
2026-09-07T16:05:44+00:00,aws:aqt:qpu:ibex-q1,UNAVAILABLE,
2026-09-07T16:05:44+00:00,aws:quera:qpu:aquila,UNAVAILABLE,
2026-09-07T16:05:44+00:00,ibm:ibm:qpu:marrakesh,ONLINE,
2026-09-07T16:05:44+00:00,ibm:ibm:qpu:pittsburgh,ONLINE,
2026-09-07T16:05:44+00:00,azure:pasqal:qpu:fresnel,OFFLINE,
2026-09-07T16:05:44+00:00,aws:iqm:qpu:emerald,ONLINE,
2026-09-07T16:05:44+00:00,azure:ionq:qpu:forte-1,OFFLINE,
2026-09-07T16:05:44+00:00,ibm:ibm:qpu:kingston,ONLINE,
2026-09-07T16:05:44+00:00,aws:ionq:qpu:forte-1,OFFLINE,
2026-09-07T16:05:44+00:00,aws:ionq:qpu:forte-enterprise-1,ONLINE,
2026-09-07T16:05:44+00:00,ionq:ionq:qpu:forte-1,UNAVAILABLE,
2026-09-07T16:05:44+00:00,ibm:ibm:qpu:fez,ONLINE,
2026-09-07T16:05:44+00:00,aws:iqm:qpu:garnet,UNAVAILABLE,
2026-09-07T16:05:44+00:00,azure:rigetti:qpu:cepheus-1-36q,OFFLINE,
2026-09-07T16:05:44+00:00,azure:ionq:qpu:forte-enterprise-1,OFFLINE,
2026-09-07T16:05:44+00:00,ibm:ibm:qpu:boston,ONLINE,
2026-09-07T16:05:44+00:00,ibm:ibm:qpu:miami,ONLINE,
2026-09-07T16:05:44+00:00,rigetti:rigetti:qpu:cepheus-1-108q,ONLINE,
2026-09-07T16:05:44+00:00,aws:rigetti:qpu:cepheus-1-108q,ONLINE,
2026-09-07T16:05:44+00:00,openquantum:aqt:qpu:ibex-q1,ONLINE,
2026-09-07T16:05:44+00:00,openquantum:ionq:qpu:forte-1,ONLINE,
2026-09-07T16:05:44+00:00,openquantum:ionq:qpu:forte-enterprise,ONLINE,
2026-09-07T16:05:44+00:00,openquantum:iqm:qpu:emerald,ONLINE,
2026-09-07T16:05:44+00:00,openquantum:iqm:qpu:garnet,ONLINE,
2026-09-07T16:05:44+00:00,openquantum:rigetti:qpu:cepheus-1-108q,ONLINE,
2026-09-07T20:09:48+00:00,ibm:ibm:qpu:marrakesh,ONLINE,
2026-09-07T20:09:48+00:00,ibm:ibm:qpu:pittsburgh,ONLINE,
2026-09-07T20:09:48+00:00,aws:iqm:qpu:emerald,ONLINE,
2026-09-07T20:09:48+00:00,azure:ionq:qpu:forte-1,OFFLINE,
2026-09-07T20:09:48+00:00,ibm:ibm:qpu:kingston,ONLINE,
2026-09-07T20:09:48+00:00,ionq:ionq:qpu:forte-1,UNAVAILABLE,
2026-09-07T20:09:48+00:00,azure:rigetti:qpu:cepheus-1-36q,OFFLINE,
2026-09-07T20:09:48+00:00,ibm:ibm:qpu:miami,ONLINE,
2026-09-07T20:09:48+00:00,aws:aqt:qpu:ibex-q1,UNAVAILABLE,
2026-09-07T20:09:48+00:00,aws:quera:qpu:aquila,UNAVAILABLE,
2026-09-07T20:09:48+00:00,azure:pasqal:qpu:fresnel,OFFLINE,
2026-09-07T20:09:48+00:00,aws:ionq:qpu:forte-1,OFFLINE,
2026-09-07T20:09:48+00:00,aws:iqm:qpu:garnet,ONLINE,
2026-09-07T20:09:48+00:00,ibm:ibm:qpu:boston,ONLINE,
2026-09-07T20:09:48+00:00,aws:ionq:qpu:forte-enterprise-1,ONLINE,
2026-09-07T20:09:48+00:00,ibm:ibm:qpu:fez,ONLINE,
2026-09-07T20:09:48+00:00,azure:ionq:qpu:forte-enterprise-1,OFFLINE,
2026-09-07T20:09:48+00:00,rigetti:rigetti:qpu:cepheus-1-108q,ONLINE,
2026-09-07T20:09:48+00:00,aws:rigetti:qpu:cepheus-1-108q,UNAVAILABLE,
2026-09-07T20:09:48+00:00,openquantum:aqt:qpu:ibex-q1,ONLINE,
2026-09-07T20:09:48+00:00,openquantum:ionq:qpu:forte-1,ONLINE,
2026-09-07T20:09:48+00:00,openquantum:ionq:qpu:forte-enterprise,ONLINE,
2026-09-07T20:09:48+00:00,openquantum:iqm:qpu:emerald,ONLINE,
2026-09-07T20:09:48+00:00,openquantum:iqm:qpu:garnet,ONLINE,
2026-09-07T20:09:48+00:00,openquantum:rigetti:qpu:cepheus-1-108q,ONLINE,
2026-09-07T22:59:58+00:00,ibm:ibm:qpu:marrakesh,ONLINE,
2026-09-07T22:59:58+00:00,ibm:ibm:qpu:pittsburgh,ONLINE,
2026-09-07T22:59:58+00:00,aws:iqm:qpu:emerald,ONLINE,
2026-09-07T22:59:58+00:00,azure:ionq:qpu:forte-1,OFFLINE,
2026-09-07T22:59:58+00:00,ibm:ibm:qpu:kingston,ONLINE,
2026-09-07T22:59:58+00:00,ionq:ionq:qpu:forte-1,UNAVAILABLE,
2026-09-07T22:59:58+00:00,azure:rigetti:qpu:cepheus-1-36q,OFFLINE,
2026-09-07T22:59:58+00:00,ibm:ibm:qpu:miami,ONLINE,
2026-09-07T22:59:58+00:00,aws:aqt:qpu:ibex-q1,UNAVAILABLE,
2026-09-07T22:59:58+00:00,aws:quera:qpu:aquila,UNAVAILABLE,
2026-09-07T22:59:58+00:00,azure:pasqal:qpu:fresnel,OFFLINE,
2026-09-07T22:59:58+00:00,aws:ionq:qpu:forte-1,OFFLINE,
2026-09-07T22:59:58+00:00,aws:iqm:qpu:garnet,ONLINE,
2026-09-07T22:59:58+00:00,ibm:ibm:qpu:boston,ONLINE,
2026-09-07T22:59:58+00:00,aws:ionq:qpu:forte-enterprise-1,ONLINE,
2026-09-07T22:59:58+00:00,ibm:ibm:qpu:fez,ONLINE,
2026-09-07T22:59:58+00:00,azure:ionq:qpu:forte-enterprise-1,OFFLINE,
2026-09-07T22:59:58+00:00,rigetti:rigetti:qpu:cepheus-1-108q,ONLINE,
2026-09-07T22:59:58+00:00,aws:rigetti:qpu:cepheus-1-108q,ONLINE,
2026-09-07T22:59:58+00:00,openquantum:aqt:qpu:ibex-q1,ONLINE,
2026-09-07T22:59:58+00:00,openquantum:ionq:qpu:forte-1,ONLINE,
2026-09-07T22:59:58+00:00,openquantum:ionq:qpu:forte-enterprise,ONLINE,
2026-09-07T22:59:58+00:00,openquantum:iqm:qpu:emerald,ONLINE,
2026-09-07T22:59:58+00:00,openquantum:iqm:qpu:garnet,ONLINE,
2026-09-07T22:59:58+00:00,openquantum:rigetti:qpu:cepheus-1-108q,ONLINE,
2026-09-08T01:06:42+00:00,ibm:ibm:qpu:marrakesh,ONLINE,
2026-09-08T01:06:42+00:00,ibm:ibm:qpu:pittsburgh,ONLINE,
2026-09-08T01:06:42+00:00,aws:iqm:qpu:emerald,ONLINE,
2026-09-08T01:06:42+00:00,azure:ionq:qpu:forte-1,OFFLINE,
2026-09-08T01:06:42+00:00,ibm:ibm:qpu:kingston,ONLINE,
2026-09-08T01:06:42+00:00,ionq:ionq:qpu:forte-1,UNAVAILABLE,
2026-09-08T01:06:42+00:00,azure:rigetti:qpu:cepheus-1-36q,OFFLINE,
2026-09-08T01:06:42+00:00,ibm:ibm:qpu:miami,ONLINE,
2026-09-08T01:06:42+00:00,aws:aqt:qpu:ibex-q1,UNAVAILABLE,
2026-09-08T01:06:42+00:00,aws:quera:qpu:aquila,UNAVAILABLE,
2026-09-08T01:06:42+00:00,azure:pasqal:qpu:fresnel,OFFLINE,
2026-09-08T01:06:42+00:00,aws:ionq:qpu:forte-1,OFFLINE,
2026-09-08T01:06:42+00:00,aws:iqm:qpu:garnet,ONLINE,
2026-09-08T01:06:42+00:00,ibm:ibm:qpu:boston,ONLINE,
2026-09-08T01:06:42+00:00,aws:ionq:qpu:forte-enterprise-1,ONLINE,
2026-09-08T01:06:42+00:00,ibm:ibm:qpu:fez,ONLINE,
2026-09-08T01:06:42+00:00,azure:ionq:qpu:forte-enterprise-1,OFFLINE,
2026-09-08T01:06:42+00:00,rigetti:rigetti:qpu:cepheus-1-108q,ONLINE,
2026-09-08T01:06:42+00:00,aws:rigetti:qpu:cepheus-1-108q,ONLINE,
2026-09-08T01:06:42+00:00,openquantum:aqt:qpu:ibex-q1,ONLINE,
2026-09-08T01:06:42+00:00,openquantum:ionq:qpu:forte-1,ONLINE,
2026-09-08T01:06:42+00:00,openquantum:ionq:qpu:forte-enterprise,ONLINE,
2026-09-08T01:06:42+00:00,openquantum:iqm:qpu:emerald,ONLINE,
2026-09-08T01:06:42+00:00,openquantum:iqm:qpu:garnet,ONLINE,
2026-09-08T01:06:42+00:00,openquantum:rigetti:qpu:cepheus-1-108q,ONLINE,
2026-09-08T06:32:15+00:00,ibm:ibm:qpu:marrakesh,ONLINE,
2026-09-08T06:32:15+00:00,ibm:ibm:qpu:pittsburgh,ONLINE,
2026-09-08T06:32:15+00:00,aws:iqm:qpu:emerald,UNAVAILABLE,
2026-09-08T06:32:15+00:00,azure:ionq:qpu:forte-1,OFFLINE,
2026-09-08T06:32:15+00:00,ibm:ibm:qpu:kingston,ONLINE,
2026-09-08T06:32:15+00:00,ionq:ionq:qpu:forte-1,UNAVAILABLE,
2026-09-08T06:32:15+00:00,azure:rigetti:qpu:cepheus-1-36q,OFFLINE,
2026-09-08T06:32:15+00:00,ibm:ibm:qpu:miami,ONLINE,
2026-09-08T06:32:15+00:00,aws:aqt:qpu:ibex-q1,UNAVAILABLE,
2026-09-08T06:32:15+00:00,aws:quera:qpu:aquila,UNAVAILABLE,
2026-09-08T06:32:15+00:00,azure:pasqal:qpu:fresnel,OFFLINE,
2026-09-08T06:32:15+00:00,aws:ionq:qpu:forte-1,OFFLINE,
2026-09-08T06:32:15+00:00,aws:iqm:qpu:garnet,ONLINE,
2026-09-08T06:32:15+00:00,ibm:ibm:qpu:boston,ONLINE,
2026-09-08T06:32:15+00:00,aws:ionq:qpu:forte-enterprise-1,ONLINE,
2026-09-08T06:32:15+00:00,ibm:ibm:qpu:fez,ONLINE,
2026-09-08T06:32:15+00:00,azure:ionq:qpu:forte-enterprise-1,OFFLINE,
2026-09-08T06:32:15+00:00,rigetti:rigetti:qpu:cepheus-1-108q,ONLINE,
2026-09-08T06:32:15+00:00,aws:rigetti:qpu:cepheus-1-108q,ONLINE,
2026-09-08T06:32:15+00:00,openquantum:aqt:qpu:ibex-q1,ONLINE,
2026-09-08T06:32:15+00:00,openquantum:ionq:qpu:forte-1,ONLINE,
2026-09-08T06:32:15+00:00,openquantum:ionq:qpu:forte-enterprise,ONLINE,
2026-09-08T06:32:15+00:00,openquantum:iqm:qpu:emerald,ONLINE,
2026-09-08T06:32:15+00:00,openquantum:iqm:qpu:garnet,ONLINE,
2026-09-08T06:32:15+00:00,openquantum:rigetti:qpu:cepheus-1-108q,ONLINE,
2026-09-08T11:44:53+00:00,ibm:ibm:qpu:marrakesh,ONLINE,
2026-09-08T11:44:53+00:00,ibm:ibm:qpu:pittsburgh,ONLINE,
2026-09-08T11:44:53+00:00,aws:iqm:qpu:emerald,ONLINE,
2026-09-08T11:44:53+00:00,azure:ionq:qpu:forte-1,OFFLINE,
2026-09-08T11:44:53+00:00,ibm:ibm:qpu:kingston,ONLINE,
2026-09-08T11:44:53+00:00,ionq:ionq:qpu:forte-1,UNAVAILABLE,
2026-09-08T11:44:53+00:00,azure:rigetti:qpu:cepheus-1-36q,OFFLINE,
2026-09-08T11:44:53+00:00,ibm:ibm:qpu:miami,ONLINE,
2026-09-08T11:44:53+00:00,aws:aqt:qpu:ibex-q1,ONLINE,
2026-09-08T11:44:53+00:00,aws:quera:qpu:aquila,UNAVAILABLE,
2026-09-08T11:44:53+00:00,azure:pasqal:qpu:fresnel,OFFLINE,
2026-09-08T11:44:53+00:00,aws:ionq:qpu:forte-1,OFFLINE,
2026-09-08T11:44:53+00:00,aws:iqm:qpu:garnet,ONLINE,
2026-09-08T11:44:53+00:00,ibm:ibm:qpu:boston,ONLINE,
2026-09-08T11:44:53+00:00,aws:ionq:qpu:forte-enterprise-1,ONLINE,
2026-09-08T11:44:53+00:00,ibm:ibm:qpu:fez,ONLINE,
2026-09-08T11:44:53+00:00,azure:ionq:qpu:forte-enterprise-1,OFFLINE,
2026-09-08T11:44:53+00:00,rigetti:rigetti:qpu:cepheus-1-108q,ONLINE,
2026-09-08T11:44:53+00:00,aws:rigetti:qpu:cepheus-1-108q,ONLINE,
2026-09-08T11:44:53+00:00,openquantum:aqt:qpu:ibex-q1,ONLINE,
2026-09-08T11:44:53+00:00,openquantum:ionq:qpu:forte-1,ONLINE,
2026-09-08T11:44:53+00:00,openquantum:ionq:qpu:forte-enterprise,ONLINE,
2026-09-08T11:44:53+00:00,openquantum:iqm:qpu:emerald,ONLINE,
2026-09-08T11:44:53+00:00,openquantum:iqm:qpu:garnet,ONLINE,
2026-09-08T11:44:53+00:00,openquantum:rigetti:qpu:cepheus-1-108q,ONLINE,
2026-09-08T15:22:18+00:00,ibm:ibm:qpu:marrakesh,ONLINE,
2026-09-08T15:22:18+00:00,ibm:ibm:qpu:pittsburgh,ONLINE,
2026-09-08T15:22:18+00:00,aws:iqm:qpu:emerald,ONLINE,
2026-09-08T15:22:18+00:00,azure:ionq:qpu:forte-1,OFFLINE,
2026-09-08T15:22:18+00:00,ibm:ibm:qpu:kingston,ONLINE,
2026-09-08T15:22:18+00:00,ionq:ionq:qpu:forte-1,UNAVAILABLE,
2026-09-08T15:22:18+00:00,azure:rigetti:qpu:cepheus-1-36q,OFFLINE,
2026-09-08T15:22:18+00:00,ibm:ibm:qpu:miami,ONLINE,
2026-09-08T15:22:18+00:00,aws:aqt:qpu:ibex-q1,UNAVAILABLE,
2026-09-08T15:22:18+00:00,aws:quera:qpu:aquila,UNAVAILABLE,
2026-09-08T15:22:18+00:00,azure:pasqal:qpu:fresnel,OFFLINE,
2026-09-08T15:22:18+00:00,aws:ionq:qpu:forte-1,OFFLINE,
2026-09-08T15:22:18+00:00,aws:iqm:qpu:garnet,ONLINE,
2026-09-08T15:22:18+00:00,ibm:ibm:qpu:boston,UNAVAILABLE,
2026-09-08T15:22:18+00:00,aws:ionq:qpu:forte-enterprise-1,ONLINE,
2026-09-08T15:22:18+00:00,ibm:ibm:qpu:fez,ONLINE,
2026-09-08T15:22:18+00:00,azure:ionq:qpu:forte-enterprise-1,OFFLINE,
2026-09-08T15:22:18+00:00,rigetti:rigetti:qpu:cepheus-1-108q,ONLINE,
2026-09-08T15:22:18+00:00,aws:rigetti:qpu:cepheus-1-108q,ONLINE,
2026-09-08T15:22:18+00:00,openquantum:aqt:qpu:ibex-q1,ONLINE,
2026-09-08T15:22:18+00:00,openquantum:ionq:qpu:forte-1,ONLINE,
2026-09-08T15:22:18+00:00,openquantum:ionq:qpu:forte-enterprise,ONLINE,
2026-09-08T15:22:18+00:00,openquantum:iqm:qpu:emerald,ONLINE,
2026-09-08T15:22:18+00:00,openquantum:iqm:qpu:garnet,ONLINE,
2026-09-08T15:22:18+00:00,openquantum:rigetti:qpu:cepheus-1-108q,ONLINE,
2026-09-08T18:58:09+00:00,ibm:ibm:qpu:marrakesh,ONLINE,
2026-09-08T18:58:09+00:00,ibm:ibm:qpu:pittsburgh,ONLINE,
2026-09-08T18:58:09+00:00,aws:iqm:qpu:emerald,ONLINE,
2026-09-08T18:58:09+00:00,azure:ionq:qpu:forte-1,OFFLINE,
2026-09-08T18:58:09+00:00,ibm:ibm:qpu:kingston,ONLINE,
2026-09-08T18:58:09+00:00,ionq:ionq:qpu:forte-1,UNAVAILABLE,
2026-09-08T18:58:09+00:00,azure:rigetti:qpu:cepheus-1-36q,OFFLINE,
2026-09-08T18:58:09+00:00,ibm:ibm:qpu:miami,ONLINE,
2026-09-08T18:58:09+00:00,aws:aqt:qpu:ibex-q1,UNAVAILABLE,
2026-09-08T18:58:09+00:00,aws:quera:qpu:aquila,UNAVAILABLE,
2026-09-08T18:58:09+00:00,azure:pasqal:qpu:fresnel,OFFLINE,
2026-09-08T18:58:09+00:00,aws:ionq:qpu:forte-1,OFFLINE,
2026-09-08T18:58:09+00:00,aws:iqm:qpu:garnet,ONLINE,
2026-09-08T18:58:09+00:00,ibm:ibm:qpu:boston,UNAVAILABLE,
2026-09-08T18:58:09+00:00,aws:ionq:qpu:forte-enterprise-1,ONLINE,
2026-09-08T18:58:09+00:00,ibm:ibm:qpu:fez,ONLINE,
2026-09-08T18:58:09+00:00,azure:ionq:qpu:forte-enterprise-1,OFFLINE,
2026-09-08T18:58:09+00:00,rigetti:rigetti:qpu:cepheus-1-108q,ONLINE,
2026-09-08T18:58:09+00:00,aws:rigetti:qpu:cepheus-1-108q,ONLINE,
2026-09-08T18:58:09+00:00,openquantum:aqt:qpu:ibex-q1,ONLINE,
2026-09-08T18:58:09+00:00,openquantum:ionq:qpu:forte-1,ONLINE,
2026-09-08T18:58:09+00:00,openquantum:ionq:qpu:forte-enterprise,ONLINE,
2026-09-08T18:58:09+00:00,openquantum:iqm:qpu:emerald,ONLINE,
2026-09-08T18:58:09+00:00,openquantum:iqm:qpu:garnet,ONLINE,
2026-09-08T18:58:09+00:00,openquantum:rigetti:qpu:cepheus-1-108q,ONLINE,
2026-09-08T21:45:26+00:00,ibm:ibm:qpu:marrakesh,ONLINE,
2026-09-08T21:45:26+00:00,ibm:ibm:qpu:pittsburgh,ONLINE,
2026-09-08T21:45:26+00:00,aws:iqm:qpu:emerald,ONLINE,
2026-09-08T21:45:26+00:00,azure:ionq:qpu:forte-1,OFFLINE,
2026-09-08T21:45:26+00:00,ibm:ibm:qpu:kingston,ONLINE,
2026-09-08T21:45:26+00:00,ionq:ionq:qpu:forte-1,UNAVAILABLE,
2026-09-08T21:45:26+00:00,azure:rigetti:qpu:cepheus-1-36q,OFFLINE,
2026-09-08T21:45:26+00:00,ibm:ibm:qpu:miami,ONLINE,
2026-09-08T21:45:26+00:00,aws:aqt:qpu:ibex-q1,UNAVAILABLE,
2026-09-08T21:45:26+00:00,aws:quera:qpu:aquila,UNAVAILABLE,
2026-09-08T21:45:26+00:00,azure:pasqal:qpu:fresnel,OFFLINE,
2026-09-08T21:45:26+00:00,aws:ionq:qpu:forte-1,OFFLINE,
2026-09-08T21:45:26+00:00,aws:iqm:qpu:garnet,ONLINE,
2026-09-08T21:45:26+00:00,ibm:ibm:qpu:boston,ONLINE,
2026-09-08T21:45:26+00:00,aws:ionq:qpu:forte-enterprise-1,ONLINE,
2026-09-08T21:45:26+00:00,ibm:ibm:qpu:fez,ONLINE,
2026-09-08T21:45:26+00:00,azure:ionq:qpu:forte-enterprise-1,OFFLINE,
2026-09-08T21:45:26+00:00,rigetti:rigetti:qpu:cepheus-1-108q,ONLINE,
2026-09-08T21:45:26+00:00,aws:rigetti:qpu:cepheus-1-108q,ONLINE,
2026-09-08T21:45:26+00:00,openquantum:aqt:qpu:ibex-q1,ONLINE,
2026-09-08T21:45:26+00:00,openquantum:ionq:qpu:forte-1,ONLINE,
2026-09-08T21:45:26+00:00,openquantum:ionq:qpu:forte-enterprise,ONLINE,
2026-09-08T21:45:26+00:00,openquantum:iqm:qpu:emerald,ONLINE,
2026-09-08T21:45:26+00:00,openquantum:iqm:qpu:garnet,ONLINE,
2026-09-08T21:45:26+00:00,openquantum:rigetti:qpu:cepheus-1-108q,ONLINE,
2026-09-08T23:51:27+00:00,ibm:ibm:qpu:marrakesh,ONLINE,
2026-09-08T23:51:27+00:00,ibm:ibm:qpu:pittsburgh,ONLINE,
2026-09-08T23:51:27+00:00,aws:iqm:qpu:emerald,ONLINE,
2026-09-08T23:51:27+00:00,azure:ionq:qpu:forte-1,OFFLINE,
2026-09-08T23:51:27+00:00,ibm:ibm:qpu:kingston,ONLINE,
2026-09-08T23:51:27+00:00,ionq:ionq:qpu:forte-1,UNAVAILABLE,
2026-09-08T23:51:27+00:00,azure:rigetti:qpu:cepheus-1-36q,OFFLINE,
2026-09-08T23:51:27+00:00,ibm:ibm:qpu:miami,ONLINE,
2026-09-08T23:51:27+00:00,aws:aqt:qpu:ibex-q1,UNAVAILABLE,
2026-09-08T23:51:27+00:00,aws:quera:qpu:aquila,UNAVAILABLE,
2026-09-08T23:51:27+00:00,azure:pasqal:qpu:fresnel,OFFLINE,
2026-09-08T23:51:27+00:00,aws:ionq:qpu:forte-1,OFFLINE,
2026-09-08T23:51:27+00:00,aws:iqm:qpu:garnet,ONLINE,
2026-09-08T23:51:27+00:00,ibm:ibm:qpu:boston,ONLINE,
2026-09-08T23:51:27+00:00,aws:ionq:qpu:forte-enterprise-1,ONLINE,
2026-09-08T23:51:27+00:00,ibm:ibm:qpu:fez,ONLINE,
2026-09-08T23:51:27+00:00,azure:ionq:qpu:forte-enterprise-1,OFFLINE,
2026-09-08T23:51:27+00:00,rigetti:rigetti:qpu:cepheus-1-108q,ONLINE,
2026-09-08T23:51:27+00:00,aws:rigetti:qpu:cepheus-1-108q,ONLINE,
2026-09-08T23:51:27+00:00,openquantum:aqt:qpu:ibex-q1,ONLINE,
2026-09-08T23:51:27+00:00,openquantum:ionq:qpu:forte-1,ONLINE,
2026-09-08T23:51:27+00:00,openquantum:ionq:qpu:forte-enterprise,ONLINE,
2026-09-08T23:51:27+00:00,openquantum:iqm:qpu:emerald,ONLINE,
2026-09-08T23:51:27+00:00,openquantum:iqm:qpu:garnet,ONLINE,
2026-09-08T23:51:27+00:00,openquantum:rigetti:qpu:cepheus-1-108q,ONLINE,
2026-09-09T03:19:55+00:00,ibm:ibm:qpu:marrakesh,ONLINE,
2026-09-09T03:19:55+00:00,ibm:ibm:qpu:pittsburgh,ONLINE,
2026-09-09T03:19:55+00:00,aws:iqm:qpu:emerald,ONLINE,
2026-09-09T03:19:55+00:00,azure:ionq:qpu:forte-1,OFFLINE,
2026-09-09T03:19:55+00:00,ibm:ibm:qpu:kingston,ONLINE,
2026-09-09T03:19:55+00:00,ionq:ionq:qpu:forte-1,UNAVAILABLE,
2026-09-09T03:19:55+00:00,azure:rigetti:qpu:cepheus-1-36q,OFFLINE,
2026-09-09T03:19:55+00:00,ibm:ibm:qpu:miami,ONLINE,
2026-09-09T03:19:55+00:00,aws:aqt:qpu:ibex-q1,UNAVAILABLE,
2026-09-09T03:19:55+00:00,aws:quera:qpu:aquila,UNAVAILABLE,
2026-09-09T03:19:55+00:00,azure:pasqal:qpu:fresnel,OFFLINE,
2026-09-09T03:19:55+00:00,aws:ionq:qpu:forte-1,OFFLINE,
2026-09-09T03:19:55+00:00,aws:iqm:qpu:garnet,ONLINE,
2026-09-09T03:19:55+00:00,ibm:ibm:qpu:boston,ONLINE,
2026-09-09T03:19:55+00:00,aws:ionq:qpu:forte-enterprise-1,ONLINE,
2026-09-09T03:19:55+00:00,ibm:ibm:qpu:fez,ONLINE,
2026-09-09T03:19:55+00:00,azure:ionq:qpu:forte-enterprise-1,OFFLINE,
2026-09-09T03:19:55+00:00,rigetti:rigetti:qpu:cepheus-1-108q,ONLINE,
2026-09-09T03:19:55+00:00,aws:rigetti:qpu:cepheus-1-108q,ONLINE,
2026-09-09T03:19:55+00:00,openquantum:aqt:qpu:ibex-q1,ONLINE,
2026-09-09T03:19:55+00:00,openquantum:ionq:qpu:forte-1,ONLINE,
2026-09-09T03:19:55+00:00,openquantum:ionq:qpu:forte-enterprise,ONLINE,
2026-09-09T03:19:55+00:00,openquantum:iqm:qpu:emerald,ONLINE,
2026-09-09T03:19:55+00:00,openquantum:iqm:qpu:garnet,ONLINE,
2026-09-09T03:19:55+00:00,openquantum:rigetti:qpu:cepheus-1-108q,ONLINE,
2026-09-09T08:23:20+00:00,ibm:ibm:qpu:marrakesh,ONLINE,
2026-09-09T08:23:20+00:00,ibm:ibm:qpu:pittsburgh,ONLINE,
2026-09-09T08:23:20+00:00,aws:iqm:qpu:emerald,ONLINE,
2026-09-09T08:23:20+00:00,azure:ionq:qpu:forte-1,OFFLINE,
2026-09-09T08:23:20+00:00,ibm:ibm:qpu:kingston,ONLINE,
2026-09-09T08:23:20+00:00,ionq:ionq:qpu:forte-1,UNAVAILABLE,
2026-09-09T08:23:20+00:00,azure:rigetti:qpu:cepheus-1-36q,OFFLINE,
2026-09-09T08:23:20+00:00,ibm:ibm:qpu:miami,ONLINE,
2026-09-09T08:23:20+00:00,aws:aqt:qpu:ibex-q1,ONLINE,
2026-09-09T08:23:20+00:00,aws:quera:qpu:aquila,UNAVAILABLE,
2026-09-09T08:23:20+00:00,azure:pasqal:qpu:fresnel,OFFLINE,
2026-09-09T08:23:20+00:00,aws:ionq:qpu:forte-1,OFFLINE,
2026-09-09T08:23:20+00:00,aws:iqm:qpu:garnet,ONLINE,
2026-09-09T08:23:20+00:00,ibm:ibm:qpu:boston,ONLINE,
2026-09-09T08:23:20+00:00,aws:ionq:qpu:forte-enterprise-1,ONLINE,
2026-09-09T08:23:20+00:00,ibm:ibm:qpu:fez,ONLINE,
2026-09-09T08:23:20+00:00,azure:ionq:qpu:forte-enterprise-1,OFFLINE,
2026-09-09T08:23:20+00:00,rigetti:rigetti:qpu:cepheus-1-108q,ONLINE,
2026-09-09T08:23:20+00:00,aws:rigetti:qpu:cepheus-1-108q,UNAVAILABLE,
2026-09-09T08:23:20+00:00,openquantum:aqt:qpu:ibex-q1,ONLINE,
2026-09-09T08:23:20+00:00,openquantum:ionq:qpu:forte-1,ONLINE,
2026-09-09T08:23:20+00:00,openquantum:ionq:qpu:forte-enterprise,ONLINE,
2026-09-09T08:23:20+00:00,openquantum:iqm:qpu:emerald,ONLINE,
2026-09-09T08:23:20+00:00,openquantum:iqm:qpu:garnet,ONLINE,
2026-09-09T08:23:20+00:00,openquantum:rigetti:qpu:cepheus-1-108q,ONLINE,
2026-09-09T13:09:27+00:00,ibm:ibm:qpu:marrakesh,ONLINE,
2026-09-09T13:09:27+00:00,ibm:ibm:qpu:pittsburgh,ONLINE,
2026-09-09T13:09:27+00:00,aws:iqm:qpu:emerald,ONLINE,
2026-09-09T13:09:27+00:00,azure:ionq:qpu:forte-1,OFFLINE,
2026-09-09T13:09:27+00:00,ibm:ibm:qpu:kingston,ONLINE,
2026-09-09T13:09:27+00:00,ionq:ionq:qpu:forte-1,UNAVAILABLE,
2026-09-09T13:09:27+00:00,azure:rigetti:qpu:cepheus-1-36q,OFFLINE,
2026-09-09T13:09:27+00:00,ibm:ibm:qpu:miami,ONLINE,
2026-09-09T13:09:27+00:00,aws:aqt:qpu:ibex-q1,ONLINE,
2026-09-09T13:09:27+00:00,aws:quera:qpu:aquila,UNAVAILABLE,
2026-09-09T13:09:27+00:00,azure:pasqal:qpu:fresnel,OFFLINE,
2026-09-09T13:09:27+00:00,aws:ionq:qpu:forte-1,OFFLINE,
2026-09-09T13:09:27+00:00,aws:iqm:qpu:garnet,ONLINE,
2026-09-09T13:09:27+00:00,ibm:ibm:qpu:boston,ONLINE,
2026-09-09T13:09:27+00:00,aws:ionq:qpu:forte-enterprise-1,ONLINE,
2026-09-09T13:09:27+00:00,ibm:ibm:qpu:fez,ONLINE,
2026-09-09T13:09:27+00:00,azure:ionq:qpu:forte-enterprise-1,OFFLINE,
2026-09-09T13:09:27+00:00,rigetti:rigetti:qpu:cepheus-1-108q,ONLINE,
2026-09-09T13:09:27+00:00,aws:rigetti:qpu:cepheus-1-108q,ONLINE,
2026-09-09T13:09:27+00:00,openquantum:aqt:qpu:ibex-q1,ONLINE,
2026-09-09T13:09:27+00:00,openquantum:ionq:qpu:forte-1,ONLINE,
2026-09-09T13:09:27+00:00,openquantum:ionq:qpu:forte-enterprise,ONLINE,
2026-09-09T13:09:27+00:00,openquantum:iqm:qpu:emerald,ONLINE,
2026-09-09T13:09:27+00:00,openquantum:iqm:qpu:garnet,ONLINE,
2026-09-09T13:09:27+00:00,openquantum:rigetti:qpu:cepheus-1-108q,ONLINE,
2026-09-09T17:17:48+00:00,aws:aqt:qpu:ibex-q1,UNAVAILABLE,
2026-09-09T17:17:48+00:00,aws:quera:qpu:aquila,UNAVAILABLE,
2026-09-09T17:17:48+00:00,ibm:ibm:qpu:marrakesh,ONLINE,
2026-09-09T17:17:48+00:00,ibm:ibm:qpu:pittsburgh,ONLINE,
2026-09-09T17:17:48+00:00,azure:pasqal:qpu:fresnel,OFFLINE,
2026-09-09T17:17:48+00:00,aws:iqm:qpu:emerald,ONLINE,
2026-09-09T17:17:48+00:00,azure:ionq:qpu:forte-1,OFFLINE,
2026-09-09T17:17:48+00:00,ibm:ibm:qpu:kingston,ONLINE,
2026-09-09T17:17:48+00:00,aws:ionq:qpu:forte-1,OFFLINE,
2026-09-09T17:17:48+00:00,aws:ionq:qpu:forte-enterprise-1,ONLINE,
2026-09-09T17:17:48+00:00,ionq:ionq:qpu:forte-1,UNAVAILABLE,
2026-09-09T17:17:48+00:00,ibm:ibm:qpu:fez,ONLINE,
2026-09-09T17:17:48+00:00,aws:iqm:qpu:garnet,ONLINE,
2026-09-09T17:17:48+00:00,azure:rigetti:qpu:cepheus-1-36q,OFFLINE,
2026-09-09T17:17:48+00:00,azure:ionq:qpu:forte-enterprise-1,OFFLINE,
2026-09-09T17:17:48+00:00,ibm:ibm:qpu:boston,ONLINE,
2026-09-09T17:17:48+00:00,ibm:ibm:qpu:miami,ONLINE,
2026-09-09T17:17:48+00:00,rigetti:rigetti:qpu:cepheus-1-108q,ONLINE,
2026-09-09T17:17:48+00:00,aws:rigetti:qpu:cepheus-1-108q,ONLINE,
2026-09-09T17:17:48+00:00,openquantum:aqt:qpu:ibex-q1,ONLINE,
2026-09-09T17:17:48+00:00,openquantum:ionq:qpu:forte-1,ONLINE,
2026-09-09T17:17:48+00:00,openquantum:ionq:qpu:forte-enterprise,ONLINE,
2026-09-09T17:17:48+00:00,openquantum:iqm:qpu:emerald,ONLINE,
2026-09-09T17:17:48+00:00,openquantum:iqm:qpu:garnet,ONLINE,
2026-09-09T17:17:48+00:00,openquantum:rigetti:qpu:cepheus-1-108q,ONLINE,
2026-09-09T20:01:18+00:00,aws:aqt:qpu:ibex-q1,UNAVAILABLE,
2026-09-09T20:01:18+00:00,aws:quera:qpu:aquila,UNAVAILABLE,
2026-09-09T20:01:18+00:00,ibm:ibm:qpu:marrakesh,ONLINE,
2026-09-09T20:01:18+00:00,ibm:ibm:qpu:pittsburgh,ONLINE,
2026-09-09T20:01:18+00:00,azure:pasqal:qpu:fresnel,OFFLINE,
2026-09-09T20:01:18+00:00,aws:iqm:qpu:emerald,ONLINE,
2026-09-09T20:01:18+00:00,azure:ionq:qpu:forte-1,OFFLINE,
2026-09-09T20:01:18+00:00,ibm:ibm:qpu:kingston,ONLINE,
2026-09-09T20:01:18+00:00,aws:ionq:qpu:forte-1,OFFLINE,
2026-09-09T20:01:18+00:00,aws:ionq:qpu:forte-enterprise-1,ONLINE,
2026-09-09T20:01:18+00:00,ionq:ionq:qpu:forte-1,UNAVAILABLE,
2026-09-09T20:01:18+00:00,ibm:ibm:qpu:fez,ONLINE,
2026-09-09T20:01:18+00:00,aws:iqm:qpu:garnet,ONLINE,
2026-09-09T20:01:18+00:00,azure:rigetti:qpu:cepheus-1-36q,OFFLINE,
2026-09-09T20:01:18+00:00,azure:ionq:qpu:forte-enterprise-1,OFFLINE,
2026-09-09T20:01:18+00:00,ibm:ibm:qpu:boston,ONLINE,
2026-09-09T20:01:18+00:00,ibm:ibm:qpu:miami,ONLINE,
2026-09-09T20:01:18+00:00,rigetti:rigetti:qpu:cepheus-1-108q,ONLINE,
2026-09-09T20:01:18+00:00,aws:rigetti:qpu:cepheus-1-108q,UNAVAILABLE,
2026-09-09T20:01:18+00:00,openquantum:aqt:qpu:ibex-q1,ONLINE,
2026-09-09T20:01:18+00:00,openquantum:ionq:qpu:forte-1,ONLINE,
2026-09-09T20:01:18+00:00,openquantum:ionq:qpu:forte-enterprise,ONLINE,
2026-09-09T20:01:18+00:00,openquantum:iqm:qpu:emerald,ONLINE,
2026-09-09T20:01:18+00:00,openquantum:iqm:qpu:garnet,ONLINE,
2026-09-09T20:01:18+00:00,openquantum:rigetti:qpu:cepheus-1-108q,ONLINE,
2026-09-09T22:45:37+00:00,aws:aqt:qpu:ibex-q1,UNAVAILABLE,
2026-09-09T22:45:37+00:00,aws:quera:qpu:aquila,UNAVAILABLE,
2026-09-09T22:45:37+00:00,ibm:ibm:qpu:marrakesh,ONLINE,
2026-09-09T22:45:37+00:00,ibm:ibm:qpu:pittsburgh,ONLINE,
2026-09-09T22:45:37+00:00,azure:pasqal:qpu:fresnel,OFFLINE,
2026-09-09T22:45:37+00:00,aws:iqm:qpu:emerald,ONLINE,
2026-09-09T22:45:37+00:00,azure:ionq:qpu:forte-1,OFFLINE,
2026-09-09T22:45:37+00:00,ibm:ibm:qpu:kingston,ONLINE,
2026-09-09T22:45:37+00:00,aws:ionq:qpu:forte-1,OFFLINE,
2026-09-09T22:45:37+00:00,aws:ionq:qpu:forte-enterprise-1,ONLINE,
2026-09-09T22:45:37+00:00,ionq:ionq:qpu:forte-1,UNAVAILABLE,
2026-09-09T22:45:37+00:00,ibm:ibm:qpu:fez,ONLINE,
2026-09-09T22:45:37+00:00,aws:iqm:qpu:garnet,ONLINE,
2026-09-09T22:45:37+00:00,azure:rigetti:qpu:cepheus-1-36q,OFFLINE,
2026-09-09T22:45:37+00:00,azure:ionq:qpu:forte-enterprise-1,OFFLINE,
2026-09-09T22:45:37+00:00,ibm:ibm:qpu:boston,ONLINE,
2026-09-09T22:45:37+00:00,ibm:ibm:qpu:miami,ONLINE,
2026-09-09T22:45:37+00:00,rigetti:rigetti:qpu:cepheus-1-108q,ONLINE,
2026-09-09T22:45:37+00:00,aws:rigetti:qpu:cepheus-1-108q,ONLINE,
2026-09-09T22:45:37+00:00,openquantum:aqt:qpu:ibex-q1,ONLINE,
2026-09-09T22:45:37+00:00,openquantum:ionq:qpu:forte-1,ONLINE,
2026-09-09T22:45:37+00:00,openquantum:ionq:qpu:forte-enterprise,ONLINE,
2026-09-09T22:45:37+00:00,openquantum:iqm:qpu:emerald,ONLINE,
2026-09-09T22:45:37+00:00,openquantum:iqm:qpu:garnet,ONLINE,
2026-09-09T22:45:37+00:00,openquantum:rigetti:qpu:cepheus-1-108q,ONLINE,
2026-09-10T00:51:54+00:00,aws:aqt:qpu:ibex-q1,UNAVAILABLE,
2026-09-10T00:51:54+00:00,aws:quera:qpu:aquila,UNAVAILABLE,
2026-09-10T00:51:54+00:00,ibm:ibm:qpu:marrakesh,ONLINE,
2026-09-10T00:51:54+00:00,ibm:ibm:qpu:pittsburgh,ONLINE,
2026-09-10T00:51:54+00:00,azure:pasqal:qpu:fresnel,OFFLINE,
2026-09-10T00:51:54+00:00,aws:iqm:qpu:emerald,ONLINE,
2026-09-10T00:51:54+00:00,azure:ionq:qpu:forte-1,OFFLINE,
2026-09-10T00:51:54+00:00,ibm:ibm:qpu:kingston,ONLINE,
2026-09-10T00:51:54+00:00,aws:ionq:qpu:forte-1,OFFLINE,
2026-09-10T00:51:54+00:00,aws:ionq:qpu:forte-enterprise-1,ONLINE,
2026-09-10T00:51:54+00:00,ionq:ionq:qpu:forte-1,UNAVAILABLE,
2026-09-10T00:51:54+00:00,ibm:ibm:qpu:fez,ONLINE,
2026-09-10T00:51:54+00:00,aws:iqm:qpu:garnet,ONLINE,
2026-09-10T00:51:54+00:00,azure:rigetti:qpu:cepheus-1-36q,OFFLINE,
2026-09-10T00:51:54+00:00,azure:ionq:qpu:forte-enterprise-1,OFFLINE,
2026-09-10T00:51:54+00:00,ibm:ibm:qpu:boston,ONLINE,
2026-09-10T00:51:54+00:00,ibm:ibm:qpu:miami,ONLINE,
2026-09-10T00:51:54+00:00,rigetti:rigetti:qpu:cepheus-1-108q,ONLINE,
2026-09-10T00:51:54+00:00,aws:rigetti:qpu:cepheus-1-108q,ONLINE,
2026-09-10T00:51:54+00:00,openquantum:aqt:qpu:ibex-q1,ONLINE,
2026-09-10T00:51:54+00:00,openquantum:ionq:qpu:forte-1,ONLINE,
2026-09-10T00:51:54+00:00,openquantum:ionq:qpu:forte-enterprise,ONLINE,
2026-09-10T00:51:54+00:00,openquantum:iqm:qpu:emerald,ONLINE,
2026-09-10T00:51:54+00:00,openquantum:iqm:qpu:garnet,ONLINE,
2026-09-10T00:51:54+00:00,openquantum:rigetti:qpu:cepheus-1-108q,ONLINE,
2026-09-10T05:38:26+00:00,aws:aqt:qpu:ibex-q1,UNAVAILABLE,
2026-09-10T05:38:26+00:00,aws:quera:qpu:aquila,UNAVAILABLE,
2026-09-10T05:38:26+00:00,ibm:ibm:qpu:marrakesh,ONLINE,
2026-09-10T05:38:26+00:00,ibm:ibm:qpu:pittsburgh,ONLINE,
2026-09-10T05:38:26+00:00,azure:pasqal:qpu:fresnel,OFFLINE,
2026-09-10T05:38:26+00:00,aws:iqm:qpu:emerald,UNAVAILABLE,
2026-09-10T05:38:26+00:00,azure:ionq:qpu:forte-1,OFFLINE,
2026-09-10T05:38:26+00:00,ibm:ibm:qpu:kingston,ONLINE,
2026-09-10T05:38:26+00:00,aws:ionq:qpu:forte-1,OFFLINE,
2026-09-10T05:38:26+00:00,aws:ionq:qpu:forte-enterprise-1,ONLINE,
2026-09-10T05:38:26+00:00,ionq:ionq:qpu:forte-1,UNAVAILABLE,
2026-09-10T05:38:26+00:00,ibm:ibm:qpu:fez,ONLINE,
2026-09-10T05:38:26+00:00,aws:iqm:qpu:garnet,ONLINE,
2026-09-10T05:38:26+00:00,azure:rigetti:qpu:cepheus-1-36q,OFFLINE,
2026-09-10T05:38:26+00:00,azure:ionq:qpu:forte-enterprise-1,OFFLINE,
2026-09-10T05:38:26+00:00,ibm:ibm:qpu:boston,ONLINE,
2026-09-10T05:38:26+00:00,ibm:ibm:qpu:miami,ONLINE,
2026-09-10T05:38:26+00:00,rigetti:rigetti:qpu:cepheus-1-108q,ONLINE,
2026-09-10T05:38:26+00:00,aws:rigetti:qpu:cepheus-1-108q,ONLINE,
2026-09-10T05:38:26+00:00,openquantum:aqt:qpu:ibex-q1,ONLINE,
2026-09-10T05:38:26+00:00,openquantum:ionq:qpu:forte-1,ONLINE,
2026-09-10T05:38:26+00:00,openquantum:ionq:qpu:forte-enterprise,ONLINE,
2026-09-10T05:38:26+00:00,openquantum:iqm:qpu:emerald,ONLINE,
2026-09-10T05:38:26+00:00,openquantum:iqm:qpu:garnet,ONLINE,
2026-09-10T05:38:26+00:00,openquantum:rigetti:qpu:cepheus-1-108q,ONLINE,
2026-09-10T10:02:47+00:00,aws:aqt:qpu:ibex-q1,UNAVAILABLE,
2026-09-10T10:02:47+00:00,aws:quera:qpu:aquila,UNAVAILABLE,
2026-09-10T10:02:47+00:00,ibm:ibm:qpu:marrakesh,ONLINE,
2026-09-10T10:02:47+00:00,ibm:ibm:qpu:pittsburgh,ONLINE,
2026-09-10T10:02:47+00:00,azure:pasqal:qpu:fresnel,OFFLINE,
2026-09-10T10:02:47+00:00,aws:iqm:qpu:emerald,ONLINE,
2026-09-10T10:02:47+00:00,azure:ionq:qpu:forte-1,OFFLINE,
2026-09-10T10:02:47+00:00,ibm:ibm:qpu:kingston,ONLINE,
2026-09-10T10:02:47+00:00,aws:ionq:qpu:forte-1,OFFLINE,
2026-09-10T10:02:47+00:00,aws:ionq:qpu:forte-enterprise-1,UNAVAILABLE,
2026-09-10T10:02:47+00:00,ionq:ionq:qpu:forte-1,UNAVAILABLE,
2026-09-10T10:02:47+00:00,ibm:ibm:qpu:fez,ONLINE,
2026-09-10T10:02:47+00:00,aws:iqm:qpu:garnet,ONLINE,
2026-09-10T10:02:47+00:00,azure:rigetti:qpu:cepheus-1-36q,OFFLINE,
2026-09-10T10:02:47+00:00,azure:ionq:qpu:forte-enterprise-1,OFFLINE,
2026-09-10T10:02:47+00:00,ibm:ibm:qpu:boston,ONLINE,
2026-09-10T10:02:47+00:00,ibm:ibm:qpu:miami,ONLINE,
2026-09-10T10:02:47+00:00,rigetti:rigetti:qpu:cepheus-1-108q,ONLINE,
2026-09-10T10:02:47+00:00,aws:rigetti:qpu:cepheus-1-108q,ONLINE,
2026-09-10T10:02:47+00:00,openquantum:aqt:qpu:ibex-q1,ONLINE,
2026-09-10T10:02:47+00:00,openquantum:ionq:qpu:forte-1,ONLINE,
2026-09-10T10:02:47+00:00,openquantum:ionq:qpu:forte-enterprise,ONLINE,
2026-09-10T10:02:47+00:00,openquantum:iqm:qpu:emerald,ONLINE,
2026-09-10T10:02:47+00:00,openquantum:iqm:qpu:garnet,ONLINE,
2026-09-10T10:02:47+00:00,openquantum:rigetti:qpu:cepheus-1-108q,ONLINE,
2026-09-10T14:38:55+00:00,aws:aqt:qpu:ibex-q1,UNAVAILABLE,
2026-09-10T14:38:55+00:00,aws:quera:qpu:aquila,UNAVAILABLE,
2026-09-10T14:38:55+00:00,ibm:ibm:qpu:marrakesh,ONLINE,
2026-09-10T14:38:55+00:00,ibm:ibm:qpu:pittsburgh,ONLINE,
2026-09-10T14:38:55+00:00,azure:pasqal:qpu:fresnel,OFFLINE,
2026-09-10T14:38:55+00:00,aws:iqm:qpu:emerald,ONLINE,
2026-09-10T14:38:55+00:00,azure:ionq:qpu:forte-1,OFFLINE,
2026-09-10T14:38:55+00:00,ibm:ibm:qpu:kingston,ONLINE,
2026-09-10T14:38:55+00:00,aws:ionq:qpu:forte-1,OFFLINE,
2026-09-10T14:38:55+00:00,aws:ionq:qpu:forte-enterprise-1,ONLINE,
2026-09-10T14:38:55+00:00,ionq:ionq:qpu:forte-1,UNAVAILABLE,
2026-09-10T14:38:55+00:00,ibm:ibm:qpu:fez,ONLINE,
2026-09-10T14:38:55+00:00,aws:iqm:qpu:garnet,ONLINE,
2026-09-10T14:38:55+00:00,azure:rigetti:qpu:cepheus-1-36q,OFFLINE,
2026-09-10T14:38:55+00:00,azure:ionq:qpu:forte-enterprise-1,OFFLINE,
2026-09-10T14:38:55+00:00,ibm:ibm:qpu:boston,ONLINE,
2026-09-10T14:38:55+00:00,ibm:ibm:qpu:miami,ONLINE,
2026-09-10T14:38:55+00:00,rigetti:rigetti:qpu:cepheus-1-108q,ONLINE,
2026-09-10T14:38:55+00:00,aws:rigetti:qpu:cepheus-1-108q,ONLINE,
2026-09-10T14:38:55+00:00,openquantum:aqt:qpu:ibex-q1,ONLINE,
2026-09-10T14:38:55+00:00,openquantum:ionq:qpu:forte-1,ONLINE,
2026-09-10T14:38:55+00:00,openquantum:ionq:qpu:forte-enterprise,ONLINE,
2026-09-10T14:38:55+00:00,openquantum:iqm:qpu:emerald,ONLINE,
2026-09-10T14:38:55+00:00,openquantum:iqm:qpu:garnet,ONLINE,
2026-09-10T14:38:55+00:00,openquantum:rigetti:qpu:cepheus-1-108q,ONLINE,
2026-09-10T17:53:17+00:00,aws:aqt:qpu:ibex-q1,UNAVAILABLE,
2026-09-10T17:53:17+00:00,aws:quera:qpu:aquila,UNAVAILABLE,
2026-09-10T17:53:17+00:00,ibm:ibm:qpu:marrakesh,ONLINE,
2026-09-10T17:53:17+00:00,ibm:ibm:qpu:pittsburgh,ONLINE,
2026-09-10T17:53:17+00:00,azure:pasqal:qpu:fresnel,OFFLINE,
2026-09-10T17:53:17+00:00,aws:iqm:qpu:emerald,ONLINE,
2026-09-10T17:53:17+00:00,azure:ionq:qpu:forte-1,OFFLINE,
2026-09-10T17:53:17+00:00,ibm:ibm:qpu:kingston,ONLINE,
2026-09-10T17:53:17+00:00,aws:ionq:qpu:forte-1,OFFLINE,
2026-09-10T17:53:17+00:00,aws:ionq:qpu:forte-enterprise-1,ONLINE,
2026-09-10T17:53:17+00:00,ionq:ionq:qpu:forte-1,UNAVAILABLE,
2026-09-10T17:53:17+00:00,ibm:ibm:qpu:fez,ONLINE,
2026-09-10T17:53:17+00:00,aws:iqm:qpu:garnet,ONLINE,
2026-09-10T17:53:17+00:00,azure:rigetti:qpu:cepheus-1-36q,OFFLINE,
2026-09-10T17:53:17+00:00,azure:ionq:qpu:forte-enterprise-1,OFFLINE,
2026-09-10T17:53:17+00:00,ibm:ibm:qpu:boston,ONLINE,
2026-09-10T17:53:17+00:00,ibm:ibm:qpu:miami,ONLINE,
2026-09-10T17:53:17+00:00,rigetti:rigetti:qpu:cepheus-1-108q,ONLINE,
2026-09-10T17:53:17+00:00,aws:rigetti:qpu:cepheus-1-108q,ONLINE,
2026-09-10T17:53:17+00:00,openquantum:aqt:qpu:ibex-q1,ONLINE,
2026-09-10T17:53:17+00:00,openquantum:ionq:qpu:forte-1,ONLINE,
2026-09-10T17:53:17+00:00,openquantum:ionq:qpu:forte-enterprise,ONLINE,
2026-09-10T17:53:17+00:00,openquantum:iqm:qpu:emerald,ONLINE,
2026-09-10T17:53:17+00:00,openquantum:iqm:qpu:garnet,ONLINE,
2026-09-10T17:53:17+00:00,openquantum:rigetti:qpu:cepheus-1-108q,ONLINE,
2026-09-10T20:28:06+00:00,aws:aqt:qpu:ibex-q1,UNAVAILABLE,
2026-09-10T20:28:06+00:00,aws:quera:qpu:aquila,UNAVAILABLE,
2026-09-10T20:28:06+00:00,ibm:ibm:qpu:marrakesh,ONLINE,
2026-09-10T20:28:06+00:00,ibm:ibm:qpu:pittsburgh,ONLINE,
2026-09-10T20:28:06+00:00,azure:pasqal:qpu:fresnel,OFFLINE,
2026-09-10T20:28:06+00:00,aws:iqm:qpu:emerald,ONLINE,
2026-09-10T20:28:06+00:00,azure:ionq:qpu:forte-1,OFFLINE,
2026-09-10T20:28:06+00:00,ibm:ibm:qpu:kingston,ONLINE,
2026-09-10T20:28:06+00:00,aws:ionq:qpu:forte-1,OFFLINE,
2026-09-10T20:28:06+00:00,aws:ionq:qpu:forte-enterprise-1,ONLINE,
2026-09-10T20:28:06+00:00,ionq:ionq:qpu:forte-1,UNAVAILABLE,
2026-09-10T20:28:06+00:00,ibm:ibm:qpu:fez,ONLINE,
2026-09-10T20:28:06+00:00,aws:iqm:qpu:garnet,ONLINE,
2026-09-10T20:28:06+00:00,azure:rigetti:qpu:cepheus-1-36q,OFFLINE,
2026-09-10T20:28:06+00:00,azure:ionq:qpu:forte-enterprise-1,OFFLINE,
2026-09-10T20:28:06+00:00,ibm:ibm:qpu:boston,ONLINE,
2026-09-10T20:28:06+00:00,ibm:ibm:qpu:miami,ONLINE,
2026-09-10T20:28:06+00:00,rigetti:rigetti:qpu:cepheus-1-108q,ONLINE,
2026-09-10T20:28:06+00:00,aws:rigetti:qpu:cepheus-1-108q,UNAVAILABLE,
2026-09-10T20:28:06+00:00,openquantum:aqt:qpu:ibex-q1,ONLINE,
2026-09-10T20:28:06+00:00,openquantum:ionq:qpu:forte-1,ONLINE,
2026-09-10T20:28:06+00:00,openquantum:ionq:qpu:forte-enterprise,ONLINE,
2026-09-10T20:28:06+00:00,openquantum:iqm:qpu:emerald,ONLINE,
2026-09-10T20:28:06+00:00,openquantum:iqm:qpu:garnet,ONLINE,
2026-09-10T20:28:06+00:00,openquantum:rigetti:qpu:cepheus-1-108q,ONLINE,
2026-09-10T22:46:37+00:00,aws:aqt:qpu:ibex-q1,UNAVAILABLE,
2026-09-10T22:46:37+00:00,aws:quera:qpu:aquila,UNAVAILABLE,
2026-09-10T22:46:37+00:00,ibm:ibm:qpu:marrakesh,ONLINE,
2026-09-10T22:46:37+00:00,ibm:ibm:qpu:pittsburgh,ONLINE,
2026-09-10T22:46:37+00:00,azure:pasqal:qpu:fresnel,OFFLINE,
2026-09-10T22:46:37+00:00,aws:iqm:qpu:emerald,ONLINE,
2026-09-10T22:46:37+00:00,azure:ionq:qpu:forte-1,OFFLINE,
2026-09-10T22:46:37+00:00,ibm:ibm:qpu:kingston,ONLINE,
2026-09-10T22:46:37+00:00,aws:ionq:qpu:forte-1,OFFLINE,
2026-09-10T22:46:37+00:00,aws:ionq:qpu:forte-enterprise-1,ONLINE,
2026-09-10T22:46:37+00:00,ionq:ionq:qpu:forte-1,UNAVAILABLE,
2026-09-10T22:46:37+00:00,ibm:ibm:qpu:fez,ONLINE,
2026-09-10T22:46:37+00:00,aws:iqm:qpu:garnet,ONLINE,
2026-09-10T22:46:37+00:00,azure:rigetti:qpu:cepheus-1-36q,OFFLINE,
2026-09-10T22:46:37+00:00,azure:ionq:qpu:forte-enterprise-1,OFFLINE,
2026-09-10T22:46:37+00:00,ibm:ibm:qpu:boston,ONLINE,
2026-09-10T22:46:37+00:00,ibm:ibm:qpu:miami,ONLINE,
2026-09-10T22:46:37+00:00,rigetti:rigetti:qpu:cepheus-1-108q,ONLINE,
2026-09-10T22:46:37+00:00,aws:rigetti:qpu:cepheus-1-108q,ONLINE,
2026-09-10T22:46:37+00:00,openquantum:aqt:qpu:ibex-q1,ONLINE,
2026-09-10T22:46:37+00:00,openquantum:ionq:qpu:forte-1,ONLINE,
2026-09-10T22:46:37+00:00,openquantum:ionq:qpu:forte-enterprise,ONLINE,
2026-09-10T22:46:37+00:00,openquantum:iqm:qpu:emerald,ONLINE,
2026-09-10T22:46:37+00:00,openquantum:iqm:qpu:garnet,ONLINE,
2026-09-10T22:46:37+00:00,openquantum:rigetti:qpu:cepheus-1-108q,ONLINE,
2026-09-11T00:50:19+00:00,aws:aqt:qpu:ibex-q1,UNAVAILABLE,
2026-09-11T00:50:19+00:00,aws:quera:qpu:aquila,UNAVAILABLE,
2026-09-11T00:50:19+00:00,ibm:ibm:qpu:marrakesh,ONLINE,
2026-09-11T00:50:19+00:00,ibm:ibm:qpu:pittsburgh,ONLINE,
2026-09-11T00:50:19+00:00,azure:pasqal:qpu:fresnel,OFFLINE,
2026-09-11T00:50:19+00:00,aws:iqm:qpu:emerald,ONLINE,
2026-09-11T00:50:19+00:00,azure:ionq:qpu:forte-1,OFFLINE,
2026-09-11T00:50:19+00:00,ibm:ibm:qpu:kingston,ONLINE,
2026-09-11T00:50:19+00:00,aws:ionq:qpu:forte-1,OFFLINE,
2026-09-11T00:50:19+00:00,aws:ionq:qpu:forte-enterprise-1,ONLINE,
2026-09-11T00:50:19+00:00,ionq:ionq:qpu:forte-1,UNAVAILABLE,
2026-09-11T00:50:19+00:00,ibm:ibm:qpu:fez,ONLINE,
2026-09-11T00:50:19+00:00,aws:iqm:qpu:garnet,ONLINE,
2026-09-11T00:50:19+00:00,azure:rigetti:qpu:cepheus-1-36q,OFFLINE,
2026-09-11T00:50:19+00:00,azure:ionq:qpu:forte-enterprise-1,OFFLINE,
2026-09-11T00:50:19+00:00,ibm:ibm:qpu:boston,ONLINE,
2026-09-11T00:50:19+00:00,ibm:ibm:qpu:miami,ONLINE,
2026-09-11T00:50:19+00:00,rigetti:rigetti:qpu:cepheus-1-108q,ONLINE,
2026-09-11T00:50:19+00:00,aws:rigetti:qpu:cepheus-1-108q,ONLINE,
2026-09-11T00:50:19+00:00,openquantum:aqt:qpu:ibex-q1,ONLINE,
2026-09-11T00:50:19+00:00,openquantum:ionq:qpu:forte-1,ONLINE,
2026-09-11T00:50:19+00:00,openquantum:ionq:qpu:forte-enterprise,ONLINE,
2026-09-11T00:50:19+00:00,openquantum:iqm:qpu:emerald,ONLINE,
2026-09-11T00:50:19+00:00,openquantum:iqm:qpu:garnet,ONLINE,
2026-09-11T00:50:19+00:00,openquantum:rigetti:qpu:cepheus-1-108q,ONLINE,
2026-09-11T05:38:19+00:00,aws:aqt:qpu:ibex-q1,UNAVAILABLE,
2026-09-11T05:38:19+00:00,aws:quera:qpu:aquila,ONLINE,
2026-09-11T05:38:19+00:00,ibm:ibm:qpu:marrakesh,ONLINE,
2026-09-11T05:38:19+00:00,ibm:ibm:qpu:pittsburgh,ONLINE,
2026-09-11T05:38:19+00:00,azure:pasqal:qpu:fresnel,OFFLINE,
2026-09-11T05:38:19+00:00,aws:iqm:qpu:emerald,UNAVAILABLE,
2026-09-11T05:38:19+00:00,azure:ionq:qpu:forte-1,OFFLINE,
2026-09-11T05:38:19+00:00,ibm:ibm:qpu:kingston,ONLINE,
2026-09-11T05:38:19+00:00,aws:ionq:qpu:forte-1,OFFLINE,
2026-09-11T05:38:19+00:00,aws:ionq:qpu:forte-enterprise-1,ONLINE,
2026-09-11T05:38:19+00:00,ionq:ionq:qpu:forte-1,UNAVAILABLE,
2026-09-11T05:38:19+00:00,ibm:ibm:qpu:fez,ONLINE,
2026-09-11T05:38:19+00:00,aws:iqm:qpu:garnet,ONLINE,
2026-09-11T05:38:19+00:00,azure:rigetti:qpu:cepheus-1-36q,OFFLINE,
2026-09-11T05:38:19+00:00,azure:ionq:qpu:forte-enterprise-1,OFFLINE,
2026-09-11T05:38:19+00:00,ibm:ibm:qpu:boston,ONLINE,
2026-09-11T05:38:19+00:00,ibm:ibm:qpu:miami,ONLINE,
2026-09-11T05:38:19+00:00,rigetti:rigetti:qpu:cepheus-1-108q,ONLINE,
2026-09-11T05:38:19+00:00,aws:rigetti:qpu:cepheus-1-108q,ONLINE,
2026-09-11T05:38:19+00:00,openquantum:aqt:qpu:ibex-q1,ONLINE,
2026-09-11T05:38:19+00:00,openquantum:ionq:qpu:forte-1,ONLINE,
2026-09-11T05:38:19+00:00,openquantum:ionq:qpu:forte-enterprise,ONLINE,
2026-09-11T05:38:19+00:00,openquantum:iqm:qpu:emerald,ONLINE,
2026-09-11T05:38:19+00:00,openquantum:iqm:qpu:garnet,ONLINE,
2026-09-11T05:38:19+00:00,openquantum:rigetti:qpu:cepheus-1-108q,ONLINE,
2026-09-11T10:00:46+00:00,aws:aqt:qpu:ibex-q1,ONLINE,
2026-09-11T10:00:46+00:00,aws:quera:qpu:aquila,ONLINE,
2026-09-11T10:00:46+00:00,ibm:ibm:qpu:marrakesh,ONLINE,
2026-09-11T10:00:46+00:00,ibm:ibm:qpu:pittsburgh,ONLINE,
2026-09-11T10:00:46+00:00,azure:pasqal:qpu:fresnel,OFFLINE,
2026-09-11T10:00:46+00:00,aws:iqm:qpu:emerald,ONLINE,
2026-09-11T10:00:46+00:00,azure:ionq:qpu:forte-1,OFFLINE,
2026-09-11T10:00:46+00:00,ibm:ibm:qpu:kingston,ONLINE,
2026-09-11T10:00:46+00:00,aws:ionq:qpu:forte-1,OFFLINE,
2026-09-11T10:00:46+00:00,aws:ionq:qpu:forte-enterprise-1,ONLINE,
2026-09-11T10:00:46+00:00,ionq:ionq:qpu:forte-1,UNAVAILABLE,
2026-09-11T10:00:46+00:00,ibm:ibm:qpu:fez,ONLINE,
2026-09-11T10:00:46+00:00,aws:iqm:qpu:garnet,ONLINE,
2026-09-11T10:00:46+00:00,azure:rigetti:qpu:cepheus-1-36q,OFFLINE,
2026-09-11T10:00:46+00:00,azure:ionq:qpu:forte-enterprise-1,OFFLINE,
2026-09-11T10:00:46+00:00,ibm:ibm:qpu:boston,ONLINE,
2026-09-11T10:00:46+00:00,ibm:ibm:qpu:miami,ONLINE,
2026-09-11T10:00:46+00:00,rigetti:rigetti:qpu:cepheus-1-108q,ONLINE,
2026-09-11T10:00:46+00:00,aws:rigetti:qpu:cepheus-1-108q,ONLINE,
2026-09-11T10:00:46+00:00,openquantum:aqt:qpu:ibex-q1,ONLINE,
2026-09-11T10:00:46+00:00,openquantum:ionq:qpu:forte-1,ONLINE,
2026-09-11T10:00:46+00:00,openquantum:ionq:qpu:forte-enterprise,ONLINE,
2026-09-11T10:00:46+00:00,openquantum:iqm:qpu:emerald,ONLINE,
2026-09-11T10:00:46+00:00,openquantum:iqm:qpu:garnet,ONLINE,
2026-09-11T10:00:46+00:00,openquantum:rigetti:qpu:cepheus-1-108q,ONLINE,
2026-09-11T14:37:42+00:00,aws:aqt:qpu:ibex-q1,ONLINE,
2026-09-11T14:37:42+00:00,aws:quera:qpu:aquila,ONLINE,
2026-09-11T14:37:42+00:00,ibm:ibm:qpu:marrakesh,ONLINE,
2026-09-11T14:37:42+00:00,ibm:ibm:qpu:pittsburgh,ONLINE,
2026-09-11T14:37:42+00:00,azure:pasqal:qpu:fresnel,OFFLINE,
2026-09-11T14:37:42+00:00,aws:iqm:qpu:emerald,ONLINE,
2026-09-11T14:37:42+00:00,azure:ionq:qpu:forte-1,OFFLINE,
2026-09-11T14:37:42+00:00,ibm:ibm:qpu:kingston,ONLINE,
2026-09-11T14:37:42+00:00,aws:ionq:qpu:forte-1,OFFLINE,
2026-09-11T14:37:42+00:00,aws:ionq:qpu:forte-enterprise-1,ONLINE,
2026-09-11T14:37:42+00:00,ionq:ionq:qpu:forte-1,UNAVAILABLE,
2026-09-11T14:37:42+00:00,ibm:ibm:qpu:fez,ONLINE,
2026-09-11T14:37:42+00:00,aws:iqm:qpu:garnet,ONLINE,
2026-09-11T14:37:42+00:00,azure:rigetti:qpu:cepheus-1-36q,OFFLINE,
2026-09-11T14:37:42+00:00,azure:ionq:qpu:forte-enterprise-1,OFFLINE,
2026-09-11T14:37:42+00:00,ibm:ibm:qpu:boston,ONLINE,
2026-09-11T14:37:42+00:00,ibm:ibm:qpu:miami,ONLINE,
2026-09-11T14:37:42+00:00,rigetti:rigetti:qpu:cepheus-1-108q,ONLINE,
2026-09-11T14:37:42+00:00,aws:rigetti:qpu:cepheus-1-108q,ONLINE,
2026-09-11T14:37:42+00:00,openquantum:aqt:qpu:ibex-q1,ONLINE,
2026-09-11T14:37:42+00:00,openquantum:ionq:qpu:forte-1,ONLINE,
2026-09-11T14:37:42+00:00,openquantum:ionq:qpu:forte-enterprise,ONLINE,
2026-09-11T14:37:42+00:00,openquantum:iqm:qpu:emerald,ONLINE,
2026-09-11T14:37:42+00:00,openquantum:iqm:qpu:garnet,ONLINE,
2026-09-11T14:37:42+00:00,openquantum:rigetti:qpu:cepheus-1-108q,ONLINE,
2026-09-11T17:55:40+00:00,aws:aqt:qpu:ibex-q1,UNAVAILABLE,
2026-09-11T17:55:40+00:00,aws:quera:qpu:aquila,ONLINE,
2026-09-11T17:55:40+00:00,ibm:ibm:qpu:marrakesh,ONLINE,
2026-09-11T17:55:40+00:00,ibm:ibm:qpu:pittsburgh,ONLINE,
2026-09-11T17:55:40+00:00,azure:pasqal:qpu:fresnel,OFFLINE,
2026-09-11T17:55:40+00:00,aws:iqm:qpu:emerald,ONLINE,
2026-09-11T17:55:40+00:00,azure:ionq:qpu:forte-1,OFFLINE,
2026-09-11T17:55:40+00:00,ibm:ibm:qpu:kingston,ONLINE,
2026-09-11T17:55:40+00:00,aws:ionq:qpu:forte-1,OFFLINE,
2026-09-11T17:55:40+00:00,aws:ionq:qpu:forte-enterprise-1,ONLINE,
2026-09-11T17:55:40+00:00,ionq:ionq:qpu:forte-1,UNAVAILABLE,
2026-09-11T17:55:40+00:00,ibm:ibm:qpu:fez,ONLINE,
2026-09-11T17:55:40+00:00,aws:iqm:qpu:garnet,ONLINE,
2026-09-11T17:55:40+00:00,azure:rigetti:qpu:cepheus-1-36q,OFFLINE,
2026-09-11T17:55:40+00:00,azure:ionq:qpu:forte-enterprise-1,OFFLINE,
2026-09-11T17:55:40+00:00,ibm:ibm:qpu:boston,ONLINE,
2026-09-11T17:55:40+00:00,ibm:ibm:qpu:miami,ONLINE,
2026-09-11T17:55:40+00:00,rigetti:rigetti:qpu:cepheus-1-108q,ONLINE,
2026-09-11T17:55:40+00:00,aws:rigetti:qpu:cepheus-1-108q,ONLINE,
2026-09-11T17:55:40+00:00,openquantum:aqt:qpu:ibex-q1,ONLINE,
2026-09-11T17:55:40+00:00,openquantum:ionq:qpu:forte-1,ONLINE,
2026-09-11T17:55:40+00:00,openquantum:ionq:qpu:forte-enterprise,ONLINE,
2026-09-11T17:55:40+00:00,openquantum:iqm:qpu:emerald,ONLINE,
2026-09-11T17:55:40+00:00,openquantum:iqm:qpu:garnet,ONLINE,
2026-09-11T17:55:40+00:00,openquantum:rigetti:qpu:cepheus-1-108q,ONLINE,
2026-09-11T20:36:13+00:00,aws:aqt:qpu:ibex-q1,UNAVAILABLE,
2026-09-11T20:36:13+00:00,aws:quera:qpu:aquila,ONLINE,
2026-09-11T20:36:13+00:00,ibm:ibm:qpu:marrakesh,ONLINE,
2026-09-11T20:36:13+00:00,ibm:ibm:qpu:pittsburgh,ONLINE,
2026-09-11T20:36:13+00:00,azure:pasqal:qpu:fresnel,OFFLINE,
2026-09-11T20:36:13+00:00,aws:iqm:qpu:emerald,ONLINE,
2026-09-11T20:36:13+00:00,azure:ionq:qpu:forte-1,OFFLINE,
2026-09-11T20:36:13+00:00,ibm:ibm:qpu:kingston,ONLINE,
2026-09-11T20:36:13+00:00,aws:ionq:qpu:forte-1,OFFLINE,
2026-09-11T20:36:13+00:00,aws:ionq:qpu:forte-enterprise-1,ONLINE,
2026-09-11T20:36:13+00:00,ionq:ionq:qpu:forte-1,UNAVAILABLE,
2026-09-11T20:36:13+00:00,ibm:ibm:qpu:fez,ONLINE,
2026-09-11T20:36:13+00:00,aws:iqm:qpu:garnet,ONLINE,
2026-09-11T20:36:13+00:00,azure:rigetti:qpu:cepheus-1-36q,OFFLINE,
2026-09-11T20:36:13+00:00,azure:ionq:qpu:forte-enterprise-1,OFFLINE,
2026-09-11T20:36:13+00:00,ibm:ibm:qpu:boston,ONLINE,
2026-09-11T20:36:13+00:00,ibm:ibm:qpu:miami,ONLINE,
2026-09-11T20:36:13+00:00,rigetti:rigetti:qpu:cepheus-1-108q,ONLINE,
2026-09-11T20:36:13+00:00,aws:rigetti:qpu:cepheus-1-108q,UNAVAILABLE,
2026-09-11T20:36:13+00:00,openquantum:aqt:qpu:ibex-q1,ONLINE,
2026-09-11T20:36:13+00:00,openquantum:ionq:qpu:forte-1,ONLINE,
2026-09-11T20:36:13+00:00,openquantum:ionq:qpu:forte-enterprise,ONLINE,
2026-09-11T20:36:13+00:00,openquantum:iqm:qpu:emerald,ONLINE,
2026-09-11T20:36:13+00:00,openquantum:iqm:qpu:garnet,ONLINE,
2026-09-11T20:36:13+00:00,openquantum:rigetti:qpu:cepheus-1-108q,ONLINE,
2026-09-11T22:47:50+00:00,aws:aqt:qpu:ibex-q1,UNAVAILABLE,
2026-09-11T22:47:50+00:00,aws:quera:qpu:aquila,ONLINE,
2026-09-11T22:47:50+00:00,ibm:ibm:qpu:marrakesh,ONLINE,
2026-09-11T22:47:50+00:00,ibm:ibm:qpu:pittsburgh,ONLINE,
2026-09-11T22:47:50+00:00,azure:pasqal:qpu:fresnel,OFFLINE,
2026-09-11T22:47:50+00:00,aws:iqm:qpu:emerald,ONLINE,
2026-09-11T22:47:50+00:00,azure:ionq:qpu:forte-1,OFFLINE,
2026-09-11T22:47:50+00:00,ibm:ibm:qpu:kingston,ONLINE,
2026-09-11T22:47:50+00:00,aws:ionq:qpu:forte-1,OFFLINE,
2026-09-11T22:47:50+00:00,aws:ionq:qpu:forte-enterprise-1,ONLINE,
2026-09-11T22:47:50+00:00,ionq:ionq:qpu:forte-1,UNAVAILABLE,
2026-09-11T22:47:50+00:00,ibm:ibm:qpu:fez,ONLINE,
2026-09-11T22:47:50+00:00,aws:iqm:qpu:garnet,ONLINE,
2026-09-11T22:47:50+00:00,azure:rigetti:qpu:cepheus-1-36q,OFFLINE,
2026-09-11T22:47:50+00:00,azure:ionq:qpu:forte-enterprise-1,OFFLINE,
2026-09-11T22:47:50+00:00,ibm:ibm:qpu:boston,ONLINE,
2026-09-11T22:47:50+00:00,ibm:ibm:qpu:miami,ONLINE,
2026-09-11T22:47:50+00:00,rigetti:rigetti:qpu:cepheus-1-108q,ONLINE,
2026-09-11T22:47:50+00:00,aws:rigetti:qpu:cepheus-1-108q,ONLINE,
2026-09-11T22:47:50+00:00,openquantum:aqt:qpu:ibex-q1,ONLINE,
2026-09-11T22:47:50+00:00,openquantum:ionq:qpu:forte-1,ONLINE,
2026-09-11T22:47:50+00:00,openquantum:ionq:qpu:forte-enterprise,ONLINE,
2026-09-11T22:47:50+00:00,openquantum:iqm:qpu:emerald,ONLINE,
2026-09-11T22:47:50+00:00,openquantum:iqm:qpu:garnet,ONLINE,
2026-09-11T22:47:50+00:00,openquantum:rigetti:qpu:cepheus-1-108q,ONLINE,
2026-09-12T00:55:31+00:00,aws:aqt:qpu:ibex-q1,UNAVAILABLE,
2026-09-12T00:55:31+00:00,aws:quera:qpu:aquila,UNAVAILABLE,
2026-09-12T00:55:31+00:00,ibm:ibm:qpu:marrakesh,ONLINE,
2026-09-12T00:55:31+00:00,ibm:ibm:qpu:pittsburgh,ONLINE,
2026-09-12T00:55:31+00:00,azure:pasqal:qpu:fresnel,OFFLINE,
2026-09-12T00:55:31+00:00,aws:iqm:qpu:emerald,UNAVAILABLE,
2026-09-12T00:55:31+00:00,azure:ionq:qpu:forte-1,OFFLINE,
2026-09-12T00:55:31+00:00,ibm:ibm:qpu:kingston,ONLINE,
2026-09-12T00:55:31+00:00,aws:ionq:qpu:forte-1,OFFLINE,
2026-09-12T00:55:31+00:00,aws:ionq:qpu:forte-enterprise-1,ONLINE,
2026-09-12T00:55:31+00:00,ionq:ionq:qpu:forte-1,UNAVAILABLE,
2026-09-12T00:55:31+00:00,ibm:ibm:qpu:fez,ONLINE,
2026-09-12T00:55:31+00:00,aws:iqm:qpu:garnet,UNAVAILABLE,
2026-09-12T00:55:31+00:00,azure:rigetti:qpu:cepheus-1-36q,OFFLINE,
2026-09-12T00:55:31+00:00,azure:ionq:qpu:forte-enterprise-1,OFFLINE,
2026-09-12T00:55:31+00:00,ibm:ibm:qpu:boston,ONLINE,
2026-09-12T00:55:31+00:00,ibm:ibm:qpu:miami,ONLINE,
2026-09-12T00:55:31+00:00,rigetti:rigetti:qpu:cepheus-1-108q,ONLINE,
2026-09-12T00:55:31+00:00,aws:rigetti:qpu:cepheus-1-108q,ONLINE,
2026-09-12T00:55:31+00:00,openquantum:aqt:qpu:ibex-q1,ONLINE,
2026-09-12T00:55:31+00:00,openquantum:ionq:qpu:forte-1,ONLINE,
2026-09-12T00:55:31+00:00,openquantum:ionq:qpu:forte-enterprise,ONLINE,
2026-09-12T00:55:31+00:00,openquantum:iqm:qpu:emerald,ONLINE,
2026-09-12T00:55:31+00:00,openquantum:iqm:qpu:garnet,ONLINE,
2026-09-12T00:55:31+00:00,openquantum:rigetti:qpu:cepheus-1-108q,ONLINE,
2026-09-12T05:26:47+00:00,aws:aqt:qpu:ibex-q1,UNAVAILABLE,
2026-09-12T05:26:47+00:00,aws:quera:qpu:aquila,ONLINE,
2026-09-12T05:26:47+00:00,ibm:ibm:qpu:marrakesh,ONLINE,
2026-09-12T05:26:47+00:00,ibm:ibm:qpu:pittsburgh,ONLINE,
2026-09-12T05:26:47+00:00,azure:pasqal:qpu:fresnel,OFFLINE,
2026-09-12T05:26:47+00:00,aws:iqm:qpu:emerald,UNAVAILABLE,
2026-09-12T05:26:47+00:00,azure:ionq:qpu:forte-1,OFFLINE,
2026-09-12T05:26:47+00:00,ibm:ibm:qpu:kingston,ONLINE,
2026-09-12T05:26:47+00:00,aws:ionq:qpu:forte-1,OFFLINE,
2026-09-12T05:26:47+00:00,aws:ionq:qpu:forte-enterprise-1,ONLINE,
2026-09-12T05:26:47+00:00,ionq:ionq:qpu:forte-1,UNAVAILABLE,
2026-09-12T05:26:47+00:00,ibm:ibm:qpu:fez,ONLINE,
2026-09-12T05:26:47+00:00,aws:iqm:qpu:garnet,UNAVAILABLE,
2026-09-12T05:26:47+00:00,azure:rigetti:qpu:cepheus-1-36q,OFFLINE,
2026-09-12T05:26:47+00:00,azure:ionq:qpu:forte-enterprise-1,OFFLINE,
2026-09-12T05:26:47+00:00,ibm:ibm:qpu:boston,ONLINE,
2026-09-12T05:26:47+00:00,ibm:ibm:qpu:miami,ONLINE,
2026-09-12T05:26:47+00:00,rigetti:rigetti:qpu:cepheus-1-108q,ONLINE,
2026-09-12T05:26:47+00:00,aws:rigetti:qpu:cepheus-1-108q,ONLINE,
2026-09-12T05:26:47+00:00,openquantum:aqt:qpu:ibex-q1,ONLINE,
2026-09-12T05:26:47+00:00,openquantum:ionq:qpu:forte-1,ONLINE,
2026-09-12T05:26:47+00:00,openquantum:ionq:qpu:forte-enterprise,ONLINE,
2026-09-12T05:26:47+00:00,openquantum:iqm:qpu:emerald,ONLINE,
2026-09-12T05:26:47+00:00,openquantum:iqm:qpu:garnet,ONLINE,
2026-09-12T05:26:47+00:00,openquantum:rigetti:qpu:cepheus-1-108q,ONLINE,
2026-09-12T09:35:21+00:00,aws:aqt:qpu:ibex-q1,UNAVAILABLE,
2026-09-12T09:35:21+00:00,aws:quera:qpu:aquila,ONLINE,
2026-09-12T09:35:21+00:00,ibm:ibm:qpu:marrakesh,ONLINE,
2026-09-12T09:35:21+00:00,ibm:ibm:qpu:pittsburgh,ONLINE,
2026-09-12T09:35:21+00:00,azure:pasqal:qpu:fresnel,OFFLINE,
2026-09-12T09:35:21+00:00,aws:iqm:qpu:emerald,UNAVAILABLE,
2026-09-12T09:35:21+00:00,azure:ionq:qpu:forte-1,OFFLINE,
2026-09-12T09:35:21+00:00,ibm:ibm:qpu:kingston,ONLINE,
2026-09-12T09:35:21+00:00,aws:ionq:qpu:forte-1,OFFLINE,
2026-09-12T09:35:21+00:00,aws:ionq:qpu:forte-enterprise-1,ONLINE,
2026-09-12T09:35:21+00:00,ionq:ionq:qpu:forte-1,UNAVAILABLE,
2026-09-12T09:35:21+00:00,ibm:ibm:qpu:fez,ONLINE,
2026-09-12T09:35:21+00:00,aws:iqm:qpu:garnet,UNAVAILABLE,
2026-09-12T09:35:21+00:00,azure:rigetti:qpu:cepheus-1-36q,OFFLINE,
2026-09-12T09:35:21+00:00,azure:ionq:qpu:forte-enterprise-1,OFFLINE,
2026-09-12T09:35:21+00:00,ibm:ibm:qpu:boston,ONLINE,
2026-09-12T09:35:21+00:00,ibm:ibm:qpu:miami,ONLINE,
2026-09-12T09:35:21+00:00,rigetti:rigetti:qpu:cepheus-1-108q,ONLINE,
2026-09-12T09:35:21+00:00,aws:rigetti:qpu:cepheus-1-108q,ONLINE,
2026-09-12T09:35:21+00:00,openquantum:aqt:qpu:ibex-q1,ONLINE,
2026-09-12T09:35:21+00:00,openquantum:ionq:qpu:forte-1,ONLINE,
2026-09-12T09:35:21+00:00,openquantum:ionq:qpu:forte-enterprise,ONLINE,
2026-09-12T09:35:21+00:00,openquantum:iqm:qpu:emerald,ONLINE,
2026-09-12T09:35:21+00:00,openquantum:iqm:qpu:garnet,ONLINE,
2026-09-12T09:35:21+00:00,openquantum:rigetti:qpu:cepheus-1-108q,ONLINE,
2026-09-12T13:09:23+00:00,aws:aqt:qpu:ibex-q1,UNAVAILABLE,
2026-09-12T13:09:23+00:00,aws:quera:qpu:aquila,ONLINE,
2026-09-12T13:09:23+00:00,ibm:ibm:qpu:marrakesh,ONLINE,
2026-09-12T13:09:23+00:00,ibm:ibm:qpu:pittsburgh,ONLINE,
2026-09-12T13:09:23+00:00,azure:pasqal:qpu:fresnel,OFFLINE,
2026-09-12T13:09:23+00:00,aws:iqm:qpu:emerald,UNAVAILABLE,
2026-09-12T13:09:23+00:00,azure:ionq:qpu:forte-1,OFFLINE,
2026-09-12T13:09:23+00:00,ibm:ibm:qpu:kingston,ONLINE,
2026-09-12T13:09:23+00:00,aws:ionq:qpu:forte-1,OFFLINE,
2026-09-12T13:09:23+00:00,aws:ionq:qpu:forte-enterprise-1,ONLINE,
2026-09-12T13:09:23+00:00,ionq:ionq:qpu:forte-1,UNAVAILABLE,
2026-09-12T13:09:23+00:00,ibm:ibm:qpu:fez,ONLINE,
2026-09-12T13:09:23+00:00,aws:iqm:qpu:garnet,UNAVAILABLE,
2026-09-12T13:09:23+00:00,azure:rigetti:qpu:cepheus-1-36q,OFFLINE,
2026-09-12T13:09:23+00:00,azure:ionq:qpu:forte-enterprise-1,OFFLINE,
2026-09-12T13:09:23+00:00,ibm:ibm:qpu:boston,ONLINE,
2026-09-12T13:09:23+00:00,ibm:ibm:qpu:miami,ONLINE,
2026-09-12T13:09:23+00:00,rigetti:rigetti:qpu:cepheus-1-108q,ONLINE,
2026-09-12T13:09:23+00:00,aws:rigetti:qpu:cepheus-1-108q,ONLINE,
2026-09-12T13:09:23+00:00,openquantum:aqt:qpu:ibex-q1,ONLINE,
2026-09-12T13:09:23+00:00,openquantum:ionq:qpu:forte-1,ONLINE,
2026-09-12T13:09:23+00:00,openquantum:ionq:qpu:forte-enterprise,ONLINE,
2026-09-12T13:09:23+00:00,openquantum:iqm:qpu:emerald,ONLINE,
2026-09-12T13:09:23+00:00,openquantum:iqm:qpu:garnet,ONLINE,
2026-09-12T13:09:23+00:00,openquantum:rigetti:qpu:cepheus-1-108q,ONLINE,
2026-09-12T16:30:03+00:00,aws:aqt:qpu:ibex-q1,UNAVAILABLE,
2026-09-12T16:30:03+00:00,aws:quera:qpu:aquila,ONLINE,
2026-09-12T16:30:03+00:00,ibm:ibm:qpu:marrakesh,ONLINE,
2026-09-12T16:30:03+00:00,ibm:ibm:qpu:pittsburgh,ONLINE,
2026-09-12T16:30:03+00:00,azure:pasqal:qpu:fresnel,OFFLINE,
2026-09-12T16:30:03+00:00,aws:iqm:qpu:emerald,UNAVAILABLE,
2026-09-12T16:30:03+00:00,azure:ionq:qpu:forte-1,OFFLINE,
2026-09-12T16:30:03+00:00,ibm:ibm:qpu:kingston,ONLINE,
2026-09-12T16:30:03+00:00,aws:ionq:qpu:forte-1,OFFLINE,
2026-09-12T16:30:03+00:00,aws:ionq:qpu:forte-enterprise-1,ONLINE,
2026-09-12T16:30:03+00:00,ionq:ionq:qpu:forte-1,UNAVAILABLE,
2026-09-12T16:30:03+00:00,ibm:ibm:qpu:fez,ONLINE,
2026-09-12T16:30:03+00:00,aws:iqm:qpu:garnet,UNAVAILABLE,
2026-09-12T16:30:03+00:00,azure:rigetti:qpu:cepheus-1-36q,OFFLINE,
2026-09-12T16:30:03+00:00,azure:ionq:qpu:forte-enterprise-1,OFFLINE,
2026-09-12T16:30:03+00:00,ibm:ibm:qpu:boston,ONLINE,
2026-09-12T16:30:03+00:00,ibm:ibm:qpu:miami,ONLINE,
2026-09-12T16:30:03+00:00,rigetti:rigetti:qpu:cepheus-1-108q,ONLINE,
2026-09-12T16:30:03+00:00,aws:rigetti:qpu:cepheus-1-108q,ONLINE,
2026-09-12T16:30:03+00:00,openquantum:aqt:qpu:ibex-q1,ONLINE,
2026-09-12T16:30:03+00:00,openquantum:ionq:qpu:forte-1,ONLINE,
2026-09-12T16:30:03+00:00,openquantum:ionq:qpu:forte-enterprise,ONLINE,
2026-09-12T16:30:03+00:00,openquantum:iqm:qpu:emerald,ONLINE,
2026-09-12T16:30:03+00:00,openquantum:iqm:qpu:garnet,ONLINE,
2026-09-12T16:30:03+00:00,openquantum:rigetti:qpu:cepheus-1-108q,ONLINE,
2026-09-12T18:46:28+00:00,aws:aqt:qpu:ibex-q1,UNAVAILABLE,
2026-09-12T18:46:28+00:00,aws:quera:qpu:aquila,ONLINE,
2026-09-12T18:46:28+00:00,ibm:ibm:qpu:marrakesh,ONLINE,
2026-09-12T18:46:28+00:00,ibm:ibm:qpu:pittsburgh,ONLINE,
2026-09-12T18:46:28+00:00,azure:pasqal:qpu:fresnel,OFFLINE,
2026-09-12T18:46:28+00:00,aws:iqm:qpu:emerald,UNAVAILABLE,
2026-09-12T18:46:28+00:00,azure:ionq:qpu:forte-1,OFFLINE,
2026-09-12T18:46:28+00:00,ibm:ibm:qpu:kingston,ONLINE,
2026-09-12T18:46:28+00:00,aws:ionq:qpu:forte-1,OFFLINE,
2026-09-12T18:46:28+00:00,aws:ionq:qpu:forte-enterprise-1,ONLINE,
2026-09-12T18:46:28+00:00,ionq:ionq:qpu:forte-1,UNAVAILABLE,
2026-09-12T18:46:28+00:00,ibm:ibm:qpu:fez,ONLINE,
2026-09-12T18:46:28+00:00,aws:iqm:qpu:garnet,UNAVAILABLE,
2026-09-12T18:46:28+00:00,azure:rigetti:qpu:cepheus-1-36q,OFFLINE,
2026-09-12T18:46:28+00:00,azure:ionq:qpu:forte-enterprise-1,OFFLINE,
2026-09-12T18:46:28+00:00,ibm:ibm:qpu:boston,ONLINE,
2026-09-12T18:46:28+00:00,ibm:ibm:qpu:miami,ONLINE,
2026-09-12T18:46:28+00:00,rigetti:rigetti:qpu:cepheus-1-108q,ONLINE,
2026-09-12T18:46:28+00:00,aws:rigetti:qpu:cepheus-1-108q,ONLINE,
2026-09-12T18:46:28+00:00,openquantum:aqt:qpu:ibex-q1,ONLINE,
2026-09-12T18:46:28+00:00,openquantum:ionq:qpu:forte-1,ONLINE,
2026-09-12T18:46:28+00:00,openquantum:ionq:qpu:forte-enterprise,ONLINE,
2026-09-12T18:46:28+00:00,openquantum:iqm:qpu:emerald,ONLINE,
2026-09-12T18:46:28+00:00,openquantum:iqm:qpu:garnet,ONLINE,
2026-09-12T18:46:28+00:00,openquantum:rigetti:qpu:cepheus-1-108q,ONLINE,
2026-09-12T21:14:17+00:00,aws:aqt:qpu:ibex-q1,UNAVAILABLE,
2026-09-12T21:14:17+00:00,aws:quera:qpu:aquila,ONLINE,
2026-09-12T21:14:17+00:00,ibm:ibm:qpu:marrakesh,ONLINE,
2026-09-12T21:14:17+00:00,ibm:ibm:qpu:pittsburgh,ONLINE,
2026-09-12T21:14:17+00:00,azure:pasqal:qpu:fresnel,OFFLINE,
2026-09-12T21:14:17+00:00,aws:iqm:qpu:emerald,UNAVAILABLE,
2026-09-12T21:14:17+00:00,azure:ionq:qpu:forte-1,OFFLINE,
2026-09-12T21:14:17+00:00,ibm:ibm:qpu:kingston,ONLINE,
2026-09-12T21:14:17+00:00,aws:ionq:qpu:forte-1,OFFLINE,
2026-09-12T21:14:17+00:00,aws:ionq:qpu:forte-enterprise-1,ONLINE,
2026-09-12T21:14:17+00:00,ionq:ionq:qpu:forte-1,UNAVAILABLE,
2026-09-12T21:14:17+00:00,ibm:ibm:qpu:fez,ONLINE,
2026-09-12T21:14:17+00:00,aws:iqm:qpu:garnet,UNAVAILABLE,
2026-09-12T21:14:17+00:00,azure:rigetti:qpu:cepheus-1-36q,OFFLINE,
2026-09-12T21:14:17+00:00,azure:ionq:qpu:forte-enterprise-1,OFFLINE,
2026-09-12T21:14:17+00:00,ibm:ibm:qpu:boston,ONLINE,
2026-09-12T21:14:17+00:00,ibm:ibm:qpu:miami,ONLINE,
2026-09-12T21:14:17+00:00,rigetti:rigetti:qpu:cepheus-1-108q,ONLINE,
2026-09-12T21:14:17+00:00,aws:rigetti:qpu:cepheus-1-108q,ONLINE,
2026-09-12T21:14:17+00:00,openquantum:aqt:qpu:ibex-q1,ONLINE,
2026-09-12T21:14:17+00:00,openquantum:ionq:qpu:forte-1,ONLINE,
2026-09-12T21:14:17+00:00,openquantum:ionq:qpu:forte-enterprise,ONLINE,
2026-09-12T21:14:17+00:00,openquantum:iqm:qpu:emerald,ONLINE,
2026-09-12T21:14:17+00:00,openquantum:iqm:qpu:garnet,ONLINE,
2026-09-12T21:14:17+00:00,openquantum:rigetti:qpu:cepheus-1-108q,ONLINE,
2026-09-12T23:23:34+00:00,aws:aqt:qpu:ibex-q1,UNAVAILABLE,
2026-09-12T23:23:34+00:00,aws:quera:qpu:aquila,ONLINE,
2026-09-12T23:23:34+00:00,ibm:ibm:qpu:marrakesh,ONLINE,
2026-09-12T23:23:34+00:00,ibm:ibm:qpu:pittsburgh,ONLINE,
2026-09-12T23:23:34+00:00,azure:pasqal:qpu:fresnel,OFFLINE,
2026-09-12T23:23:34+00:00,aws:iqm:qpu:emerald,UNAVAILABLE,
2026-09-12T23:23:34+00:00,azure:ionq:qpu:forte-1,OFFLINE,
2026-09-12T23:23:34+00:00,ibm:ibm:qpu:kingston,ONLINE,
2026-09-12T23:23:34+00:00,aws:ionq:qpu:forte-1,OFFLINE,
2026-09-12T23:23:34+00:00,aws:ionq:qpu:forte-enterprise-1,ONLINE,
2026-09-12T23:23:34+00:00,ionq:ionq:qpu:forte-1,UNAVAILABLE,
2026-09-12T23:23:34+00:00,ibm:ibm:qpu:fez,ONLINE,
2026-09-12T23:23:34+00:00,aws:iqm:qpu:garnet,UNAVAILABLE,
2026-09-12T23:23:34+00:00,azure:rigetti:qpu:cepheus-1-36q,OFFLINE,
2026-09-12T23:23:34+00:00,azure:ionq:qpu:forte-enterprise-1,OFFLINE,
2026-09-12T23:23:34+00:00,ibm:ibm:qpu:boston,ONLINE,
2026-09-12T23:23:34+00:00,ibm:ibm:qpu:miami,ONLINE,
2026-09-12T23:23:34+00:00,rigetti:rigetti:qpu:cepheus-1-108q,ONLINE,
2026-09-12T23:23:34+00:00,aws:rigetti:qpu:cepheus-1-108q,ONLINE,
2026-09-12T23:23:34+00:00,openquantum:aqt:qpu:ibex-q1,ONLINE,
2026-09-12T23:23:34+00:00,openquantum:ionq:qpu:forte-1,ONLINE,
2026-09-12T23:23:34+00:00,openquantum:ionq:qpu:forte-enterprise,ONLINE,
2026-09-12T23:23:34+00:00,openquantum:iqm:qpu:emerald,ONLINE,
2026-09-12T23:23:34+00:00,openquantum:iqm:qpu:garnet,ONLINE,
2026-09-12T23:23:34+00:00,openquantum:rigetti:qpu:cepheus-1-108q,ONLINE,
2026-09-13T01:25:32+00:00,aws:aqt:qpu:ibex-q1,UNAVAILABLE,
2026-09-13T01:25:32+00:00,aws:quera:qpu:aquila,ONLINE,
2026-09-13T01:25:32+00:00,ibm:ibm:qpu:marrakesh,ONLINE,
2026-09-13T01:25:32+00:00,ibm:ibm:qpu:pittsburgh,ONLINE,
2026-09-13T01:25:32+00:00,azure:pasqal:qpu:fresnel,OFFLINE,
2026-09-13T01:25:32+00:00,aws:iqm:qpu:emerald,UNAVAILABLE,
2026-09-13T01:25:32+00:00,azure:ionq:qpu:forte-1,OFFLINE,
2026-09-13T01:25:32+00:00,ibm:ibm:qpu:kingston,ONLINE,
2026-09-13T01:25:32+00:00,aws:ionq:qpu:forte-1,OFFLINE,
2026-09-13T01:25:32+00:00,aws:ionq:qpu:forte-enterprise-1,ONLINE,
2026-09-13T01:25:32+00:00,ionq:ionq:qpu:forte-1,UNAVAILABLE,
2026-09-13T01:25:32+00:00,ibm:ibm:qpu:fez,ONLINE,
2026-09-13T01:25:32+00:00,aws:iqm:qpu:garnet,UNAVAILABLE,
2026-09-13T01:25:32+00:00,azure:rigetti:qpu:cepheus-1-36q,OFFLINE,
2026-09-13T01:25:32+00:00,azure:ionq:qpu:forte-enterprise-1,OFFLINE,
2026-09-13T01:25:32+00:00,ibm:ibm:qpu:boston,ONLINE,
2026-09-13T01:25:32+00:00,ibm:ibm:qpu:miami,ONLINE,
2026-09-13T01:25:32+00:00,rigetti:rigetti:qpu:cepheus-1-108q,ONLINE,
2026-09-13T01:25:32+00:00,aws:rigetti:qpu:cepheus-1-108q,ONLINE,
2026-09-13T01:25:32+00:00,openquantum:aqt:qpu:ibex-q1,ONLINE,
2026-09-13T01:25:32+00:00,openquantum:ionq:qpu:forte-1,ONLINE,
2026-09-13T01:25:32+00:00,openquantum:ionq:qpu:forte-enterprise,ONLINE,
2026-09-13T01:25:32+00:00,openquantum:iqm:qpu:emerald,ONLINE,
2026-09-13T01:25:32+00:00,openquantum:iqm:qpu:garnet,ONLINE,
2026-09-13T01:25:32+00:00,openquantum:rigetti:qpu:cepheus-1-108q,ONLINE,
2026-09-13T06:46:26+00:00,aws:aqt:qpu:ibex-q1,UNAVAILABLE,
2026-09-13T06:46:26+00:00,aws:quera:qpu:aquila,ONLINE,
2026-09-13T06:46:26+00:00,ibm:ibm:qpu:marrakesh,ONLINE,
2026-09-13T06:46:26+00:00,ibm:ibm:qpu:pittsburgh,ONLINE,
2026-09-13T06:46:26+00:00,azure:pasqal:qpu:fresnel,OFFLINE,
2026-09-13T06:46:26+00:00,aws:iqm:qpu:emerald,UNAVAILABLE,
2026-09-13T06:46:26+00:00,azure:ionq:qpu:forte-1,OFFLINE,
2026-09-13T06:46:26+00:00,ibm:ibm:qpu:kingston,ONLINE,
2026-09-13T06:46:26+00:00,aws:ionq:qpu:forte-1,OFFLINE,
2026-09-13T06:46:26+00:00,aws:ionq:qpu:forte-enterprise-1,ONLINE,
2026-09-13T06:46:26+00:00,ionq:ionq:qpu:forte-1,UNAVAILABLE,
2026-09-13T06:46:26+00:00,ibm:ibm:qpu:fez,ONLINE,
2026-09-13T06:46:26+00:00,aws:iqm:qpu:garnet,UNAVAILABLE,
2026-09-13T06:46:26+00:00,azure:rigetti:qpu:cepheus-1-36q,OFFLINE,
2026-09-13T06:46:26+00:00,azure:ionq:qpu:forte-enterprise-1,OFFLINE,
2026-09-13T06:46:26+00:00,ibm:ibm:qpu:boston,ONLINE,
2026-09-13T06:46:26+00:00,ibm:ibm:qpu:miami,ONLINE,
2026-09-13T06:46:26+00:00,rigetti:rigetti:qpu:cepheus-1-108q,ONLINE,
2026-09-13T06:46:26+00:00,aws:rigetti:qpu:cepheus-1-108q,ONLINE,
2026-09-13T06:46:26+00:00,openquantum:aqt:qpu:ibex-q1,ONLINE,
2026-09-13T06:46:26+00:00,openquantum:ionq:qpu:forte-1,ONLINE,
2026-09-13T06:46:26+00:00,openquantum:ionq:qpu:forte-enterprise,ONLINE,
2026-09-13T06:46:26+00:00,openquantum:iqm:qpu:emerald,ONLINE,
2026-09-13T06:46:26+00:00,openquantum:iqm:qpu:garnet,ONLINE,
2026-09-13T06:46:26+00:00,openquantum:rigetti:qpu:cepheus-1-108q,ONLINE,
2026-09-13T12:33:41+00:00,aws:aqt:qpu:ibex-q1,UNAVAILABLE,
2026-09-13T12:33:41+00:00,aws:quera:qpu:aquila,UNAVAILABLE,
2026-09-13T12:33:41+00:00,ibm:ibm:qpu:marrakesh,ONLINE,
2026-09-13T12:33:41+00:00,ibm:ibm:qpu:pittsburgh,ONLINE,
2026-09-13T12:33:41+00:00,azure:pasqal:qpu:fresnel,OFFLINE,
2026-09-13T12:33:41+00:00,aws:iqm:qpu:emerald,UNAVAILABLE,
2026-09-13T12:33:41+00:00,azure:ionq:qpu:forte-1,OFFLINE,
2026-09-13T12:33:41+00:00,ibm:ibm:qpu:kingston,ONLINE,
2026-09-13T12:33:41+00:00,aws:ionq:qpu:forte-1,OFFLINE,
2026-09-13T12:33:41+00:00,aws:ionq:qpu:forte-enterprise-1,ONLINE,
2026-09-13T12:33:41+00:00,ionq:ionq:qpu:forte-1,UNAVAILABLE,
2026-09-13T12:33:41+00:00,ibm:ibm:qpu:fez,ONLINE,
2026-09-13T12:33:41+00:00,aws:iqm:qpu:garnet,UNAVAILABLE,
2026-09-13T12:33:41+00:00,azure:rigetti:qpu:cepheus-1-36q,OFFLINE,
2026-09-13T12:33:41+00:00,azure:ionq:qpu:forte-enterprise-1,OFFLINE,
2026-09-13T12:33:41+00:00,ibm:ibm:qpu:boston,ONLINE,
2026-09-13T12:33:41+00:00,ibm:ibm:qpu:miami,ONLINE,
2026-09-13T12:33:41+00:00,rigetti:rigetti:qpu:cepheus-1-108q,ONLINE,
2026-09-13T12:33:41+00:00,aws:rigetti:qpu:cepheus-1-108q,ONLINE,
2026-09-13T12:33:41+00:00,openquantum:aqt:qpu:ibex-q1,ONLINE,
2026-09-13T12:33:41+00:00,openquantum:ionq:qpu:forte-1,ONLINE,
2026-09-13T12:33:41+00:00,openquantum:ionq:qpu:forte-enterprise,ONLINE,
2026-09-13T12:33:41+00:00,openquantum:iqm:qpu:emerald,ONLINE,
2026-09-13T12:33:41+00:00,openquantum:iqm:qpu:garnet,ONLINE,
2026-09-13T12:33:41+00:00,openquantum:rigetti:qpu:cepheus-1-108q,ONLINE,
2026-09-13T16:38:01+00:00,aws:aqt:qpu:ibex-q1,UNAVAILABLE,
2026-09-13T16:38:01+00:00,aws:quera:qpu:aquila,ONLINE,
2026-09-13T16:38:01+00:00,ibm:ibm:qpu:marrakesh,ONLINE,
2026-09-13T16:38:01+00:00,ibm:ibm:qpu:pittsburgh,ONLINE,
2026-09-13T16:38:01+00:00,azure:pasqal:qpu:fresnel,OFFLINE,
2026-09-13T16:38:01+00:00,aws:iqm:qpu:emerald,UNAVAILABLE,
2026-09-13T16:38:01+00:00,azure:ionq:qpu:forte-1,OFFLINE,
2026-09-13T16:38:01+00:00,ibm:ibm:qpu:kingston,ONLINE,
2026-09-13T16:38:01+00:00,aws:ionq:qpu:forte-1,OFFLINE,
2026-09-13T16:38:01+00:00,aws:ionq:qpu:forte-enterprise-1,ONLINE,
2026-09-13T16:38:01+00:00,ionq:ionq:qpu:forte-1,UNAVAILABLE,
2026-09-13T16:38:01+00:00,ibm:ibm:qpu:fez,ONLINE,
2026-09-13T16:38:01+00:00,aws:iqm:qpu:garnet,UNAVAILABLE,
2026-09-13T16:38:01+00:00,azure:rigetti:qpu:cepheus-1-36q,OFFLINE,
2026-09-13T16:38:01+00:00,azure:ionq:qpu:forte-enterprise-1,OFFLINE,
2026-09-13T16:38:01+00:00,ibm:ibm:qpu:boston,ONLINE,
2026-09-13T16:38:01+00:00,ibm:ibm:qpu:miami,ONLINE,
2026-09-13T16:38:01+00:00,rigetti:rigetti:qpu:cepheus-1-108q,ONLINE,
2026-09-13T16:38:01+00:00,aws:rigetti:qpu:cepheus-1-108q,ONLINE,
2026-09-13T16:38:01+00:00,openquantum:aqt:qpu:ibex-q1,ONLINE,
2026-09-13T16:38:01+00:00,openquantum:ionq:qpu:forte-1,ONLINE,
2026-09-13T16:38:01+00:00,openquantum:ionq:qpu:forte-enterprise,ONLINE,
2026-09-13T16:38:01+00:00,openquantum:iqm:qpu:emerald,ONLINE,
2026-09-13T16:38:01+00:00,openquantum:iqm:qpu:garnet,ONLINE,
2026-09-13T16:38:01+00:00,openquantum:rigetti:qpu:cepheus-1-108q,ONLINE,
2026-09-13T18:57:40+00:00,aws:aqt:qpu:ibex-q1,UNAVAILABLE,
2026-09-13T18:57:40+00:00,aws:quera:qpu:aquila,ONLINE,
2026-09-13T18:57:40+00:00,ibm:ibm:qpu:marrakesh,ONLINE,
2026-09-13T18:57:40+00:00,ibm:ibm:qpu:pittsburgh,ONLINE,
2026-09-13T18:57:40+00:00,azure:pasqal:qpu:fresnel,OFFLINE,
2026-09-13T18:57:40+00:00,aws:iqm:qpu:emerald,UNAVAILABLE,
2026-09-13T18:57:40+00:00,azure:ionq:qpu:forte-1,OFFLINE,
2026-09-13T18:57:40+00:00,ibm:ibm:qpu:kingston,ONLINE,
2026-09-13T18:57:40+00:00,aws:ionq:qpu:forte-1,OFFLINE,
2026-09-13T18:57:40+00:00,aws:ionq:qpu:forte-enterprise-1,ONLINE,
2026-09-13T18:57:40+00:00,ionq:ionq:qpu:forte-1,UNAVAILABLE,
2026-09-13T18:57:40+00:00,ibm:ibm:qpu:fez,ONLINE,
2026-09-13T18:57:40+00:00,aws:iqm:qpu:garnet,UNAVAILABLE,
2026-09-13T18:57:40+00:00,azure:rigetti:qpu:cepheus-1-36q,OFFLINE,
2026-09-13T18:57:40+00:00,azure:ionq:qpu:forte-enterprise-1,OFFLINE,
2026-09-13T18:57:40+00:00,ibm:ibm:qpu:boston,ONLINE,
2026-09-13T18:57:40+00:00,ibm:ibm:qpu:miami,ONLINE,
2026-09-13T18:57:40+00:00,rigetti:rigetti:qpu:cepheus-1-108q,ONLINE,
2026-09-13T18:57:40+00:00,aws:rigetti:qpu:cepheus-1-108q,ONLINE,
2026-09-13T18:57:40+00:00,openquantum:aqt:qpu:ibex-q1,ONLINE,
2026-09-13T18:57:40+00:00,openquantum:ionq:qpu:forte-1,ONLINE,
2026-09-13T18:57:40+00:00,openquantum:ionq:qpu:forte-enterprise,ONLINE,
2026-09-13T18:57:40+00:00,openquantum:iqm:qpu:emerald,ONLINE,
2026-09-13T18:57:40+00:00,openquantum:iqm:qpu:garnet,ONLINE,
2026-09-13T18:57:40+00:00,openquantum:rigetti:qpu:cepheus-1-108q,ONLINE,
2026-09-13T21:21:01+00:00,aws:aqt:qpu:ibex-q1,UNAVAILABLE,
2026-09-13T21:21:01+00:00,aws:quera:qpu:aquila,ONLINE,
2026-09-13T21:21:01+00:00,ibm:ibm:qpu:marrakesh,ONLINE,
2026-09-13T21:21:01+00:00,ibm:ibm:qpu:pittsburgh,ONLINE,
2026-09-13T21:21:01+00:00,azure:pasqal:qpu:fresnel,OFFLINE,
2026-09-13T21:21:01+00:00,aws:iqm:qpu:emerald,UNAVAILABLE,
2026-09-13T21:21:01+00:00,azure:ionq:qpu:forte-1,OFFLINE,
2026-09-13T21:21:01+00:00,ibm:ibm:qpu:kingston,ONLINE,
2026-09-13T21:21:01+00:00,aws:ionq:qpu:forte-1,OFFLINE,
2026-09-13T21:21:01+00:00,aws:ionq:qpu:forte-enterprise-1,ONLINE,
2026-09-13T21:21:01+00:00,ionq:ionq:qpu:forte-1,UNAVAILABLE,
2026-09-13T21:21:01+00:00,ibm:ibm:qpu:fez,ONLINE,
2026-09-13T21:21:01+00:00,aws:iqm:qpu:garnet,UNAVAILABLE,
2026-09-13T21:21:01+00:00,azure:rigetti:qpu:cepheus-1-36q,OFFLINE,
2026-09-13T21:21:01+00:00,azure:ionq:qpu:forte-enterprise-1,OFFLINE,
2026-09-13T21:21:01+00:00,ibm:ibm:qpu:boston,ONLINE,
2026-09-13T21:21:01+00:00,ibm:ibm:qpu:miami,ONLINE,
2026-09-13T21:21:01+00:00,rigetti:rigetti:qpu:cepheus-1-108q,ONLINE,
2026-09-13T21:21:01+00:00,aws:rigetti:qpu:cepheus-1-108q,ONLINE,
2026-09-13T21:21:01+00:00,openquantum:aqt:qpu:ibex-q1,ONLINE,
2026-09-13T21:21:01+00:00,openquantum:ionq:qpu:forte-1,ONLINE,
2026-09-13T21:21:01+00:00,openquantum:ionq:qpu:forte-enterprise,ONLINE,
2026-09-13T21:21:01+00:00,openquantum:iqm:qpu:emerald,ONLINE,
2026-09-13T21:21:01+00:00,openquantum:iqm:qpu:garnet,ONLINE,
2026-09-13T21:21:01+00:00,openquantum:rigetti:qpu:cepheus-1-108q,ONLINE,
2026-09-13T23:33:14+00:00,aws:aqt:qpu:ibex-q1,UNAVAILABLE,
2026-09-13T23:33:14+00:00,aws:quera:qpu:aquila,ONLINE,
2026-09-13T23:33:14+00:00,ibm:ibm:qpu:marrakesh,ONLINE,
2026-09-13T23:33:14+00:00,ibm:ibm:qpu:pittsburgh,ONLINE,
2026-09-13T23:33:14+00:00,azure:pasqal:qpu:fresnel,OFFLINE,
2026-09-13T23:33:14+00:00,aws:iqm:qpu:emerald,UNAVAILABLE,
2026-09-13T23:33:14+00:00,azure:ionq:qpu:forte-1,OFFLINE,
2026-09-13T23:33:14+00:00,ibm:ibm:qpu:kingston,ONLINE,
2026-09-13T23:33:14+00:00,aws:ionq:qpu:forte-1,OFFLINE,
2026-09-13T23:33:14+00:00,aws:ionq:qpu:forte-enterprise-1,ONLINE,
2026-09-13T23:33:14+00:00,ionq:ionq:qpu:forte-1,UNAVAILABLE,
2026-09-13T23:33:14+00:00,ibm:ibm:qpu:fez,ONLINE,
2026-09-13T23:33:14+00:00,aws:iqm:qpu:garnet,UNAVAILABLE,
2026-09-13T23:33:14+00:00,azure:rigetti:qpu:cepheus-1-36q,OFFLINE,
2026-09-13T23:33:14+00:00,azure:ionq:qpu:forte-enterprise-1,OFFLINE,
2026-09-13T23:33:14+00:00,ibm:ibm:qpu:boston,ONLINE,
2026-09-13T23:33:14+00:00,ibm:ibm:qpu:miami,ONLINE,
2026-09-13T23:33:14+00:00,rigetti:rigetti:qpu:cepheus-1-108q,ONLINE,
2026-09-13T23:33:14+00:00,aws:rigetti:qpu:cepheus-1-108q,ONLINE,
2026-09-13T23:33:14+00:00,openquantum:aqt:qpu:ibex-q1,ONLINE,
2026-09-13T23:33:14+00:00,openquantum:ionq:qpu:forte-1,ONLINE,
2026-09-13T23:33:14+00:00,openquantum:ionq:qpu:forte-enterprise,ONLINE,
2026-09-13T23:33:14+00:00,openquantum:iqm:qpu:emerald,ONLINE,
2026-09-13T23:33:14+00:00,openquantum:iqm:qpu:garnet,ONLINE,
2026-09-13T23:33:14+00:00,openquantum:rigetti:qpu:cepheus-1-108q,ONLINE,
2026-09-14T01:41:52+00:00,aws:aqt:qpu:ibex-q1,UNAVAILABLE,
2026-09-14T01:41:52+00:00,aws:quera:qpu:aquila,ONLINE,
2026-09-14T01:41:52+00:00,ibm:ibm:qpu:marrakesh,ONLINE,
2026-09-14T01:41:52+00:00,ibm:ibm:qpu:pittsburgh,ONLINE,
2026-09-14T01:41:52+00:00,azure:pasqal:qpu:fresnel,OFFLINE,
2026-09-14T01:41:52+00:00,aws:iqm:qpu:emerald,ONLINE,
2026-09-14T01:41:52+00:00,azure:ionq:qpu:forte-1,OFFLINE,
2026-09-14T01:41:52+00:00,ibm:ibm:qpu:kingston,ONLINE,
2026-09-14T01:41:52+00:00,aws:ionq:qpu:forte-1,OFFLINE,
2026-09-14T01:41:52+00:00,aws:ionq:qpu:forte-enterprise-1,ONLINE,
2026-09-14T01:41:52+00:00,ionq:ionq:qpu:forte-1,UNAVAILABLE,
2026-09-14T01:41:52+00:00,ibm:ibm:qpu:fez,ONLINE,
2026-09-14T01:41:52+00:00,aws:iqm:qpu:garnet,UNAVAILABLE,
2026-09-14T01:41:52+00:00,azure:rigetti:qpu:cepheus-1-36q,OFFLINE,
2026-09-14T01:41:52+00:00,azure:ionq:qpu:forte-enterprise-1,OFFLINE,
2026-09-14T01:41:52+00:00,ibm:ibm:qpu:boston,ONLINE,
2026-09-14T01:41:52+00:00,ibm:ibm:qpu:miami,ONLINE,
2026-09-14T01:41:52+00:00,rigetti:rigetti:qpu:cepheus-1-108q,ONLINE,
2026-09-14T01:41:52+00:00,aws:rigetti:qpu:cepheus-1-108q,ONLINE,
2026-09-14T01:41:52+00:00,openquantum:aqt:qpu:ibex-q1,ONLINE,
2026-09-14T01:41:52+00:00,openquantum:ionq:qpu:forte-1,ONLINE,
2026-09-14T01:41:52+00:00,openquantum:ionq:qpu:forte-enterprise,ONLINE,
2026-09-14T01:41:52+00:00,openquantum:iqm:qpu:emerald,ONLINE,
2026-09-14T01:41:52+00:00,openquantum:iqm:qpu:garnet,ONLINE,
2026-09-14T01:41:52+00:00,openquantum:rigetti:qpu:cepheus-1-108q,ONLINE,
2026-09-14T07:08:19+00:00,aws:aqt:qpu:ibex-q1,UNAVAILABLE,
2026-09-14T07:08:19+00:00,aws:quera:qpu:aquila,UNAVAILABLE,
2026-09-14T07:08:19+00:00,ibm:ibm:qpu:marrakesh,ONLINE,
2026-09-14T07:08:19+00:00,ibm:ibm:qpu:pittsburgh,ONLINE,
2026-09-14T07:08:19+00:00,azure:pasqal:qpu:fresnel,OFFLINE,
2026-09-14T07:08:19+00:00,aws:iqm:qpu:emerald,UNAVAILABLE,
2026-09-14T07:08:19+00:00,azure:ionq:qpu:forte-1,OFFLINE,
2026-09-14T07:08:19+00:00,ibm:ibm:qpu:kingston,ONLINE,
2026-09-14T07:08:19+00:00,aws:ionq:qpu:forte-1,OFFLINE,
2026-09-14T07:08:19+00:00,aws:ionq:qpu:forte-enterprise-1,ONLINE,
2026-09-14T07:08:19+00:00,ionq:ionq:qpu:forte-1,UNAVAILABLE,
2026-09-14T07:08:19+00:00,ibm:ibm:qpu:fez,ONLINE,
2026-09-14T07:08:19+00:00,aws:iqm:qpu:garnet,ONLINE,
2026-09-14T07:08:19+00:00,azure:rigetti:qpu:cepheus-1-36q,OFFLINE,
2026-09-14T07:08:19+00:00,azure:ionq:qpu:forte-enterprise-1,OFFLINE,
2026-09-14T07:08:19+00:00,ibm:ibm:qpu:boston,ONLINE,
2026-09-14T07:08:19+00:00,ibm:ibm:qpu:miami,ONLINE,
2026-09-14T07:08:19+00:00,rigetti:rigetti:qpu:cepheus-1-108q,ONLINE,
2026-09-14T07:08:19+00:00,aws:rigetti:qpu:cepheus-1-108q,UNAVAILABLE,
2026-09-14T07:08:19+00:00,openquantum:aqt:qpu:ibex-q1,ONLINE,
2026-09-14T07:08:19+00:00,openquantum:ionq:qpu:forte-1,ONLINE,
2026-09-14T07:08:19+00:00,openquantum:ionq:qpu:forte-enterprise,ONLINE,
2026-09-14T07:08:19+00:00,openquantum:iqm:qpu:emerald,ONLINE,
2026-09-14T07:08:19+00:00,openquantum:iqm:qpu:garnet,ONLINE,
2026-09-14T07:08:19+00:00,openquantum:rigetti:qpu:cepheus-1-108q,ONLINE,
2026-09-14T14:24:48+00:00,aws:aqt:qpu:ibex-q1,ONLINE,
2026-09-14T14:24:48+00:00,aws:quera:qpu:aquila,UNAVAILABLE,
2026-09-14T14:24:48+00:00,ibm:ibm:qpu:marrakesh,UNAVAILABLE,
2026-09-14T14:24:48+00:00,ibm:ibm:qpu:pittsburgh,ONLINE,
2026-09-14T14:24:48+00:00,azure:pasqal:qpu:fresnel,OFFLINE,
2026-09-14T14:24:48+00:00,aws:iqm:qpu:emerald,ONLINE,
2026-09-14T14:24:48+00:00,azure:ionq:qpu:forte-1,OFFLINE,
2026-09-14T14:24:48+00:00,ibm:ibm:qpu:kingston,ONLINE,
2026-09-14T14:24:48+00:00,aws:ionq:qpu:forte-1,OFFLINE,
2026-09-14T14:24:48+00:00,aws:ionq:qpu:forte-enterprise-1,ONLINE,
2026-09-14T14:24:48+00:00,ionq:ionq:qpu:forte-1,UNAVAILABLE,
2026-09-14T14:24:48+00:00,ibm:ibm:qpu:fez,ONLINE,
2026-09-14T14:24:48+00:00,aws:iqm:qpu:garnet,ONLINE,
2026-09-14T14:24:48+00:00,azure:rigetti:qpu:cepheus-1-36q,OFFLINE,
2026-09-14T14:24:48+00:00,azure:ionq:qpu:forte-enterprise-1,OFFLINE,
2026-09-14T14:24:48+00:00,ibm:ibm:qpu:boston,ONLINE,
2026-09-14T14:24:48+00:00,ibm:ibm:qpu:miami,ONLINE,
2026-09-14T14:24:48+00:00,rigetti:rigetti:qpu:cepheus-1-108q,ONLINE,
2026-09-14T14:24:48+00:00,aws:rigetti:qpu:cepheus-1-108q,ONLINE,
2026-09-14T14:24:48+00:00,openquantum:aqt:qpu:ibex-q1,ONLINE,
2026-09-14T14:24:48+00:00,openquantum:ionq:qpu:forte-1,ONLINE,
2026-09-14T14:24:48+00:00,openquantum:ionq:qpu:forte-enterprise,ONLINE,
2026-09-14T14:24:48+00:00,openquantum:iqm:qpu:emerald,ONLINE,
2026-09-14T14:24:48+00:00,openquantum:iqm:qpu:garnet,ONLINE,
2026-09-14T14:24:48+00:00,openquantum:rigetti:qpu:cepheus-1-108q,ONLINE,
2026-09-14T19:36:03+00:00,aws:aqt:qpu:ibex-q1,UNAVAILABLE,
2026-09-14T19:36:03+00:00,aws:quera:qpu:aquila,UNAVAILABLE,
2026-09-14T19:36:03+00:00,ibm:ibm:qpu:marrakesh,ONLINE,
2026-09-14T19:36:03+00:00,ibm:ibm:qpu:pittsburgh,ONLINE,
2026-09-14T19:36:03+00:00,azure:pasqal:qpu:fresnel,OFFLINE,
2026-09-14T19:36:03+00:00,aws:iqm:qpu:emerald,ONLINE,
2026-09-14T19:36:03+00:00,azure:ionq:qpu:forte-1,OFFLINE,
2026-09-14T19:36:03+00:00,ibm:ibm:qpu:kingston,ONLINE,
2026-09-14T19:36:03+00:00,aws:ionq:qpu:forte-1,OFFLINE,
2026-09-14T19:36:03+00:00,aws:ionq:qpu:forte-enterprise-1,ONLINE,
2026-09-14T19:36:03+00:00,ionq:ionq:qpu:forte-1,UNAVAILABLE,
2026-09-14T19:36:03+00:00,ibm:ibm:qpu:fez,ONLINE,
2026-09-14T19:36:03+00:00,aws:iqm:qpu:garnet,ONLINE,
2026-09-14T19:36:03+00:00,azure:rigetti:qpu:cepheus-1-36q,OFFLINE,
2026-09-14T19:36:03+00:00,azure:ionq:qpu:forte-enterprise-1,OFFLINE,
2026-09-14T19:36:03+00:00,ibm:ibm:qpu:boston,ONLINE,
2026-09-14T19:36:03+00:00,ibm:ibm:qpu:miami,ONLINE,
2026-09-14T19:36:03+00:00,rigetti:rigetti:qpu:cepheus-1-108q,ONLINE,
2026-09-14T19:36:03+00:00,aws:rigetti:qpu:cepheus-1-108q,UNAVAILABLE,
2026-09-14T19:36:03+00:00,openquantum:aqt:qpu:ibex-q1,ONLINE,
2026-09-14T19:36:03+00:00,openquantum:ionq:qpu:forte-1,ONLINE,
2026-09-14T19:36:03+00:00,openquantum:ionq:qpu:forte-enterprise,ONLINE,
2026-09-14T19:36:03+00:00,openquantum:iqm:qpu:emerald,ONLINE,
2026-09-14T19:36:03+00:00,openquantum:iqm:qpu:garnet,ONLINE,
2026-09-14T19:36:03+00:00,openquantum:rigetti:qpu:cepheus-1-108q,ONLINE,
2026-09-14T22:44:59+00:00,aws:aqt:qpu:ibex-q1,UNAVAILABLE,
2026-09-14T22:44:59+00:00,aws:quera:qpu:aquila,UNAVAILABLE,
2026-09-14T22:44:59+00:00,ibm:ibm:qpu:marrakesh,ONLINE,
2026-09-14T22:44:59+00:00,ibm:ibm:qpu:pittsburgh,ONLINE,
2026-09-14T22:44:59+00:00,azure:pasqal:qpu:fresnel,OFFLINE,
2026-09-14T22:44:59+00:00,aws:iqm:qpu:emerald,ONLINE,
2026-09-14T22:44:59+00:00,azure:ionq:qpu:forte-1,OFFLINE,
2026-09-14T22:44:59+00:00,ibm:ibm:qpu:kingston,ONLINE,
2026-09-14T22:44:59+00:00,aws:ionq:qpu:forte-1,OFFLINE,
2026-09-14T22:44:59+00:00,aws:ionq:qpu:forte-enterprise-1,ONLINE,
2026-09-14T22:44:59+00:00,ionq:ionq:qpu:forte-1,UNAVAILABLE,
2026-09-14T22:44:59+00:00,ibm:ibm:qpu:fez,ONLINE,
2026-09-14T22:44:59+00:00,aws:iqm:qpu:garnet,ONLINE,
2026-09-14T22:44:59+00:00,azure:rigetti:qpu:cepheus-1-36q,OFFLINE,
2026-09-14T22:44:59+00:00,azure:ionq:qpu:forte-enterprise-1,OFFLINE,
2026-09-14T22:44:59+00:00,ibm:ibm:qpu:boston,ONLINE,
2026-09-14T22:44:59+00:00,ibm:ibm:qpu:miami,ONLINE,
2026-09-14T22:44:59+00:00,rigetti:rigetti:qpu:cepheus-1-108q,ONLINE,
2026-09-14T22:44:59+00:00,aws:rigetti:qpu:cepheus-1-108q,ONLINE,
2026-09-14T22:44:59+00:00,openquantum:aqt:qpu:ibex-q1,ONLINE,
2026-09-14T22:44:59+00:00,openquantum:ionq:qpu:forte-1,ONLINE,
2026-09-14T22:44:59+00:00,openquantum:ionq:qpu:forte-enterprise,ONLINE,
2026-09-14T22:44:59+00:00,openquantum:iqm:qpu:emerald,ONLINE,
2026-09-14T22:44:59+00:00,openquantum:iqm:qpu:garnet,ONLINE,
2026-09-14T22:44:59+00:00,openquantum:rigetti:qpu:cepheus-1-108q,ONLINE,
2026-09-15T00:58:05+00:00,aws:aqt:qpu:ibex-q1,UNAVAILABLE,
2026-09-15T00:58:05+00:00,aws:quera:qpu:aquila,UNAVAILABLE,
2026-09-15T00:58:05+00:00,ibm:ibm:qpu:marrakesh,ONLINE,
2026-09-15T00:58:05+00:00,ibm:ibm:qpu:pittsburgh,ONLINE,
2026-09-15T00:58:05+00:00,azure:pasqal:qpu:fresnel,OFFLINE,
2026-09-15T00:58:05+00:00,aws:iqm:qpu:emerald,ONLINE,
2026-09-15T00:58:05+00:00,azure:ionq:qpu:forte-1,OFFLINE,
2026-09-15T00:58:05+00:00,ibm:ibm:qpu:kingston,ONLINE,
2026-09-15T00:58:05+00:00,aws:ionq:qpu:forte-1,OFFLINE,
2026-09-15T00:58:05+00:00,aws:ionq:qpu:forte-enterprise-1,ONLINE,
2026-09-15T00:58:05+00:00,ionq:ionq:qpu:forte-1,UNAVAILABLE,
2026-09-15T00:58:05+00:00,ibm:ibm:qpu:fez,ONLINE,
2026-09-15T00:58:05+00:00,aws:iqm:qpu:garnet,ONLINE,
2026-09-15T00:58:05+00:00,azure:rigetti:qpu:cepheus-1-36q,OFFLINE,
2026-09-15T00:58:05+00:00,azure:ionq:qpu:forte-enterprise-1,OFFLINE,
2026-09-15T00:58:05+00:00,ibm:ibm:qpu:boston,ONLINE,
2026-09-15T00:58:05+00:00,ibm:ibm:qpu:miami,ONLINE,
2026-09-15T00:58:05+00:00,rigetti:rigetti:qpu:cepheus-1-108q,ONLINE,
2026-09-15T00:58:05+00:00,aws:rigetti:qpu:cepheus-1-108q,ONLINE,
2026-09-15T00:58:05+00:00,openquantum:aqt:qpu:ibex-q1,ONLINE,
2026-09-15T00:58:05+00:00,openquantum:ionq:qpu:forte-1,ONLINE,
2026-09-15T00:58:05+00:00,openquantum:ionq:qpu:forte-enterprise,ONLINE,
2026-09-15T00:58:05+00:00,openquantum:iqm:qpu:emerald,ONLINE,
2026-09-15T00:58:05+00:00,openquantum:iqm:qpu:garnet,ONLINE,
2026-09-15T00:58:05+00:00,openquantum:rigetti:qpu:cepheus-1-108q,ONLINE,
2026-09-15T06:01:31+00:00,aws:aqt:qpu:ibex-q1,UNAVAILABLE,
2026-09-15T06:01:31+00:00,aws:quera:qpu:aquila,UNAVAILABLE,
2026-09-15T06:01:31+00:00,ibm:ibm:qpu:marrakesh,ONLINE,
2026-09-15T06:01:31+00:00,ibm:ibm:qpu:pittsburgh,ONLINE,
2026-09-15T06:01:31+00:00,azure:pasqal:qpu:fresnel,OFFLINE,
2026-09-15T06:01:31+00:00,aws:iqm:qpu:emerald,UNAVAILABLE,
2026-09-15T06:01:31+00:00,azure:ionq:qpu:forte-1,OFFLINE,
2026-09-15T06:01:31+00:00,ibm:ibm:qpu:kingston,ONLINE,
2026-09-15T06:01:31+00:00,aws:ionq:qpu:forte-1,OFFLINE,
2026-09-15T06:01:31+00:00,aws:ionq:qpu:forte-enterprise-1,ONLINE,
2026-09-15T06:01:31+00:00,ionq:ionq:qpu:forte-1,UNAVAILABLE,
2026-09-15T06:01:31+00:00,ibm:ibm:qpu:fez,ONLINE,
2026-09-15T06:01:31+00:00,aws:iqm:qpu:garnet,ONLINE,
2026-09-15T06:01:31+00:00,azure:rigetti:qpu:cepheus-1-36q,OFFLINE,
2026-09-15T06:01:31+00:00,azure:ionq:qpu:forte-enterprise-1,OFFLINE,
2026-09-15T06:01:31+00:00,ibm:ibm:qpu:boston,ONLINE,
2026-09-15T06:01:31+00:00,ibm:ibm:qpu:miami,ONLINE,
2026-09-15T06:01:31+00:00,rigetti:rigetti:qpu:cepheus-1-108q,ONLINE,
2026-09-15T06:01:31+00:00,aws:rigetti:qpu:cepheus-1-108q,ONLINE,
2026-09-15T06:01:31+00:00,openquantum:aqt:qpu:ibex-q1,ONLINE,
2026-09-15T06:01:31+00:00,openquantum:ionq:qpu:forte-1,ONLINE,
2026-09-15T06:01:31+00:00,openquantum:ionq:qpu:forte-enterprise,ONLINE,
2026-09-15T06:01:31+00:00,openquantum:iqm:qpu:emerald,ONLINE,
2026-09-15T06:01:31+00:00,openquantum:iqm:qpu:garnet,ONLINE,
2026-09-15T06:01:31+00:00,openquantum:rigetti:qpu:cepheus-1-108q,ONLINE,
2026-09-15T12:08:48+00:00,aws:aqt:qpu:ibex-q1,ONLINE,
2026-09-15T12:08:48+00:00,aws:quera:qpu:aquila,UNAVAILABLE,
2026-09-15T12:08:48+00:00,ibm:ibm:qpu:marrakesh,ONLINE,
2026-09-15T12:08:48+00:00,ibm:ibm:qpu:pittsburgh,ONLINE,
2026-09-15T12:08:48+00:00,azure:pasqal:qpu:fresnel,OFFLINE,
2026-09-15T12:08:48+00:00,aws:iqm:qpu:emerald,ONLINE,
2026-09-15T12:08:48+00:00,azure:ionq:qpu:forte-1,OFFLINE,
2026-09-15T12:08:48+00:00,ibm:ibm:qpu:kingston,ONLINE,
2026-09-15T12:08:48+00:00,aws:ionq:qpu:forte-1,OFFLINE,
2026-09-15T12:08:48+00:00,aws:ionq:qpu:forte-enterprise-1,ONLINE,
2026-09-15T12:08:48+00:00,ionq:ionq:qpu:forte-1,UNAVAILABLE,
2026-09-15T12:08:48+00:00,ibm:ibm:qpu:fez,ONLINE,
2026-09-15T12:08:48+00:00,aws:iqm:qpu:garnet,ONLINE,
2026-09-15T12:08:48+00:00,azure:rigetti:qpu:cepheus-1-36q,OFFLINE,
2026-09-15T12:08:48+00:00,azure:ionq:qpu:forte-enterprise-1,OFFLINE,
2026-09-15T12:08:48+00:00,ibm:ibm:qpu:boston,ONLINE,
2026-09-15T12:08:48+00:00,ibm:ibm:qpu:miami,ONLINE,
2026-09-15T12:08:48+00:00,rigetti:rigetti:qpu:cepheus-1-108q,ONLINE,
2026-09-15T12:08:48+00:00,aws:rigetti:qpu:cepheus-1-108q,ONLINE,
2026-09-15T12:08:48+00:00,openquantum:aqt:qpu:ibex-q1,ONLINE,
2026-09-15T12:08:48+00:00,openquantum:ionq:qpu:forte-1,ONLINE,
2026-09-15T12:08:48+00:00,openquantum:ionq:qpu:forte-enterprise,ONLINE,
2026-09-15T12:08:48+00:00,openquantum:iqm:qpu:emerald,ONLINE,
2026-09-15T12:08:48+00:00,openquantum:iqm:qpu:garnet,ONLINE,
2026-09-15T12:08:48+00:00,openquantum:rigetti:qpu:cepheus-1-108q,ONLINE,
2026-09-15T17:17:19+00:00,aws:aqt:qpu:ibex-q1,UNAVAILABLE,
2026-09-15T17:17:19+00:00,aws:quera:qpu:aquila,UNAVAILABLE,
2026-09-15T17:17:19+00:00,ibm:ibm:qpu:marrakesh,ONLINE,
2026-09-15T17:17:19+00:00,ibm:ibm:qpu:pittsburgh,UNAVAILABLE,
2026-09-15T17:17:19+00:00,azure:pasqal:qpu:fresnel,OFFLINE,
2026-09-15T17:17:19+00:00,aws:iqm:qpu:emerald,ONLINE,
2026-09-15T17:17:19+00:00,azure:ionq:qpu:forte-1,OFFLINE,
2026-09-15T17:17:19+00:00,ibm:ibm:qpu:kingston,ONLINE,
2026-09-15T17:17:19+00:00,aws:ionq:qpu:forte-1,OFFLINE,
2026-09-15T17:17:19+00:00,aws:ionq:qpu:forte-enterprise-1,ONLINE,
2026-09-15T17:17:19+00:00,ionq:ionq:qpu:forte-1,UNAVAILABLE,
2026-09-15T17:17:19+00:00,ibm:ibm:qpu:fez,UNAVAILABLE,
2026-09-15T17:17:19+00:00,aws:iqm:qpu:garnet,ONLINE,
2026-09-15T17:17:19+00:00,azure:rigetti:qpu:cepheus-1-36q,OFFLINE,
2026-09-15T17:17:19+00:00,azure:ionq:qpu:forte-enterprise-1,OFFLINE,
2026-09-15T17:17:19+00:00,ibm:ibm:qpu:boston,ONLINE,
2026-09-15T17:17:19+00:00,ibm:ibm:qpu:miami,ONLINE,
2026-09-15T17:17:19+00:00,rigetti:rigetti:qpu:cepheus-1-108q,ONLINE,
2026-09-15T17:17:19+00:00,aws:rigetti:qpu:cepheus-1-108q,ONLINE,
2026-09-15T17:17:19+00:00,openquantum:aqt:qpu:ibex-q1,ONLINE,
2026-09-15T17:17:19+00:00,openquantum:ionq:qpu:forte-1,ONLINE,
2026-09-15T17:17:19+00:00,openquantum:ionq:qpu:forte-enterprise,ONLINE,
2026-09-15T17:17:19+00:00,openquantum:iqm:qpu:emerald,ONLINE,
2026-09-15T17:17:19+00:00,openquantum:iqm:qpu:garnet,ONLINE,
2026-09-15T17:17:19+00:00,openquantum:rigetti:qpu:cepheus-1-108q,ONLINE,
2026-09-15T20:26:24+00:00,aws:aqt:qpu:ibex-q1,UNAVAILABLE,
2026-09-15T20:26:24+00:00,aws:quera:qpu:aquila,UNAVAILABLE,
2026-09-15T20:26:24+00:00,ibm:ibm:qpu:marrakesh,ONLINE,
2026-09-15T20:26:24+00:00,ibm:ibm:qpu:pittsburgh,UNAVAILABLE,
2026-09-15T20:26:24+00:00,azure:pasqal:qpu:fresnel,OFFLINE,
2026-09-15T20:26:24+00:00,aws:iqm:qpu:emerald,ONLINE,
2026-09-15T20:26:24+00:00,azure:ionq:qpu:forte-1,OFFLINE,
2026-09-15T20:26:24+00:00,ibm:ibm:qpu:kingston,ONLINE,
2026-09-15T20:26:24+00:00,aws:ionq:qpu:forte-1,OFFLINE,
2026-09-15T20:26:24+00:00,aws:ionq:qpu:forte-enterprise-1,ONLINE,
2026-09-15T20:26:24+00:00,ionq:ionq:qpu:forte-1,UNAVAILABLE,
2026-09-15T20:26:24+00:00,ibm:ibm:qpu:fez,UNAVAILABLE,
2026-09-15T20:26:24+00:00,aws:iqm:qpu:garnet,ONLINE,
2026-09-15T20:26:24+00:00,azure:rigetti:qpu:cepheus-1-36q,OFFLINE,
2026-09-15T20:26:24+00:00,azure:ionq:qpu:forte-enterprise-1,OFFLINE,
2026-09-15T20:26:24+00:00,ibm:ibm:qpu:boston,ONLINE,
2026-09-15T20:26:24+00:00,ibm:ibm:qpu:miami,ONLINE,
2026-09-15T20:26:24+00:00,rigetti:rigetti:qpu:cepheus-1-108q,ONLINE,
2026-09-15T20:26:24+00:00,aws:rigetti:qpu:cepheus-1-108q,UNAVAILABLE,
2026-09-15T20:26:24+00:00,openquantum:aqt:qpu:ibex-q1,ONLINE,
2026-09-15T20:26:24+00:00,openquantum:ionq:qpu:forte-1,ONLINE,
2026-09-15T20:26:24+00:00,openquantum:ionq:qpu:forte-enterprise,ONLINE,
2026-09-15T20:26:24+00:00,openquantum:iqm:qpu:emerald,ONLINE,
2026-09-15T20:26:24+00:00,openquantum:iqm:qpu:garnet,ONLINE,
2026-09-15T20:26:24+00:00,openquantum:rigetti:qpu:cepheus-1-108q,ONLINE,
2026-09-15T23:11:01+00:00,aws:aqt:qpu:ibex-q1,UNAVAILABLE,
2026-09-15T23:11:01+00:00,aws:quera:qpu:aquila,UNAVAILABLE,
2026-09-15T23:11:01+00:00,ibm:ibm:qpu:marrakesh,ONLINE,
2026-09-15T23:11:01+00:00,ibm:ibm:qpu:pittsburgh,UNAVAILABLE,
2026-09-15T23:11:01+00:00,azure:pasqal:qpu:fresnel,OFFLINE,
2026-09-15T23:11:01+00:00,aws:iqm:qpu:emerald,ONLINE,
2026-09-15T23:11:01+00:00,azure:ionq:qpu:forte-1,OFFLINE,
2026-09-15T23:11:01+00:00,ibm:ibm:qpu:kingston,ONLINE,
2026-09-15T23:11:01+00:00,aws:ionq:qpu:forte-1,OFFLINE,
2026-09-15T23:11:01+00:00,aws:ionq:qpu:forte-enterprise-1,ONLINE,
2026-09-15T23:11:01+00:00,ionq:ionq:qpu:forte-1,UNAVAILABLE,
2026-09-15T23:11:01+00:00,ibm:ibm:qpu:fez,UNAVAILABLE,
2026-09-15T23:11:01+00:00,aws:iqm:qpu:garnet,ONLINE,
2026-09-15T23:11:01+00:00,azure:rigetti:qpu:cepheus-1-36q,OFFLINE,
2026-09-15T23:11:01+00:00,azure:ionq:qpu:forte-enterprise-1,OFFLINE,
2026-09-15T23:11:01+00:00,ibm:ibm:qpu:boston,ONLINE,
2026-09-15T23:11:01+00:00,ibm:ibm:qpu:miami,ONLINE,
2026-09-15T23:11:01+00:00,rigetti:rigetti:qpu:cepheus-1-108q,ONLINE,
2026-09-15T23:11:01+00:00,aws:rigetti:qpu:cepheus-1-108q,ONLINE,
2026-09-15T23:11:01+00:00,openquantum:aqt:qpu:ibex-q1,ONLINE,
2026-09-15T23:11:01+00:00,openquantum:ionq:qpu:forte-1,ONLINE,
2026-09-15T23:11:01+00:00,openquantum:ionq:qpu:forte-enterprise,ONLINE,
2026-09-15T23:11:01+00:00,openquantum:iqm:qpu:emerald,ONLINE,
2026-09-15T23:11:01+00:00,openquantum:iqm:qpu:garnet,ONLINE,
2026-09-15T23:11:01+00:00,openquantum:rigetti:qpu:cepheus-1-108q,ONLINE,
2026-09-16T01:41:04+00:00,aws:aqt:qpu:ibex-q1,UNAVAILABLE,
2026-09-16T01:41:04+00:00,aws:quera:qpu:aquila,UNAVAILABLE,
2026-09-16T01:41:04+00:00,ibm:ibm:qpu:marrakesh,ONLINE,
2026-09-16T01:41:04+00:00,ibm:ibm:qpu:pittsburgh,UNAVAILABLE,
2026-09-16T01:41:04+00:00,azure:pasqal:qpu:fresnel,OFFLINE,
2026-09-16T01:41:04+00:00,aws:iqm:qpu:emerald,ONLINE,
2026-09-16T01:41:04+00:00,azure:ionq:qpu:forte-1,OFFLINE,
2026-09-16T01:41:04+00:00,ibm:ibm:qpu:kingston,ONLINE,
2026-09-16T01:41:04+00:00,aws:ionq:qpu:forte-1,OFFLINE,
2026-09-16T01:41:04+00:00,aws:ionq:qpu:forte-enterprise-1,ONLINE,
2026-09-16T01:41:04+00:00,ionq:ionq:qpu:forte-1,UNAVAILABLE,
2026-09-16T01:41:04+00:00,ibm:ibm:qpu:fez,UNAVAILABLE,
2026-09-16T01:41:04+00:00,aws:iqm:qpu:garnet,UNAVAILABLE,
2026-09-16T01:41:04+00:00,azure:rigetti:qpu:cepheus-1-36q,OFFLINE,
2026-09-16T01:41:04+00:00,azure:ionq:qpu:forte-enterprise-1,OFFLINE,
2026-09-16T01:41:04+00:00,ibm:ibm:qpu:boston,ONLINE,
2026-09-16T01:41:04+00:00,ibm:ibm:qpu:miami,ONLINE,
2026-09-16T01:41:04+00:00,rigetti:rigetti:qpu:cepheus-1-108q,ONLINE,
2026-09-16T01:41:04+00:00,aws:rigetti:qpu:cepheus-1-108q,ONLINE,
2026-09-16T01:41:04+00:00,openquantum:aqt:qpu:ibex-q1,ONLINE,
2026-09-16T01:41:04+00:00,openquantum:ionq:qpu:forte-1,ONLINE,
2026-09-16T01:41:04+00:00,openquantum:ionq:qpu:forte-enterprise,ONLINE,
2026-09-16T01:41:04+00:00,openquantum:iqm:qpu:emerald,ONLINE,
2026-09-16T01:41:04+00:00,openquantum:iqm:qpu:garnet,ONLINE,
2026-09-16T01:41:04+00:00,openquantum:rigetti:qpu:cepheus-1-108q,ONLINE,
2026-09-16T06:47:23+00:00,aws:aqt:qpu:ibex-q1,UNAVAILABLE,
2026-09-16T06:47:23+00:00,aws:quera:qpu:aquila,UNAVAILABLE,
2026-09-16T06:47:23+00:00,ibm:ibm:qpu:marrakesh,ONLINE,
2026-09-16T06:47:23+00:00,ibm:ibm:qpu:pittsburgh,UNAVAILABLE,
2026-09-16T06:47:23+00:00,azure:pasqal:qpu:fresnel,OFFLINE,
2026-09-16T06:47:23+00:00,aws:iqm:qpu:emerald,UNAVAILABLE,
2026-09-16T06:47:23+00:00,azure:ionq:qpu:forte-1,OFFLINE,
2026-09-16T06:47:23+00:00,ibm:ibm:qpu:kingston,ONLINE,
2026-09-16T06:47:23+00:00,aws:ionq:qpu:forte-1,OFFLINE,
2026-09-16T06:47:23+00:00,aws:ionq:qpu:forte-enterprise-1,ONLINE,
2026-09-16T06:47:23+00:00,ionq:ionq:qpu:forte-1,UNAVAILABLE,
2026-09-16T06:47:23+00:00,ibm:ibm:qpu:fez,ONLINE,
2026-09-16T06:47:23+00:00,aws:iqm:qpu:garnet,ONLINE,
2026-09-16T06:47:23+00:00,azure:rigetti:qpu:cepheus-1-36q,OFFLINE,
2026-09-16T06:47:23+00:00,azure:ionq:qpu:forte-enterprise-1,OFFLINE,
2026-09-16T06:47:23+00:00,ibm:ibm:qpu:boston,ONLINE,
2026-09-16T06:47:23+00:00,ibm:ibm:qpu:miami,ONLINE,
2026-09-16T06:47:23+00:00,rigetti:rigetti:qpu:cepheus-1-108q,ONLINE,
2026-09-16T06:47:23+00:00,aws:rigetti:qpu:cepheus-1-108q,ONLINE,
2026-09-16T06:47:23+00:00,openquantum:aqt:qpu:ibex-q1,ONLINE,
2026-09-16T06:47:23+00:00,openquantum:ionq:qpu:forte-1,ONLINE,
2026-09-16T06:47:23+00:00,openquantum:ionq:qpu:forte-enterprise,ONLINE,
2026-09-16T06:47:23+00:00,openquantum:iqm:qpu:emerald,ONLINE,
2026-09-16T06:47:23+00:00,openquantum:iqm:qpu:garnet,ONLINE,
2026-09-16T06:47:23+00:00,openquantum:rigetti:qpu:cepheus-1-108q,ONLINE,
2026-09-16T12:26:12+00:00,aws:aqt:qpu:ibex-q1,ONLINE,
2026-09-16T12:26:12+00:00,aws:quera:qpu:aquila,UNAVAILABLE,
2026-09-16T12:26:12+00:00,ibm:ibm:qpu:marrakesh,ONLINE,
2026-09-16T12:26:12+00:00,ibm:ibm:qpu:pittsburgh,UNAVAILABLE,
2026-09-16T12:26:12+00:00,azure:pasqal:qpu:fresnel,OFFLINE,
2026-09-16T12:26:12+00:00,aws:iqm:qpu:emerald,ONLINE,
2026-09-16T12:26:12+00:00,azure:ionq:qpu:forte-1,OFFLINE,
2026-09-16T12:26:12+00:00,ibm:ibm:qpu:kingston,ONLINE,
2026-09-16T12:26:12+00:00,aws:ionq:qpu:forte-1,OFFLINE,
2026-09-16T12:26:12+00:00,aws:ionq:qpu:forte-enterprise-1,ONLINE,
2026-09-16T12:26:12+00:00,ionq:ionq:qpu:forte-1,UNAVAILABLE,
2026-09-16T12:26:12+00:00,ibm:ibm:qpu:fez,ONLINE,
2026-09-16T12:26:12+00:00,aws:iqm:qpu:garnet,ONLINE,
2026-09-16T12:26:12+00:00,azure:rigetti:qpu:cepheus-1-36q,OFFLINE,
2026-09-16T12:26:12+00:00,azure:ionq:qpu:forte-enterprise-1,OFFLINE,
2026-09-16T12:26:12+00:00,ibm:ibm:qpu:boston,ONLINE,
2026-09-16T12:26:12+00:00,ibm:ibm:qpu:miami,ONLINE,
2026-09-16T12:26:12+00:00,rigetti:rigetti:qpu:cepheus-1-108q,ONLINE,
2026-09-16T12:26:12+00:00,aws:rigetti:qpu:cepheus-1-108q,ONLINE,
2026-09-16T12:26:12+00:00,openquantum:aqt:qpu:ibex-q1,ONLINE,
2026-09-16T12:26:12+00:00,openquantum:ionq:qpu:forte-1,ONLINE,
2026-09-16T12:26:12+00:00,openquantum:ionq:qpu:forte-enterprise,ONLINE,
2026-09-16T12:26:12+00:00,openquantum:iqm:qpu:emerald,ONLINE,
2026-09-16T12:26:12+00:00,openquantum:iqm:qpu:garnet,ONLINE,
2026-09-16T12:26:12+00:00,openquantum:rigetti:qpu:cepheus-1-108q,ONLINE,
2026-09-16T17:17:09+00:00,aws:aqt:qpu:ibex-q1,UNAVAILABLE,
2026-09-16T17:17:09+00:00,aws:quera:qpu:aquila,UNAVAILABLE,
2026-09-16T17:17:09+00:00,ibm:ibm:qpu:marrakesh,ONLINE,
2026-09-16T17:17:09+00:00,ibm:ibm:qpu:pittsburgh,ONLINE,
2026-09-16T17:17:09+00:00,azure:pasqal:qpu:fresnel,OFFLINE,
2026-09-16T17:17:09+00:00,aws:iqm:qpu:emerald,ONLINE,
2026-09-16T17:17:09+00:00,azure:ionq:qpu:forte-1,OFFLINE,
2026-09-16T17:17:09+00:00,ibm:ibm:qpu:kingston,ONLINE,
2026-09-16T17:17:09+00:00,aws:ionq:qpu:forte-1,OFFLINE,
2026-09-16T17:17:09+00:00,aws:ionq:qpu:forte-enterprise-1,ONLINE,
2026-09-16T17:17:09+00:00,ionq:ionq:qpu:forte-1,UNAVAILABLE,
2026-09-16T17:17:09+00:00,ibm:ibm:qpu:fez,ONLINE,
2026-09-16T17:17:09+00:00,aws:iqm:qpu:garnet,ONLINE,
2026-09-16T17:17:09+00:00,azure:rigetti:qpu:cepheus-1-36q,OFFLINE,
2026-09-16T17:17:09+00:00,azure:ionq:qpu:forte-enterprise-1,OFFLINE,
2026-09-16T17:17:09+00:00,ibm:ibm:qpu:boston,ONLINE,
2026-09-16T17:17:09+00:00,ibm:ibm:qpu:miami,ONLINE,
2026-09-16T17:17:09+00:00,rigetti:rigetti:qpu:cepheus-1-108q,ONLINE,
2026-09-16T17:17:09+00:00,aws:rigetti:qpu:cepheus-1-108q,ONLINE,
2026-09-16T17:17:09+00:00,openquantum:aqt:qpu:ibex-q1,ONLINE,
2026-09-16T17:17:09+00:00,openquantum:ionq:qpu:forte-1,ONLINE,
2026-09-16T17:17:09+00:00,openquantum:ionq:qpu:forte-enterprise,ONLINE,
2026-09-16T17:17:09+00:00,openquantum:iqm:qpu:emerald,ONLINE,
2026-09-16T17:17:09+00:00,openquantum:iqm:qpu:garnet,ONLINE,
2026-09-16T17:17:09+00:00,openquantum:rigetti:qpu:cepheus-1-108q,ONLINE,
2026-09-16T20:25:45+00:00,aws:aqt:qpu:ibex-q1,UNAVAILABLE,
2026-09-16T20:25:45+00:00,aws:quera:qpu:aquila,UNAVAILABLE,
2026-09-16T20:25:45+00:00,ibm:ibm:qpu:marrakesh,ONLINE,
2026-09-16T20:25:45+00:00,ibm:ibm:qpu:pittsburgh,ONLINE,
2026-09-16T20:25:45+00:00,azure:pasqal:qpu:fresnel,OFFLINE,
2026-09-16T20:25:45+00:00,aws:iqm:qpu:emerald,ONLINE,
2026-09-16T20:25:45+00:00,azure:ionq:qpu:forte-1,OFFLINE,
2026-09-16T20:25:45+00:00,ibm:ibm:qpu:kingston,ONLINE,
2026-09-16T20:25:45+00:00,aws:ionq:qpu:forte-1,OFFLINE,
2026-09-16T20:25:45+00:00,aws:ionq:qpu:forte-enterprise-1,ONLINE,
2026-09-16T20:25:45+00:00,ionq:ionq:qpu:forte-1,UNAVAILABLE,
2026-09-16T20:25:45+00:00,ibm:ibm:qpu:fez,ONLINE,
2026-09-16T20:25:45+00:00,aws:iqm:qpu:garnet,ONLINE,
2026-09-16T20:25:45+00:00,azure:rigetti:qpu:cepheus-1-36q,OFFLINE,
2026-09-16T20:25:45+00:00,azure:ionq:qpu:forte-enterprise-1,OFFLINE,
2026-09-16T20:25:45+00:00,ibm:ibm:qpu:boston,ONLINE,
2026-09-16T20:25:45+00:00,ibm:ibm:qpu:miami,ONLINE,
2026-09-16T20:25:45+00:00,rigetti:rigetti:qpu:cepheus-1-108q,ONLINE,
2026-09-16T20:25:45+00:00,aws:rigetti:qpu:cepheus-1-108q,UNAVAILABLE,
2026-09-16T20:25:45+00:00,openquantum:aqt:qpu:ibex-q1,ONLINE,
2026-09-16T20:25:45+00:00,openquantum:ionq:qpu:forte-1,ONLINE,
2026-09-16T20:25:45+00:00,openquantum:ionq:qpu:forte-enterprise,ONLINE,
2026-09-16T20:25:45+00:00,openquantum:iqm:qpu:emerald,ONLINE,
2026-09-16T20:25:45+00:00,openquantum:iqm:qpu:garnet,ONLINE,
2026-09-16T20:25:45+00:00,openquantum:rigetti:qpu:cepheus-1-108q,ONLINE,
2026-09-16T23:15:10+00:00,aws:aqt:qpu:ibex-q1,UNAVAILABLE,
2026-09-16T23:15:10+00:00,aws:quera:qpu:aquila,UNAVAILABLE,
2026-09-16T23:15:10+00:00,ibm:ibm:qpu:marrakesh,ONLINE,
2026-09-16T23:15:10+00:00,ibm:ibm:qpu:pittsburgh,ONLINE,
2026-09-16T23:15:10+00:00,azure:pasqal:qpu:fresnel,OFFLINE,
2026-09-16T23:15:10+00:00,aws:iqm:qpu:emerald,ONLINE,
2026-09-16T23:15:10+00:00,azure:ionq:qpu:forte-1,OFFLINE,
2026-09-16T23:15:10+00:00,ibm:ibm:qpu:kingston,ONLINE,
2026-09-16T23:15:10+00:00,aws:ionq:qpu:forte-1,OFFLINE,
2026-09-16T23:15:10+00:00,aws:ionq:qpu:forte-enterprise-1,ONLINE,
2026-09-16T23:15:10+00:00,ionq:ionq:qpu:forte-1,UNAVAILABLE,
2026-09-16T23:15:10+00:00,ibm:ibm:qpu:fez,ONLINE,
2026-09-16T23:15:10+00:00,aws:iqm:qpu:garnet,ONLINE,
2026-09-16T23:15:10+00:00,azure:rigetti:qpu:cepheus-1-36q,OFFLINE,
2026-09-16T23:15:10+00:00,azure:ionq:qpu:forte-enterprise-1,OFFLINE,
2026-09-16T23:15:10+00:00,ibm:ibm:qpu:boston,ONLINE,
2026-09-16T23:15:10+00:00,ibm:ibm:qpu:miami,ONLINE,
2026-09-16T23:15:10+00:00,rigetti:rigetti:qpu:cepheus-1-108q,ONLINE,
2026-09-16T23:15:10+00:00,aws:rigetti:qpu:cepheus-1-108q,ONLINE,
2026-09-16T23:15:10+00:00,openquantum:aqt:qpu:ibex-q1,ONLINE,
2026-09-16T23:15:10+00:00,openquantum:ionq:qpu:forte-1,ONLINE,
2026-09-16T23:15:10+00:00,openquantum:ionq:qpu:forte-enterprise,ONLINE,
2026-09-16T23:15:10+00:00,openquantum:iqm:qpu:emerald,ONLINE,
2026-09-16T23:15:10+00:00,openquantum:iqm:qpu:garnet,ONLINE,
2026-09-16T23:15:10+00:00,openquantum:rigetti:qpu:cepheus-1-108q,ONLINE,
2026-09-17T01:42:39+00:00,aws:aqt:qpu:ibex-q1,UNAVAILABLE,
2026-09-17T01:42:39+00:00,aws:quera:qpu:aquila,UNAVAILABLE,
2026-09-17T01:42:39+00:00,ibm:ibm:qpu:marrakesh,ONLINE,
2026-09-17T01:42:39+00:00,ibm:ibm:qpu:pittsburgh,ONLINE,
2026-09-17T01:42:39+00:00,azure:pasqal:qpu:fresnel,OFFLINE,
2026-09-17T01:42:39+00:00,aws:iqm:qpu:emerald,ONLINE,
2026-09-17T01:42:39+00:00,azure:ionq:qpu:forte-1,OFFLINE,
2026-09-17T01:42:39+00:00,ibm:ibm:qpu:kingston,ONLINE,
2026-09-17T01:42:39+00:00,aws:ionq:qpu:forte-1,OFFLINE,
2026-09-17T01:42:39+00:00,aws:ionq:qpu:forte-enterprise-1,ONLINE,
2026-09-17T01:42:39+00:00,ionq:ionq:qpu:forte-1,UNAVAILABLE,
2026-09-17T01:42:39+00:00,ibm:ibm:qpu:fez,ONLINE,
2026-09-17T01:42:39+00:00,aws:iqm:qpu:garnet,UNAVAILABLE,
2026-09-17T01:42:39+00:00,azure:rigetti:qpu:cepheus-1-36q,OFFLINE,
2026-09-17T01:42:39+00:00,azure:ionq:qpu:forte-enterprise-1,OFFLINE,
2026-09-17T01:42:39+00:00,ibm:ibm:qpu:boston,ONLINE,
2026-09-17T01:42:39+00:00,ibm:ibm:qpu:miami,ONLINE,
2026-09-17T01:42:39+00:00,rigetti:rigetti:qpu:cepheus-1-108q,ONLINE,
2026-09-17T01:42:39+00:00,aws:rigetti:qpu:cepheus-1-108q,ONLINE,
2026-09-17T01:42:39+00:00,openquantum:aqt:qpu:ibex-q1,ONLINE,
2026-09-17T01:42:39+00:00,openquantum:ionq:qpu:forte-1,ONLINE,
2026-09-17T01:42:39+00:00,openquantum:ionq:qpu:forte-enterprise,ONLINE,
2026-09-17T01:42:39+00:00,openquantum:iqm:qpu:emerald,ONLINE,
2026-09-17T01:42:39+00:00,openquantum:iqm:qpu:garnet,ONLINE,
2026-09-17T01:42:39+00:00,openquantum:rigetti:qpu:cepheus-1-108q,ONLINE,
2026-09-17T06:41:41+00:00,aws:aqt:qpu:ibex-q1,UNAVAILABLE,
2026-09-17T06:41:41+00:00,aws:quera:qpu:aquila,UNAVAILABLE,
2026-09-17T06:41:41+00:00,ibm:ibm:qpu:marrakesh,ONLINE,
2026-09-17T06:41:41+00:00,ibm:ibm:qpu:pittsburgh,ONLINE,
2026-09-17T06:41:41+00:00,azure:pasqal:qpu:fresnel,OFFLINE,
2026-09-17T06:41:41+00:00,aws:iqm:qpu:emerald,UNAVAILABLE,
2026-09-17T06:41:41+00:00,azure:ionq:qpu:forte-1,OFFLINE,
2026-09-17T06:41:41+00:00,ibm:ibm:qpu:kingston,ONLINE,
2026-09-17T06:41:41+00:00,aws:ionq:qpu:forte-1,OFFLINE,
2026-09-17T06:41:41+00:00,aws:ionq:qpu:forte-enterprise-1,ONLINE,
2026-09-17T06:41:41+00:00,ionq:ionq:qpu:forte-1,UNAVAILABLE,
2026-09-17T06:41:41+00:00,ibm:ibm:qpu:fez,ONLINE,
2026-09-17T06:41:41+00:00,aws:iqm:qpu:garnet,ONLINE,
2026-09-17T06:41:41+00:00,azure:rigetti:qpu:cepheus-1-36q,OFFLINE,
2026-09-17T06:41:41+00:00,azure:ionq:qpu:forte-enterprise-1,OFFLINE,
2026-09-17T06:41:41+00:00,ibm:ibm:qpu:boston,ONLINE,
2026-09-17T06:41:41+00:00,ibm:ibm:qpu:miami,ONLINE,
2026-09-17T06:41:41+00:00,rigetti:rigetti:qpu:cepheus-1-108q,ONLINE,
2026-09-17T06:41:41+00:00,aws:rigetti:qpu:cepheus-1-108q,ONLINE,
2026-09-17T06:41:41+00:00,openquantum:aqt:qpu:ibex-q1,ONLINE,
2026-09-17T06:41:41+00:00,openquantum:ionq:qpu:forte-1,ONLINE,
2026-09-17T06:41:41+00:00,openquantum:ionq:qpu:forte-enterprise,ONLINE,
2026-09-17T06:41:41+00:00,openquantum:iqm:qpu:emerald,ONLINE,
2026-09-17T06:41:41+00:00,openquantum:iqm:qpu:garnet,ONLINE,
2026-09-17T06:41:41+00:00,openquantum:rigetti:qpu:cepheus-1-108q,ONLINE,
2026-09-17T12:08:14+00:00,aws:aqt:qpu:ibex-q1,UNAVAILABLE,
2026-09-17T12:08:14+00:00,aws:quera:qpu:aquila,UNAVAILABLE,
2026-09-17T12:08:14+00:00,ibm:ibm:qpu:marrakesh,ONLINE,
2026-09-17T12:08:14+00:00,ibm:ibm:qpu:pittsburgh,ONLINE,
2026-09-17T12:08:14+00:00,azure:pasqal:qpu:fresnel,OFFLINE,
2026-09-17T12:08:14+00:00,aws:iqm:qpu:emerald,ONLINE,
2026-09-17T12:08:14+00:00,azure:ionq:qpu:forte-1,OFFLINE,
2026-09-17T12:08:14+00:00,ibm:ibm:qpu:kingston,ONLINE,
2026-09-17T12:08:14+00:00,aws:ionq:qpu:forte-1,OFFLINE,
2026-09-17T12:08:14+00:00,aws:ionq:qpu:forte-enterprise-1,UNAVAILABLE,
2026-09-17T12:08:14+00:00,ionq:ionq:qpu:forte-1,UNAVAILABLE,
2026-09-17T12:08:14+00:00,ibm:ibm:qpu:fez,ONLINE,
2026-09-17T12:08:14+00:00,aws:iqm:qpu:garnet,ONLINE,
2026-09-17T12:08:14+00:00,azure:rigetti:qpu:cepheus-1-36q,OFFLINE,
2026-09-17T12:08:14+00:00,azure:ionq:qpu:forte-enterprise-1,OFFLINE,
2026-09-17T12:08:14+00:00,ibm:ibm:qpu:boston,ONLINE,
2026-09-17T12:08:14+00:00,ibm:ibm:qpu:miami,ONLINE,
2026-09-17T12:08:14+00:00,rigetti:rigetti:qpu:cepheus-1-108q,ONLINE,
2026-09-17T12:08:14+00:00,aws:rigetti:qpu:cepheus-1-108q,ONLINE,
2026-09-17T12:08:14+00:00,openquantum:aqt:qpu:ibex-q1,ONLINE,
2026-09-17T12:08:14+00:00,openquantum:ionq:qpu:forte-1,ONLINE,
2026-09-17T12:08:14+00:00,openquantum:ionq:qpu:forte-enterprise,ONLINE,
2026-09-17T12:08:14+00:00,openquantum:iqm:qpu:emerald,ONLINE,
2026-09-17T12:08:14+00:00,openquantum:iqm:qpu:garnet,ONLINE,
2026-09-17T12:08:14+00:00,openquantum:rigetti:qpu:cepheus-1-108q,ONLINE,
2026-09-17T17:16:24+00:00,aws:aqt:qpu:ibex-q1,UNAVAILABLE,
2026-09-17T17:16:24+00:00,aws:quera:qpu:aquila,UNAVAILABLE,
2026-09-17T17:16:24+00:00,ibm:ibm:qpu:marrakesh,ONLINE,
2026-09-17T17:16:24+00:00,ibm:ibm:qpu:pittsburgh,ONLINE,
2026-09-17T17:16:24+00:00,azure:pasqal:qpu:fresnel,OFFLINE,
2026-09-17T17:16:24+00:00,aws:iqm:qpu:emerald,ONLINE,
2026-09-17T17:16:24+00:00,azure:ionq:qpu:forte-1,OFFLINE,
2026-09-17T17:16:24+00:00,ibm:ibm:qpu:kingston,ONLINE,
2026-09-17T17:16:24+00:00,aws:ionq:qpu:forte-1,OFFLINE,
2026-09-17T17:16:24+00:00,aws:ionq:qpu:forte-enterprise-1,ONLINE,
2026-09-17T17:16:24+00:00,ionq:ionq:qpu:forte-1,UNAVAILABLE,
2026-09-17T17:16:24+00:00,ibm:ibm:qpu:fez,ONLINE,
2026-09-17T17:16:24+00:00,aws:iqm:qpu:garnet,ONLINE,
2026-09-17T17:16:24+00:00,azure:rigetti:qpu:cepheus-1-36q,OFFLINE,
2026-09-17T17:16:24+00:00,azure:ionq:qpu:forte-enterprise-1,OFFLINE,
2026-09-17T17:16:24+00:00,ibm:ibm:qpu:boston,ONLINE,
2026-09-17T17:16:24+00:00,ibm:ibm:qpu:miami,ONLINE,
2026-09-17T17:16:24+00:00,rigetti:rigetti:qpu:cepheus-1-108q,ONLINE,
2026-09-17T17:16:24+00:00,aws:rigetti:qpu:cepheus-1-108q,ONLINE,
2026-09-17T17:16:24+00:00,openquantum:aqt:qpu:ibex-q1,ONLINE,
2026-09-17T17:16:24+00:00,openquantum:ionq:qpu:forte-1,ONLINE,
2026-09-17T17:16:24+00:00,openquantum:ionq:qpu:forte-enterprise,ONLINE,
2026-09-17T17:16:24+00:00,openquantum:iqm:qpu:emerald,ONLINE,
2026-09-17T17:16:24+00:00,openquantum:iqm:qpu:garnet,ONLINE,
2026-09-17T17:16:24+00:00,openquantum:rigetti:qpu:cepheus-1-108q,ONLINE,
2026-09-17T20:33:53+00:00,aws:aqt:qpu:ibex-q1,UNAVAILABLE,
2026-09-17T20:33:53+00:00,aws:quera:qpu:aquila,UNAVAILABLE,
2026-09-17T20:33:53+00:00,ibm:ibm:qpu:marrakesh,ONLINE,
2026-09-17T20:33:53+00:00,ibm:ibm:qpu:pittsburgh,ONLINE,
2026-09-17T20:33:53+00:00,azure:pasqal:qpu:fresnel,OFFLINE,
2026-09-17T20:33:53+00:00,aws:iqm:qpu:emerald,ONLINE,
2026-09-17T20:33:53+00:00,azure:ionq:qpu:forte-1,OFFLINE,
2026-09-17T20:33:53+00:00,ibm:ibm:qpu:kingston,ONLINE,
2026-09-17T20:33:53+00:00,aws:ionq:qpu:forte-1,OFFLINE,
2026-09-17T20:33:53+00:00,aws:ionq:qpu:forte-enterprise-1,ONLINE,
2026-09-17T20:33:53+00:00,ionq:ionq:qpu:forte-1,UNAVAILABLE,
2026-09-17T20:33:53+00:00,ibm:ibm:qpu:fez,ONLINE,
2026-09-17T20:33:53+00:00,aws:iqm:qpu:garnet,ONLINE,
2026-09-17T20:33:53+00:00,azure:rigetti:qpu:cepheus-1-36q,OFFLINE,
2026-09-17T20:33:53+00:00,azure:ionq:qpu:forte-enterprise-1,OFFLINE,
2026-09-17T20:33:53+00:00,ibm:ibm:qpu:boston,ONLINE,
2026-09-17T20:33:53+00:00,ibm:ibm:qpu:miami,ONLINE,
2026-09-17T20:33:53+00:00,rigetti:rigetti:qpu:cepheus-1-108q,ONLINE,
2026-09-17T20:33:53+00:00,aws:rigetti:qpu:cepheus-1-108q,UNAVAILABLE,
2026-09-17T20:33:53+00:00,openquantum:aqt:qpu:ibex-q1,ONLINE,
2026-09-17T20:33:53+00:00,openquantum:ionq:qpu:forte-1,ONLINE,
2026-09-17T20:33:53+00:00,openquantum:ionq:qpu:forte-enterprise,ONLINE,
2026-09-17T20:33:53+00:00,openquantum:iqm:qpu:emerald,ONLINE,
2026-09-17T20:33:53+00:00,openquantum:iqm:qpu:garnet,ONLINE,
2026-09-17T20:33:53+00:00,openquantum:rigetti:qpu:cepheus-1-108q,ONLINE,
2026-09-17T23:06:35+00:00,aws:aqt:qpu:ibex-q1,UNAVAILABLE,
2026-09-17T23:06:35+00:00,aws:quera:qpu:aquila,UNAVAILABLE,
2026-09-17T23:06:35+00:00,ibm:ibm:qpu:marrakesh,ONLINE,
2026-09-17T23:06:35+00:00,ibm:ibm:qpu:pittsburgh,ONLINE,
2026-09-17T23:06:35+00:00,azure:pasqal:qpu:fresnel,OFFLINE,
2026-09-17T23:06:35+00:00,aws:iqm:qpu:emerald,ONLINE,
2026-09-17T23:06:35+00:00,azure:ionq:qpu:forte-1,OFFLINE,
2026-09-17T23:06:35+00:00,ibm:ibm:qpu:kingston,ONLINE,
2026-09-17T23:06:35+00:00,aws:ionq:qpu:forte-1,OFFLINE,
2026-09-17T23:06:35+00:00,aws:ionq:qpu:forte-enterprise-1,ONLINE,
2026-09-17T23:06:35+00:00,ionq:ionq:qpu:forte-1,UNAVAILABLE,
2026-09-17T23:06:35+00:00,ibm:ibm:qpu:fez,ONLINE,
2026-09-17T23:06:35+00:00,aws:iqm:qpu:garnet,ONLINE,
2026-09-17T23:06:35+00:00,azure:rigetti:qpu:cepheus-1-36q,OFFLINE,
2026-09-17T23:06:35+00:00,azure:ionq:qpu:forte-enterprise-1,OFFLINE,
2026-09-17T23:06:35+00:00,ibm:ibm:qpu:boston,ONLINE,
2026-09-17T23:06:35+00:00,ibm:ibm:qpu:miami,ONLINE,
2026-09-17T23:06:35+00:00,rigetti:rigetti:qpu:cepheus-1-108q,ONLINE,
2026-09-17T23:06:35+00:00,aws:rigetti:qpu:cepheus-1-108q,ONLINE,
2026-09-17T23:06:35+00:00,openquantum:aqt:qpu:ibex-q1,ONLINE,
2026-09-17T23:06:35+00:00,openquantum:ionq:qpu:forte-1,ONLINE,
2026-09-17T23:06:35+00:00,openquantum:ionq:qpu:forte-enterprise,ONLINE,
2026-09-17T23:06:35+00:00,openquantum:iqm:qpu:emerald,ONLINE,
2026-09-17T23:06:35+00:00,openquantum:iqm:qpu:garnet,ONLINE,
2026-09-17T23:06:35+00:00,openquantum:rigetti:qpu:cepheus-1-108q,ONLINE,
2026-09-18T01:31:25+00:00,aws:aqt:qpu:ibex-q1,UNAVAILABLE,
2026-09-18T01:31:25+00:00,aws:quera:qpu:aquila,UNAVAILABLE,
2026-09-18T01:31:25+00:00,ibm:ibm:qpu:marrakesh,ONLINE,
2026-09-18T01:31:25+00:00,ibm:ibm:qpu:pittsburgh,ONLINE,
2026-09-18T01:31:25+00:00,azure:pasqal:qpu:fresnel,OFFLINE,
2026-09-18T01:31:25+00:00,aws:iqm:qpu:emerald,ONLINE,
2026-09-18T01:31:25+00:00,azure:ionq:qpu:forte-1,OFFLINE,
2026-09-18T01:31:25+00:00,ibm:ibm:qpu:kingston,ONLINE,
2026-09-18T01:31:25+00:00,aws:ionq:qpu:forte-1,OFFLINE,
2026-09-18T01:31:25+00:00,aws:ionq:qpu:forte-enterprise-1,ONLINE,
2026-09-18T01:31:25+00:00,ionq:ionq:qpu:forte-1,UNAVAILABLE,
2026-09-18T01:31:25+00:00,ibm:ibm:qpu:fez,ONLINE,
2026-09-18T01:31:25+00:00,aws:iqm:qpu:garnet,UNAVAILABLE,
2026-09-18T01:31:25+00:00,azure:rigetti:qpu:cepheus-1-36q,OFFLINE,
2026-09-18T01:31:25+00:00,azure:ionq:qpu:forte-enterprise-1,OFFLINE,
2026-09-18T01:31:25+00:00,ibm:ibm:qpu:boston,ONLINE,
2026-09-18T01:31:25+00:00,ibm:ibm:qpu:miami,ONLINE,
2026-09-18T01:31:25+00:00,rigetti:rigetti:qpu:cepheus-1-108q,ONLINE,
2026-09-18T01:31:25+00:00,aws:rigetti:qpu:cepheus-1-108q,ONLINE,
2026-09-18T01:31:25+00:00,openquantum:aqt:qpu:ibex-q1,ONLINE,
2026-09-18T01:31:25+00:00,openquantum:ionq:qpu:forte-1,ONLINE,
2026-09-18T01:31:25+00:00,openquantum:ionq:qpu:forte-enterprise,ONLINE,
2026-09-18T01:31:25+00:00,openquantum:iqm:qpu:emerald,ONLINE,
2026-09-18T01:31:25+00:00,openquantum:iqm:qpu:garnet,ONLINE,
2026-09-18T01:31:25+00:00,openquantum:rigetti:qpu:cepheus-1-108q,ONLINE,
2026-09-18T06:40:48+00:00,aws:aqt:qpu:ibex-q1,UNAVAILABLE,
2026-09-18T06:40:48+00:00,aws:quera:qpu:aquila,ONLINE,
2026-09-18T06:40:48+00:00,ibm:ibm:qpu:marrakesh,UNAVAILABLE,
2026-09-18T06:40:48+00:00,ibm:ibm:qpu:pittsburgh,ONLINE,
2026-09-18T06:40:48+00:00,azure:pasqal:qpu:fresnel,OFFLINE,
2026-09-18T06:40:48+00:00,aws:iqm:qpu:emerald,UNAVAILABLE,
2026-09-18T06:40:48+00:00,azure:ionq:qpu:forte-1,OFFLINE,
2026-09-18T06:40:48+00:00,ibm:ibm:qpu:kingston,ONLINE,
2026-09-18T06:40:48+00:00,aws:ionq:qpu:forte-1,OFFLINE,
2026-09-18T06:40:48+00:00,aws:ionq:qpu:forte-enterprise-1,ONLINE,
2026-09-18T06:40:48+00:00,ionq:ionq:qpu:forte-1,UNAVAILABLE,
2026-09-18T06:40:48+00:00,ibm:ibm:qpu:fez,ONLINE,
2026-09-18T06:40:48+00:00,aws:iqm:qpu:garnet,ONLINE,
2026-09-18T06:40:48+00:00,azure:rigetti:qpu:cepheus-1-36q,OFFLINE,
2026-09-18T06:40:48+00:00,azure:ionq:qpu:forte-enterprise-1,OFFLINE,
2026-09-18T06:40:48+00:00,ibm:ibm:qpu:boston,ONLINE,
2026-09-18T06:40:48+00:00,ibm:ibm:qpu:miami,ONLINE,
2026-09-18T06:40:48+00:00,rigetti:rigetti:qpu:cepheus-1-108q,ONLINE,
2026-09-18T06:40:48+00:00,aws:rigetti:qpu:cepheus-1-108q,ONLINE,
2026-09-18T06:40:48+00:00,openquantum:aqt:qpu:ibex-q1,ONLINE,
2026-09-18T06:40:48+00:00,openquantum:ionq:qpu:forte-1,ONLINE,
2026-09-18T06:40:48+00:00,openquantum:ionq:qpu:forte-enterprise,ONLINE,
2026-09-18T06:40:48+00:00,openquantum:iqm:qpu:emerald,ONLINE,
2026-09-18T06:40:48+00:00,openquantum:iqm:qpu:garnet,ONLINE,
2026-09-18T06:40:48+00:00,openquantum:rigetti:qpu:cepheus-1-108q,ONLINE,
2026-09-18T11:50:57+00:00,aws:aqt:qpu:ibex-q1,ONLINE,
2026-09-18T11:50:57+00:00,aws:quera:qpu:aquila,ONLINE,
2026-09-18T11:50:57+00:00,ibm:ibm:qpu:marrakesh,ONLINE,
2026-09-18T11:50:57+00:00,ibm:ibm:qpu:pittsburgh,ONLINE,
2026-09-18T11:50:57+00:00,azure:pasqal:qpu:fresnel,OFFLINE,
2026-09-18T11:50:57+00:00,aws:iqm:qpu:emerald,ONLINE,
2026-09-18T11:50:57+00:00,azure:ionq:qpu:forte-1,OFFLINE,
2026-09-18T11:50:57+00:00,ibm:ibm:qpu:kingston,ONLINE,
2026-09-18T11:50:57+00:00,aws:ionq:qpu:forte-1,OFFLINE,
2026-09-18T11:50:57+00:00,aws:ionq:qpu:forte-enterprise-1,ONLINE,
2026-09-18T11:50:57+00:00,ionq:ionq:qpu:forte-1,UNAVAILABLE,
2026-09-18T11:50:57+00:00,ibm:ibm:qpu:fez,ONLINE,
2026-09-18T11:50:57+00:00,aws:iqm:qpu:garnet,ONLINE,
2026-09-18T11:50:57+00:00,azure:rigetti:qpu:cepheus-1-36q,OFFLINE,
2026-09-18T11:50:57+00:00,azure:ionq:qpu:forte-enterprise-1,OFFLINE,
2026-09-18T11:50:57+00:00,ibm:ibm:qpu:boston,ONLINE,
2026-09-18T11:50:57+00:00,ibm:ibm:qpu:miami,ONLINE,
2026-09-18T11:50:57+00:00,rigetti:rigetti:qpu:cepheus-1-108q,ONLINE,
2026-09-18T11:50:57+00:00,aws:rigetti:qpu:cepheus-1-108q,ONLINE,
2026-09-18T11:50:57+00:00,openquantum:aqt:qpu:ibex-q1,ONLINE,
2026-09-18T11:50:57+00:00,openquantum:ionq:qpu:forte-1,ONLINE,
2026-09-18T11:50:57+00:00,openquantum:ionq:qpu:forte-enterprise,ONLINE,
2026-09-18T11:50:57+00:00,openquantum:iqm:qpu:emerald,ONLINE,
2026-09-18T11:50:57+00:00,openquantum:iqm:qpu:garnet,ONLINE,
2026-09-18T11:50:57+00:00,openquantum:rigetti:qpu:cepheus-1-108q,ONLINE,
2026-09-18T15:54:48+00:00,aws:aqt:qpu:ibex-q1,UNAVAILABLE,
2026-09-18T15:54:48+00:00,aws:quera:qpu:aquila,ONLINE,
2026-09-18T15:54:48+00:00,ibm:ibm:qpu:marrakesh,ONLINE,
2026-09-18T15:54:48+00:00,ibm:ibm:qpu:pittsburgh,ONLINE,
2026-09-18T15:54:48+00:00,azure:pasqal:qpu:fresnel,OFFLINE,
2026-09-18T15:54:48+00:00,aws:iqm:qpu:emerald,ONLINE,
2026-09-18T15:54:48+00:00,azure:ionq:qpu:forte-1,OFFLINE,
2026-09-18T15:54:48+00:00,ibm:ibm:qpu:kingston,ONLINE,
2026-09-18T15:54:48+00:00,aws:ionq:qpu:forte-1,OFFLINE,
2026-09-18T15:54:48+00:00,aws:ionq:qpu:forte-enterprise-1,ONLINE,
2026-09-18T15:54:48+00:00,ionq:ionq:qpu:forte-1,UNAVAILABLE,
2026-09-18T15:54:48+00:00,ibm:ibm:qpu:fez,ONLINE,
2026-09-18T15:54:48+00:00,aws:iqm:qpu:garnet,UNAVAILABLE,
2026-09-18T15:54:48+00:00,azure:rigetti:qpu:cepheus-1-36q,OFFLINE,
2026-09-18T15:54:48+00:00,azure:ionq:qpu:forte-enterprise-1,OFFLINE,
2026-09-18T15:54:48+00:00,ibm:ibm:qpu:boston,ONLINE,
2026-09-18T15:54:48+00:00,ibm:ibm:qpu:miami,ONLINE,
2026-09-18T15:54:48+00:00,rigetti:rigetti:qpu:cepheus-1-108q,ONLINE,
2026-09-18T15:54:48+00:00,aws:rigetti:qpu:cepheus-1-108q,ONLINE,
2026-09-18T15:54:48+00:00,openquantum:aqt:qpu:ibex-q1,ONLINE,
2026-09-18T15:54:48+00:00,openquantum:ionq:qpu:forte-1,ONLINE,
2026-09-18T15:54:48+00:00,openquantum:ionq:qpu:forte-enterprise,ONLINE,
2026-09-18T15:54:48+00:00,openquantum:iqm:qpu:emerald,ONLINE,
2026-09-18T15:54:48+00:00,openquantum:iqm:qpu:garnet,ONLINE,
2026-09-18T15:54:48+00:00,openquantum:rigetti:qpu:cepheus-1-108q,ONLINE,
2026-09-18T18:54:04+00:00,aws:aqt:qpu:ibex-q1,UNAVAILABLE,
2026-09-18T18:54:04+00:00,aws:quera:qpu:aquila,ONLINE,
2026-09-18T18:54:04+00:00,ibm:ibm:qpu:marrakesh,ONLINE,
2026-09-18T18:54:04+00:00,ibm:ibm:qpu:pittsburgh,ONLINE,
2026-09-18T18:54:04+00:00,azure:pasqal:qpu:fresnel,OFFLINE,
2026-09-18T18:54:04+00:00,aws:iqm:qpu:emerald,ONLINE,
2026-09-18T18:54:04+00:00,azure:ionq:qpu:forte-1,OFFLINE,
2026-09-18T18:54:04+00:00,ibm:ibm:qpu:kingston,ONLINE,
2026-09-18T18:54:04+00:00,aws:ionq:qpu:forte-1,OFFLINE,
2026-09-18T18:54:04+00:00,aws:ionq:qpu:forte-enterprise-1,ONLINE,
2026-09-18T18:54:04+00:00,ionq:ionq:qpu:forte-1,UNAVAILABLE,
2026-09-18T18:54:04+00:00,ibm:ibm:qpu:fez,ONLINE,
2026-09-18T18:54:04+00:00,aws:iqm:qpu:garnet,ONLINE,
2026-09-18T18:54:04+00:00,azure:rigetti:qpu:cepheus-1-36q,OFFLINE,
2026-09-18T18:54:04+00:00,azure:ionq:qpu:forte-enterprise-1,OFFLINE,
2026-09-18T18:54:04+00:00,ibm:ibm:qpu:boston,ONLINE,
2026-09-18T18:54:04+00:00,ibm:ibm:qpu:miami,ONLINE,
2026-09-18T18:54:04+00:00,rigetti:rigetti:qpu:cepheus-1-108q,ONLINE,
2026-09-18T18:54:04+00:00,aws:rigetti:qpu:cepheus-1-108q,ONLINE,
2026-09-18T18:54:04+00:00,openquantum:aqt:qpu:ibex-q1,ONLINE,
2026-09-18T18:54:04+00:00,openquantum:ionq:qpu:forte-1,ONLINE,
2026-09-18T18:54:04+00:00,openquantum:ionq:qpu:forte-enterprise,ONLINE,
2026-09-18T18:54:04+00:00,openquantum:iqm:qpu:emerald,ONLINE,
2026-09-18T18:54:04+00:00,openquantum:iqm:qpu:garnet,ONLINE,
2026-09-18T18:54:04+00:00,openquantum:rigetti:qpu:cepheus-1-108q,ONLINE,
2026-09-18T21:26:10+00:00,aws:aqt:qpu:ibex-q1,UNAVAILABLE,
2026-09-18T21:26:10+00:00,aws:quera:qpu:aquila,ONLINE,
2026-09-18T21:26:10+00:00,ibm:ibm:qpu:marrakesh,ONLINE,
2026-09-18T21:26:10+00:00,ibm:ibm:qpu:pittsburgh,ONLINE,
2026-09-18T21:26:10+00:00,azure:pasqal:qpu:fresnel,OFFLINE,
2026-09-18T21:26:10+00:00,aws:iqm:qpu:emerald,ONLINE,
2026-09-18T21:26:10+00:00,azure:ionq:qpu:forte-1,OFFLINE,
2026-09-18T21:26:10+00:00,ibm:ibm:qpu:kingston,ONLINE,
2026-09-18T21:26:10+00:00,aws:ionq:qpu:forte-1,OFFLINE,
2026-09-18T21:26:10+00:00,aws:ionq:qpu:forte-enterprise-1,ONLINE,
2026-09-18T21:26:10+00:00,ionq:ionq:qpu:forte-1,UNAVAILABLE,
2026-09-18T21:26:10+00:00,ibm:ibm:qpu:fez,ONLINE,
2026-09-18T21:26:10+00:00,aws:iqm:qpu:garnet,ONLINE,
2026-09-18T21:26:10+00:00,azure:rigetti:qpu:cepheus-1-36q,OFFLINE,
2026-09-18T21:26:10+00:00,azure:ionq:qpu:forte-enterprise-1,OFFLINE,
2026-09-18T21:26:10+00:00,ibm:ibm:qpu:boston,ONLINE,
2026-09-18T21:26:10+00:00,ibm:ibm:qpu:miami,ONLINE,
2026-09-18T21:26:10+00:00,rigetti:rigetti:qpu:cepheus-1-108q,ONLINE,
2026-09-18T21:26:10+00:00,aws:rigetti:qpu:cepheus-1-108q,ONLINE,
2026-09-18T21:26:10+00:00,openquantum:aqt:qpu:ibex-q1,ONLINE,
2026-09-18T21:26:10+00:00,openquantum:ionq:qpu:forte-1,ONLINE,
2026-09-18T21:26:10+00:00,openquantum:ionq:qpu:forte-enterprise,ONLINE,
2026-09-18T21:26:10+00:00,openquantum:iqm:qpu:emerald,ONLINE,
2026-09-18T21:26:10+00:00,openquantum:iqm:qpu:garnet,ONLINE,
2026-09-18T21:26:10+00:00,openquantum:rigetti:qpu:cepheus-1-108q,ONLINE,
2026-09-18T23:35:02+00:00,aws:aqt:qpu:ibex-q1,UNAVAILABLE,
2026-09-18T23:35:02+00:00,aws:quera:qpu:aquila,ONLINE,
2026-09-18T23:35:02+00:00,ibm:ibm:qpu:marrakesh,ONLINE,
2026-09-18T23:35:02+00:00,ibm:ibm:qpu:pittsburgh,ONLINE,
2026-09-18T23:35:02+00:00,azure:pasqal:qpu:fresnel,OFFLINE,
2026-09-18T23:35:02+00:00,aws:iqm:qpu:emerald,ONLINE,
2026-09-18T23:35:02+00:00,azure:ionq:qpu:forte-1,OFFLINE,
2026-09-18T23:35:02+00:00,ibm:ibm:qpu:kingston,ONLINE,
2026-09-18T23:35:02+00:00,aws:ionq:qpu:forte-1,OFFLINE,
2026-09-18T23:35:02+00:00,aws:ionq:qpu:forte-enterprise-1,ONLINE,
2026-09-18T23:35:02+00:00,ionq:ionq:qpu:forte-1,UNAVAILABLE,
2026-09-18T23:35:02+00:00,ibm:ibm:qpu:fez,ONLINE,
2026-09-18T23:35:02+00:00,aws:iqm:qpu:garnet,ONLINE,
2026-09-18T23:35:02+00:00,azure:rigetti:qpu:cepheus-1-36q,OFFLINE,
2026-09-18T23:35:02+00:00,azure:ionq:qpu:forte-enterprise-1,OFFLINE,
2026-09-18T23:35:02+00:00,ibm:ibm:qpu:boston,ONLINE,
2026-09-18T23:35:02+00:00,ibm:ibm:qpu:miami,ONLINE,
2026-09-18T23:35:02+00:00,rigetti:rigetti:qpu:cepheus-1-108q,ONLINE,
2026-09-18T23:35:02+00:00,aws:rigetti:qpu:cepheus-1-108q,ONLINE,
2026-09-18T23:35:02+00:00,openquantum:aqt:qpu:ibex-q1,ONLINE,
2026-09-18T23:35:02+00:00,openquantum:ionq:qpu:forte-1,ONLINE,
2026-09-18T23:35:02+00:00,openquantum:ionq:qpu:forte-enterprise,ONLINE,
2026-09-18T23:35:02+00:00,openquantum:iqm:qpu:emerald,ONLINE,
2026-09-18T23:35:02+00:00,openquantum:iqm:qpu:garnet,ONLINE,
2026-09-18T23:35:02+00:00,openquantum:rigetti:qpu:cepheus-1-108q,ONLINE,
2026-09-19T01:37:24+00:00,aws:aqt:qpu:ibex-q1,UNAVAILABLE,
2026-09-19T01:37:24+00:00,aws:quera:qpu:aquila,ONLINE,
2026-09-19T01:37:24+00:00,ibm:ibm:qpu:marrakesh,ONLINE,
2026-09-19T01:37:24+00:00,ibm:ibm:qpu:pittsburgh,ONLINE,
2026-09-19T01:37:24+00:00,azure:pasqal:qpu:fresnel,OFFLINE,
2026-09-19T01:37:24+00:00,aws:iqm:qpu:emerald,UNAVAILABLE,
2026-09-19T01:37:24+00:00,azure:ionq:qpu:forte-1,OFFLINE,
2026-09-19T01:37:24+00:00,ibm:ibm:qpu:kingston,ONLINE,
2026-09-19T01:37:24+00:00,aws:ionq:qpu:forte-1,OFFLINE,
2026-09-19T01:37:24+00:00,aws:ionq:qpu:forte-enterprise-1,ONLINE,
2026-09-19T01:37:24+00:00,ionq:ionq:qpu:forte-1,UNAVAILABLE,
2026-09-19T01:37:24+00:00,ibm:ibm:qpu:fez,ONLINE,
2026-09-19T01:37:24+00:00,aws:iqm:qpu:garnet,UNAVAILABLE,
2026-09-19T01:37:24+00:00,azure:rigetti:qpu:cepheus-1-36q,OFFLINE,
2026-09-19T01:37:24+00:00,azure:ionq:qpu:forte-enterprise-1,OFFLINE,
2026-09-19T01:37:24+00:00,ibm:ibm:qpu:boston,ONLINE,
2026-09-19T01:37:24+00:00,ibm:ibm:qpu:miami,ONLINE,
2026-09-19T01:37:24+00:00,rigetti:rigetti:qpu:cepheus-1-108q,ONLINE,
2026-09-19T01:37:24+00:00,aws:rigetti:qpu:cepheus-1-108q,ONLINE,
2026-09-19T01:37:24+00:00,openquantum:aqt:qpu:ibex-q1,ONLINE,
2026-09-19T01:37:24+00:00,openquantum:ionq:qpu:forte-1,ONLINE,
2026-09-19T01:37:24+00:00,openquantum:ionq:qpu:forte-enterprise,ONLINE,
2026-09-19T01:37:24+00:00,openquantum:iqm:qpu:emerald,ONLINE,
2026-09-19T01:37:24+00:00,openquantum:iqm:qpu:garnet,ONLINE,
2026-09-19T01:37:24+00:00,openquantum:rigetti:qpu:cepheus-1-108q,ONLINE,
2026-09-19T06:39:01+00:00,aws:aqt:qpu:ibex-q1,UNAVAILABLE,
2026-09-19T06:39:01+00:00,aws:quera:qpu:aquila,ONLINE,
2026-09-19T06:39:01+00:00,ibm:ibm:qpu:marrakesh,UNAVAILABLE,
2026-09-19T06:39:01+00:00,ibm:ibm:qpu:pittsburgh,ONLINE,
2026-09-19T06:39:01+00:00,azure:pasqal:qpu:fresnel,OFFLINE,
2026-09-19T06:39:01+00:00,aws:iqm:qpu:emerald,UNAVAILABLE,
2026-09-19T06:39:01+00:00,azure:ionq:qpu:forte-1,OFFLINE,
2026-09-19T06:39:01+00:00,ibm:ibm:qpu:kingston,ONLINE,
2026-09-19T06:39:01+00:00,aws:ionq:qpu:forte-1,OFFLINE,
2026-09-19T06:39:01+00:00,aws:ionq:qpu:forte-enterprise-1,ONLINE,
2026-09-19T06:39:01+00:00,ionq:ionq:qpu:forte-1,UNAVAILABLE,
2026-09-19T06:39:01+00:00,ibm:ibm:qpu:fez,ONLINE,
2026-09-19T06:39:01+00:00,aws:iqm:qpu:garnet,UNAVAILABLE,
2026-09-19T06:39:01+00:00,azure:rigetti:qpu:cepheus-1-36q,OFFLINE,
2026-09-19T06:39:01+00:00,azure:ionq:qpu:forte-enterprise-1,OFFLINE,
2026-09-19T06:39:01+00:00,ibm:ibm:qpu:boston,ONLINE,
2026-09-19T06:39:01+00:00,ibm:ibm:qpu:miami,ONLINE,
2026-09-19T06:39:01+00:00,rigetti:rigetti:qpu:cepheus-1-108q,ONLINE,
2026-09-19T06:39:01+00:00,aws:rigetti:qpu:cepheus-1-108q,ONLINE,
2026-09-19T06:39:01+00:00,openquantum:aqt:qpu:ibex-q1,ONLINE,
2026-09-19T06:39:01+00:00,openquantum:ionq:qpu:forte-1,ONLINE,
2026-09-19T06:39:01+00:00,openquantum:ionq:qpu:forte-enterprise,ONLINE,
2026-09-19T06:39:01+00:00,openquantum:iqm:qpu:emerald,ONLINE,
2026-09-19T06:39:01+00:00,openquantum:iqm:qpu:garnet,ONLINE,
2026-09-19T06:39:01+00:00,openquantum:rigetti:qpu:cepheus-1-108q,ONLINE,
2026-09-19T11:34:10+00:00,aws:aqt:qpu:ibex-q1,UNAVAILABLE,
2026-09-19T11:34:10+00:00,aws:quera:qpu:aquila,ONLINE,
2026-09-19T11:34:10+00:00,ibm:ibm:qpu:marrakesh,ONLINE,
2026-09-19T11:34:10+00:00,ibm:ibm:qpu:pittsburgh,ONLINE,
2026-09-19T11:34:10+00:00,azure:pasqal:qpu:fresnel,OFFLINE,
2026-09-19T11:34:10+00:00,aws:iqm:qpu:emerald,UNAVAILABLE,
2026-09-19T11:34:10+00:00,azure:ionq:qpu:forte-1,OFFLINE,
2026-09-19T11:34:10+00:00,ibm:ibm:qpu:kingston,ONLINE,
2026-09-19T11:34:10+00:00,aws:ionq:qpu:forte-1,OFFLINE,
2026-09-19T11:34:10+00:00,aws:ionq:qpu:forte-enterprise-1,ONLINE,
2026-09-19T11:34:10+00:00,ionq:ionq:qpu:forte-1,UNAVAILABLE,
2026-09-19T11:34:10+00:00,ibm:ibm:qpu:fez,ONLINE,
2026-09-19T11:34:10+00:00,aws:iqm:qpu:garnet,UNAVAILABLE,
2026-09-19T11:34:10+00:00,azure:rigetti:qpu:cepheus-1-36q,OFFLINE,
2026-09-19T11:34:10+00:00,azure:ionq:qpu:forte-enterprise-1,OFFLINE,
2026-09-19T11:34:10+00:00,ibm:ibm:qpu:boston,ONLINE,
2026-09-19T11:34:10+00:00,ibm:ibm:qpu:miami,ONLINE,
2026-09-19T11:34:10+00:00,rigetti:rigetti:qpu:cepheus-1-108q,ONLINE,
2026-09-19T11:34:10+00:00,aws:rigetti:qpu:cepheus-1-108q,ONLINE,
2026-09-19T11:34:10+00:00,openquantum:aqt:qpu:ibex-q1,ONLINE,
2026-09-19T11:34:10+00:00,openquantum:ionq:qpu:forte-1,ONLINE,
2026-09-19T11:34:10+00:00,openquantum:ionq:qpu:forte-enterprise,ONLINE,
2026-09-19T11:34:10+00:00,openquantum:iqm:qpu:emerald,ONLINE,
2026-09-19T11:34:10+00:00,openquantum:iqm:qpu:garnet,ONLINE,
2026-09-19T11:34:10+00:00,openquantum:rigetti:qpu:cepheus-1-108q,ONLINE,
2026-09-19T14:48:16+00:00,aws:aqt:qpu:ibex-q1,UNAVAILABLE,
2026-09-19T14:48:16+00:00,aws:quera:qpu:aquila,ONLINE,
2026-09-19T14:48:16+00:00,ibm:ibm:qpu:marrakesh,ONLINE,
2026-09-19T14:48:16+00:00,ibm:ibm:qpu:pittsburgh,ONLINE,
2026-09-19T14:48:16+00:00,azure:pasqal:qpu:fresnel,OFFLINE,
2026-09-19T14:48:16+00:00,aws:iqm:qpu:emerald,UNAVAILABLE,
2026-09-19T14:48:16+00:00,azure:ionq:qpu:forte-1,OFFLINE,
2026-09-19T14:48:16+00:00,ibm:ibm:qpu:kingston,ONLINE,
2026-09-19T14:48:16+00:00,aws:ionq:qpu:forte-1,OFFLINE,
2026-09-19T14:48:16+00:00,aws:ionq:qpu:forte-enterprise-1,ONLINE,
2026-09-19T14:48:16+00:00,ionq:ionq:qpu:forte-1,UNAVAILABLE,
2026-09-19T14:48:16+00:00,ibm:ibm:qpu:fez,ONLINE,
2026-09-19T14:48:16+00:00,aws:iqm:qpu:garnet,UNAVAILABLE,
2026-09-19T14:48:16+00:00,azure:rigetti:qpu:cepheus-1-36q,OFFLINE,
2026-09-19T14:48:16+00:00,azure:ionq:qpu:forte-enterprise-1,OFFLINE,
2026-09-19T14:48:16+00:00,ibm:ibm:qpu:boston,ONLINE,
2026-09-19T14:48:16+00:00,ibm:ibm:qpu:miami,ONLINE,
2026-09-19T14:48:16+00:00,rigetti:rigetti:qpu:cepheus-1-108q,ONLINE,
2026-09-19T14:48:16+00:00,aws:rigetti:qpu:cepheus-1-108q,ONLINE,
2026-09-19T14:48:16+00:00,openquantum:aqt:qpu:ibex-q1,ONLINE,
2026-09-19T14:48:16+00:00,openquantum:ionq:qpu:forte-1,ONLINE,
2026-09-19T14:48:16+00:00,openquantum:ionq:qpu:forte-enterprise,ONLINE,
2026-09-19T14:48:16+00:00,openquantum:iqm:qpu:emerald,ONLINE,
2026-09-19T14:48:16+00:00,openquantum:iqm:qpu:garnet,ONLINE,
2026-09-19T14:48:16+00:00,openquantum:rigetti:qpu:cepheus-1-108q,ONLINE,
2026-09-19T17:48:00+00:00,aws:aqt:qpu:ibex-q1,UNAVAILABLE,
2026-09-19T17:48:00+00:00,aws:quera:qpu:aquila,ONLINE,
2026-09-19T17:48:00+00:00,ibm:ibm:qpu:marrakesh,ONLINE,
2026-09-19T17:48:00+00:00,ibm:ibm:qpu:pittsburgh,ONLINE,
2026-09-19T17:48:00+00:00,azure:pasqal:qpu:fresnel,OFFLINE,
2026-09-19T17:48:00+00:00,aws:iqm:qpu:emerald,UNAVAILABLE,
2026-09-19T17:48:00+00:00,azure:ionq:qpu:forte-1,OFFLINE,
2026-09-19T17:48:00+00:00,ibm:ibm:qpu:kingston,ONLINE,
2026-09-19T17:48:00+00:00,aws:ionq:qpu:forte-1,OFFLINE,
2026-09-19T17:48:00+00:00,aws:ionq:qpu:forte-enterprise-1,ONLINE,
2026-09-19T17:48:00+00:00,ionq:ionq:qpu:forte-1,UNAVAILABLE,
2026-09-19T17:48:00+00:00,ibm:ibm:qpu:fez,ONLINE,
2026-09-19T17:48:00+00:00,aws:iqm:qpu:garnet,UNAVAILABLE,
2026-09-19T17:48:00+00:00,azure:rigetti:qpu:cepheus-1-36q,OFFLINE,
2026-09-19T17:48:00+00:00,azure:ionq:qpu:forte-enterprise-1,OFFLINE,
2026-09-19T17:48:00+00:00,ibm:ibm:qpu:boston,ONLINE,
2026-09-19T17:48:00+00:00,ibm:ibm:qpu:miami,ONLINE,
2026-09-19T17:48:00+00:00,rigetti:rigetti:qpu:cepheus-1-108q,ONLINE,
2026-09-19T17:48:00+00:00,aws:rigetti:qpu:cepheus-1-108q,ONLINE,
2026-09-19T17:48:00+00:00,openquantum:aqt:qpu:ibex-q1,ONLINE,
2026-09-19T17:48:00+00:00,openquantum:ionq:qpu:forte-1,ONLINE,
2026-09-19T17:48:00+00:00,openquantum:ionq:qpu:forte-enterprise,ONLINE,
2026-09-19T17:48:00+00:00,openquantum:iqm:qpu:emerald,ONLINE,
2026-09-19T17:48:00+00:00,openquantum:iqm:qpu:garnet,ONLINE,
2026-09-19T17:48:00+00:00,openquantum:rigetti:qpu:cepheus-1-108q,ONLINE,
2026-09-19T20:06:50+00:00,aws:aqt:qpu:ibex-q1,UNAVAILABLE,
2026-09-19T20:06:50+00:00,aws:quera:qpu:aquila,ONLINE,
2026-09-19T20:06:50+00:00,ibm:ibm:qpu:marrakesh,ONLINE,
2026-09-19T20:06:50+00:00,ibm:ibm:qpu:pittsburgh,ONLINE,
2026-09-19T20:06:50+00:00,azure:pasqal:qpu:fresnel,OFFLINE,
2026-09-19T20:06:50+00:00,aws:iqm:qpu:emerald,UNAVAILABLE,
2026-09-19T20:06:50+00:00,azure:ionq:qpu:forte-1,OFFLINE,
2026-09-19T20:06:50+00:00,ibm:ibm:qpu:kingston,ONLINE,
2026-09-19T20:06:50+00:00,aws:ionq:qpu:forte-1,OFFLINE,
2026-09-19T20:06:50+00:00,aws:ionq:qpu:forte-enterprise-1,ONLINE,
2026-09-19T20:06:50+00:00,ionq:ionq:qpu:forte-1,UNAVAILABLE,
2026-09-19T20:06:50+00:00,ibm:ibm:qpu:fez,ONLINE,
2026-09-19T20:06:50+00:00,aws:iqm:qpu:garnet,UNAVAILABLE,
2026-09-19T20:06:50+00:00,azure:rigetti:qpu:cepheus-1-36q,OFFLINE,
2026-09-19T20:06:50+00:00,azure:ionq:qpu:forte-enterprise-1,OFFLINE,
2026-09-19T20:06:50+00:00,ibm:ibm:qpu:boston,ONLINE,
2026-09-19T20:06:50+00:00,ibm:ibm:qpu:miami,ONLINE,
2026-09-19T20:06:50+00:00,rigetti:rigetti:qpu:cepheus-1-108q,ONLINE,
2026-09-19T20:06:50+00:00,aws:rigetti:qpu:cepheus-1-108q,UNAVAILABLE,
2026-09-19T20:06:50+00:00,openquantum:aqt:qpu:ibex-q1,ONLINE,
2026-09-19T20:06:50+00:00,openquantum:ionq:qpu:forte-1,ONLINE,
2026-09-19T20:06:50+00:00,openquantum:ionq:qpu:forte-enterprise,ONLINE,
2026-09-19T20:06:50+00:00,openquantum:iqm:qpu:emerald,ONLINE,
2026-09-19T20:06:50+00:00,openquantum:iqm:qpu:garnet,ONLINE,
2026-09-19T20:06:50+00:00,openquantum:rigetti:qpu:cepheus-1-108q,ONLINE,
2026-09-19T22:29:50+00:00,aws:aqt:qpu:ibex-q1,UNAVAILABLE,
2026-09-19T22:29:50+00:00,aws:quera:qpu:aquila,ONLINE,
2026-09-19T22:29:50+00:00,ibm:ibm:qpu:marrakesh,ONLINE,
2026-09-19T22:29:50+00:00,ibm:ibm:qpu:pittsburgh,ONLINE,
2026-09-19T22:29:50+00:00,azure:pasqal:qpu:fresnel,OFFLINE,
2026-09-19T22:29:50+00:00,aws:iqm:qpu:emerald,UNAVAILABLE,
2026-09-19T22:29:50+00:00,azure:ionq:qpu:forte-1,OFFLINE,
2026-09-19T22:29:50+00:00,ibm:ibm:qpu:kingston,ONLINE,
2026-09-19T22:29:50+00:00,aws:ionq:qpu:forte-1,OFFLINE,
2026-09-19T22:29:50+00:00,aws:ionq:qpu:forte-enterprise-1,ONLINE,
2026-09-19T22:29:50+00:00,ionq:ionq:qpu:forte-1,UNAVAILABLE,
2026-09-19T22:29:50+00:00,ibm:ibm:qpu:fez,ONLINE,
2026-09-19T22:29:50+00:00,aws:iqm:qpu:garnet,UNAVAILABLE,
2026-09-19T22:29:50+00:00,azure:rigetti:qpu:cepheus-1-36q,OFFLINE,
2026-09-19T22:29:50+00:00,azure:ionq:qpu:forte-enterprise-1,OFFLINE,
2026-09-19T22:29:50+00:00,ibm:ibm:qpu:boston,ONLINE,
2026-09-19T22:29:50+00:00,ibm:ibm:qpu:miami,ONLINE,
2026-09-19T22:29:50+00:00,rigetti:rigetti:qpu:cepheus-1-108q,ONLINE,
2026-09-19T22:29:50+00:00,aws:rigetti:qpu:cepheus-1-108q,ONLINE,
2026-09-19T22:29:50+00:00,openquantum:aqt:qpu:ibex-q1,ONLINE,
2026-09-19T22:29:50+00:00,openquantum:ionq:qpu:forte-1,ONLINE,
2026-09-19T22:29:50+00:00,openquantum:ionq:qpu:forte-enterprise,ONLINE,
2026-09-19T22:29:50+00:00,openquantum:iqm:qpu:emerald,ONLINE,
2026-09-19T22:29:50+00:00,openquantum:iqm:qpu:garnet,ONLINE,
2026-09-19T22:29:50+00:00,openquantum:rigetti:qpu:cepheus-1-108q,ONLINE,
2026-09-20T00:24:22+00:00,aws:aqt:qpu:ibex-q1,UNAVAILABLE,
2026-09-20T00:24:22+00:00,aws:quera:qpu:aquila,UNAVAILABLE,
2026-09-20T00:24:22+00:00,ibm:ibm:qpu:marrakesh,ONLINE,
2026-09-20T00:24:22+00:00,ibm:ibm:qpu:pittsburgh,ONLINE,
2026-09-20T00:24:22+00:00,azure:pasqal:qpu:fresnel,OFFLINE,
2026-09-20T00:24:22+00:00,aws:iqm:qpu:emerald,UNAVAILABLE,
2026-09-20T00:24:22+00:00,azure:ionq:qpu:forte-1,OFFLINE,
2026-09-20T00:24:22+00:00,ibm:ibm:qpu:kingston,ONLINE,
2026-09-20T00:24:22+00:00,aws:ionq:qpu:forte-1,OFFLINE,
2026-09-20T00:24:22+00:00,aws:ionq:qpu:forte-enterprise-1,OFFLINE,
2026-09-20T00:24:22+00:00,ionq:ionq:qpu:forte-1,UNAVAILABLE,
2026-09-20T00:24:22+00:00,ibm:ibm:qpu:fez,ONLINE,
2026-09-20T00:24:22+00:00,aws:iqm:qpu:garnet,UNAVAILABLE,
2026-09-20T00:24:22+00:00,azure:rigetti:qpu:cepheus-1-36q,OFFLINE,
2026-09-20T00:24:22+00:00,azure:ionq:qpu:forte-enterprise-1,OFFLINE,
2026-09-20T00:24:22+00:00,ibm:ibm:qpu:boston,ONLINE,
2026-09-20T00:24:22+00:00,ibm:ibm:qpu:miami,ONLINE,
2026-09-20T00:24:22+00:00,rigetti:rigetti:qpu:cepheus-1-108q,ONLINE,
2026-09-20T00:24:22+00:00,aws:rigetti:qpu:cepheus-1-108q,ONLINE,
2026-09-20T00:24:22+00:00,openquantum:aqt:qpu:ibex-q1,ONLINE,
2026-09-20T00:24:22+00:00,openquantum:ionq:qpu:forte-1,ONLINE,
2026-09-20T00:24:22+00:00,openquantum:ionq:qpu:forte-enterprise,ONLINE,
2026-09-20T00:24:22+00:00,openquantum:iqm:qpu:emerald,ONLINE,
2026-09-20T00:24:22+00:00,openquantum:iqm:qpu:garnet,ONLINE,
2026-09-20T00:24:22+00:00,openquantum:rigetti:qpu:cepheus-1-108q,ONLINE,
2026-09-20T05:25:34+00:00,aws:aqt:qpu:ibex-q1,UNAVAILABLE,
2026-09-20T05:25:34+00:00,aws:quera:qpu:aquila,ONLINE,
2026-09-20T05:25:34+00:00,ibm:ibm:qpu:marrakesh,ONLINE,
2026-09-20T05:25:34+00:00,ibm:ibm:qpu:pittsburgh,ONLINE,
2026-09-20T05:25:34+00:00,azure:pasqal:qpu:fresnel,OFFLINE,
2026-09-20T05:25:34+00:00,aws:iqm:qpu:emerald,UNAVAILABLE,
2026-09-20T05:25:34+00:00,azure:ionq:qpu:forte-1,OFFLINE,
2026-09-20T05:25:34+00:00,ibm:ibm:qpu:kingston,ONLINE,
2026-09-20T05:25:34+00:00,aws:ionq:qpu:forte-1,OFFLINE,
2026-09-20T05:25:34+00:00,aws:ionq:qpu:forte-enterprise-1,OFFLINE,
2026-09-20T05:25:34+00:00,ionq:ionq:qpu:forte-1,UNAVAILABLE,
2026-09-20T05:25:34+00:00,ibm:ibm:qpu:fez,ONLINE,
2026-09-20T05:25:34+00:00,aws:iqm:qpu:garnet,UNAVAILABLE,
2026-09-20T05:25:34+00:00,azure:rigetti:qpu:cepheus-1-36q,OFFLINE,
2026-09-20T05:25:34+00:00,azure:ionq:qpu:forte-enterprise-1,OFFLINE,
2026-09-20T05:25:34+00:00,ibm:ibm:qpu:boston,ONLINE,
2026-09-20T05:25:34+00:00,ibm:ibm:qpu:miami,ONLINE,
2026-09-20T05:25:34+00:00,rigetti:rigetti:qpu:cepheus-1-108q,ONLINE,
2026-09-20T05:25:34+00:00,aws:rigetti:qpu:cepheus-1-108q,ONLINE,
2026-09-20T05:25:34+00:00,openquantum:aqt:qpu:ibex-q1,ONLINE,
2026-09-20T05:25:34+00:00,openquantum:ionq:qpu:forte-1,ONLINE,
2026-09-20T05:25:34+00:00,openquantum:ionq:qpu:forte-enterprise,ONLINE,
2026-09-20T05:25:34+00:00,openquantum:iqm:qpu:emerald,ONLINE,
2026-09-20T05:25:34+00:00,openquantum:iqm:qpu:garnet,ONLINE,
2026-09-20T05:25:34+00:00,openquantum:rigetti:qpu:cepheus-1-108q,ONLINE,
2026-09-20T10:06:37+00:00,aws:aqt:qpu:ibex-q1,UNAVAILABLE,
2026-09-20T10:06:37+00:00,aws:quera:qpu:aquila,ONLINE,
2026-09-20T10:06:37+00:00,ibm:ibm:qpu:marrakesh,ONLINE,
2026-09-20T10:06:37+00:00,ibm:ibm:qpu:pittsburgh,ONLINE,
2026-09-20T10:06:37+00:00,azure:pasqal:qpu:fresnel,OFFLINE,
2026-09-20T10:06:37+00:00,aws:iqm:qpu:emerald,UNAVAILABLE,
2026-09-20T10:06:37+00:00,azure:ionq:qpu:forte-1,OFFLINE,
2026-09-20T10:06:37+00:00,ibm:ibm:qpu:kingston,ONLINE,
2026-09-20T10:06:37+00:00,aws:ionq:qpu:forte-1,OFFLINE,
2026-09-20T10:06:37+00:00,aws:ionq:qpu:forte-enterprise-1,OFFLINE,
2026-09-20T10:06:37+00:00,ionq:ionq:qpu:forte-1,UNAVAILABLE,
2026-09-20T10:06:37+00:00,ibm:ibm:qpu:fez,ONLINE,
2026-09-20T10:06:37+00:00,aws:iqm:qpu:garnet,UNAVAILABLE,
2026-09-20T10:06:37+00:00,azure:rigetti:qpu:cepheus-1-36q,OFFLINE,
2026-09-20T10:06:37+00:00,azure:ionq:qpu:forte-enterprise-1,OFFLINE,
2026-09-20T10:06:37+00:00,ibm:ibm:qpu:boston,ONLINE,
2026-09-20T10:06:37+00:00,ibm:ibm:qpu:miami,ONLINE,
2026-09-20T10:06:37+00:00,rigetti:rigetti:qpu:cepheus-1-108q,ONLINE,
2026-09-20T10:06:37+00:00,aws:rigetti:qpu:cepheus-1-108q,ONLINE,
2026-09-20T10:06:37+00:00,openquantum:aqt:qpu:ibex-q1,ONLINE,
2026-09-20T10:06:37+00:00,openquantum:ionq:qpu:forte-1,ONLINE,
2026-09-20T10:06:37+00:00,openquantum:ionq:qpu:forte-enterprise,ONLINE,
2026-09-20T10:06:37+00:00,openquantum:iqm:qpu:emerald,ONLINE,
2026-09-20T10:06:37+00:00,openquantum:iqm:qpu:garnet,ONLINE,
2026-09-20T10:06:37+00:00,openquantum:rigetti:qpu:cepheus-1-108q,ONLINE,
2026-09-20T14:21:18+00:00,aws:aqt:qpu:ibex-q1,UNAVAILABLE,
2026-09-20T14:21:18+00:00,aws:quera:qpu:aquila,ONLINE,
2026-09-20T14:21:18+00:00,ibm:ibm:qpu:marrakesh,ONLINE,
2026-09-20T14:21:18+00:00,ibm:ibm:qpu:pittsburgh,ONLINE,
2026-09-20T14:21:18+00:00,azure:pasqal:qpu:fresnel,OFFLINE,
2026-09-20T14:21:18+00:00,aws:iqm:qpu:emerald,UNAVAILABLE,
2026-09-20T14:21:18+00:00,azure:ionq:qpu:forte-1,OFFLINE,
2026-09-20T14:21:18+00:00,ibm:ibm:qpu:kingston,ONLINE,
2026-09-20T14:21:18+00:00,aws:ionq:qpu:forte-1,OFFLINE,
2026-09-20T14:21:18+00:00,aws:ionq:qpu:forte-enterprise-1,OFFLINE,
2026-09-20T14:21:18+00:00,ionq:ionq:qpu:forte-1,UNAVAILABLE,
2026-09-20T14:21:18+00:00,ibm:ibm:qpu:fez,ONLINE,
2026-09-20T14:21:18+00:00,aws:iqm:qpu:garnet,UNAVAILABLE,
2026-09-20T14:21:18+00:00,azure:rigetti:qpu:cepheus-1-36q,OFFLINE,
2026-09-20T14:21:18+00:00,azure:ionq:qpu:forte-enterprise-1,OFFLINE,
2026-09-20T14:21:18+00:00,ibm:ibm:qpu:boston,ONLINE,
2026-09-20T14:21:18+00:00,ibm:ibm:qpu:miami,ONLINE,
2026-09-20T14:21:18+00:00,rigetti:rigetti:qpu:cepheus-1-108q,ONLINE,
2026-09-20T14:21:18+00:00,aws:rigetti:qpu:cepheus-1-108q,ONLINE,
2026-09-20T14:21:18+00:00,openquantum:aqt:qpu:ibex-q1,ONLINE,
2026-09-20T14:21:18+00:00,openquantum:ionq:qpu:forte-1,ONLINE,
2026-09-20T14:21:18+00:00,openquantum:ionq:qpu:forte-enterprise,ONLINE,
2026-09-20T14:21:18+00:00,openquantum:iqm:qpu:emerald,ONLINE,
2026-09-20T14:21:18+00:00,openquantum:iqm:qpu:garnet,ONLINE,
2026-09-20T14:21:18+00:00,openquantum:rigetti:qpu:cepheus-1-108q,ONLINE,
2026-09-20T17:40:12+00:00,aws:aqt:qpu:ibex-q1,UNAVAILABLE,
2026-09-20T17:40:12+00:00,aws:quera:qpu:aquila,ONLINE,
2026-09-20T17:40:12+00:00,ibm:ibm:qpu:marrakesh,ONLINE,
2026-09-20T17:40:12+00:00,ibm:ibm:qpu:pittsburgh,ONLINE,
2026-09-20T17:40:12+00:00,azure:pasqal:qpu:fresnel,OFFLINE,
2026-09-20T17:40:12+00:00,aws:iqm:qpu:emerald,UNAVAILABLE,
2026-09-20T17:40:12+00:00,azure:ionq:qpu:forte-1,OFFLINE,
2026-09-20T17:40:12+00:00,ibm:ibm:qpu:kingston,ONLINE,
2026-09-20T17:40:12+00:00,aws:ionq:qpu:forte-1,OFFLINE,
2026-09-20T17:40:12+00:00,aws:ionq:qpu:forte-enterprise-1,OFFLINE,
2026-09-20T17:40:12+00:00,ionq:ionq:qpu:forte-1,UNAVAILABLE,
2026-09-20T17:40:12+00:00,ibm:ibm:qpu:fez,ONLINE,
2026-09-20T17:40:12+00:00,aws:iqm:qpu:garnet,UNAVAILABLE,
2026-09-20T17:40:12+00:00,azure:rigetti:qpu:cepheus-1-36q,OFFLINE,
2026-09-20T17:40:12+00:00,azure:ionq:qpu:forte-enterprise-1,OFFLINE,
2026-09-20T17:40:12+00:00,ibm:ibm:qpu:boston,ONLINE,
2026-09-20T17:40:12+00:00,ibm:ibm:qpu:miami,ONLINE,
2026-09-20T17:40:12+00:00,rigetti:rigetti:qpu:cepheus-1-108q,ONLINE,
2026-09-20T17:40:12+00:00,aws:rigetti:qpu:cepheus-1-108q,ONLINE,
2026-09-20T17:40:12+00:00,openquantum:aqt:qpu:ibex-q1,ONLINE,
2026-09-20T17:40:12+00:00,openquantum:ionq:qpu:forte-1,ONLINE,
2026-09-20T17:40:12+00:00,openquantum:ionq:qpu:forte-enterprise,ONLINE,
2026-09-20T17:40:12+00:00,openquantum:iqm:qpu:emerald,ONLINE,
2026-09-20T17:40:12+00:00,openquantum:iqm:qpu:garnet,ONLINE,
2026-09-20T17:40:12+00:00,openquantum:rigetti:qpu:cepheus-1-108q,ONLINE,
2026-09-20T19:44:24+00:00,aws:aqt:qpu:ibex-q1,UNAVAILABLE,
2026-09-20T19:44:24+00:00,aws:quera:qpu:aquila,ONLINE,
2026-09-20T19:44:24+00:00,ibm:ibm:qpu:marrakesh,ONLINE,
2026-09-20T19:44:24+00:00,ibm:ibm:qpu:pittsburgh,ONLINE,
2026-09-20T19:44:24+00:00,azure:pasqal:qpu:fresnel,OFFLINE,
2026-09-20T19:44:24+00:00,aws:iqm:qpu:emerald,UNAVAILABLE,
2026-09-20T19:44:24+00:00,azure:ionq:qpu:forte-1,OFFLINE,
2026-09-20T19:44:24+00:00,ibm:ibm:qpu:kingston,ONLINE,
2026-09-20T19:44:24+00:00,aws:ionq:qpu:forte-1,OFFLINE,
2026-09-20T19:44:24+00:00,aws:ionq:qpu:forte-enterprise-1,OFFLINE,
2026-09-20T19:44:24+00:00,ionq:ionq:qpu:forte-1,UNAVAILABLE,
2026-09-20T19:44:24+00:00,ibm:ibm:qpu:fez,ONLINE,
2026-09-20T19:44:24+00:00,aws:iqm:qpu:garnet,UNAVAILABLE,
2026-09-20T19:44:24+00:00,azure:rigetti:qpu:cepheus-1-36q,OFFLINE,
2026-09-20T19:44:24+00:00,azure:ionq:qpu:forte-enterprise-1,OFFLINE,
2026-09-20T19:44:24+00:00,ibm:ibm:qpu:boston,ONLINE,
2026-09-20T19:44:24+00:00,ibm:ibm:qpu:miami,ONLINE,
2026-09-20T19:44:24+00:00,rigetti:rigetti:qpu:cepheus-1-108q,ONLINE,
2026-09-20T19:44:24+00:00,aws:rigetti:qpu:cepheus-1-108q,UNAVAILABLE,
2026-09-20T19:44:24+00:00,openquantum:aqt:qpu:ibex-q1,ONLINE,
2026-09-20T19:44:24+00:00,openquantum:ionq:qpu:forte-1,ONLINE,
2026-09-20T19:44:24+00:00,openquantum:ionq:qpu:forte-enterprise,ONLINE,
2026-09-20T19:44:24+00:00,openquantum:iqm:qpu:emerald,ONLINE,
2026-09-20T19:44:24+00:00,openquantum:iqm:qpu:garnet,ONLINE,
2026-09-20T19:44:24+00:00,openquantum:rigetti:qpu:cepheus-1-108q,ONLINE,
2026-09-20T21:53:58+00:00,aws:aqt:qpu:ibex-q1,UNAVAILABLE,
2026-09-20T21:53:58+00:00,aws:quera:qpu:aquila,ONLINE,
2026-09-20T21:53:58+00:00,ibm:ibm:qpu:marrakesh,ONLINE,
2026-09-20T21:53:58+00:00,ibm:ibm:qpu:pittsburgh,ONLINE,
2026-09-20T21:53:58+00:00,azure:pasqal:qpu:fresnel,OFFLINE,
2026-09-20T21:53:58+00:00,aws:iqm:qpu:emerald,UNAVAILABLE,
2026-09-20T21:53:58+00:00,azure:ionq:qpu:forte-1,OFFLINE,
2026-09-20T21:53:58+00:00,ibm:ibm:qpu:kingston,ONLINE,
2026-09-20T21:53:58+00:00,aws:ionq:qpu:forte-1,OFFLINE,
2026-09-20T21:53:58+00:00,aws:ionq:qpu:forte-enterprise-1,OFFLINE,
2026-09-20T21:53:58+00:00,ionq:ionq:qpu:forte-1,UNAVAILABLE,
2026-09-20T21:53:58+00:00,ibm:ibm:qpu:fez,ONLINE,
2026-09-20T21:53:58+00:00,aws:iqm:qpu:garnet,UNAVAILABLE,
2026-09-20T21:53:58+00:00,azure:rigetti:qpu:cepheus-1-36q,OFFLINE,
2026-09-20T21:53:58+00:00,azure:ionq:qpu:forte-enterprise-1,OFFLINE,
2026-09-20T21:53:58+00:00,ibm:ibm:qpu:boston,ONLINE,
2026-09-20T21:53:58+00:00,ibm:ibm:qpu:miami,ONLINE,
2026-09-20T21:53:58+00:00,rigetti:rigetti:qpu:cepheus-1-108q,ONLINE,
2026-09-20T21:53:58+00:00,aws:rigetti:qpu:cepheus-1-108q,ONLINE,
2026-09-20T21:53:58+00:00,openquantum:aqt:qpu:ibex-q1,ONLINE,
2026-09-20T21:53:58+00:00,openquantum:ionq:qpu:forte-1,ONLINE,
2026-09-20T21:53:58+00:00,openquantum:ionq:qpu:forte-enterprise,ONLINE,
2026-09-20T21:53:58+00:00,openquantum:iqm:qpu:emerald,ONLINE,
2026-09-20T21:53:58+00:00,openquantum:iqm:qpu:garnet,ONLINE,
2026-09-20T21:53:58+00:00,openquantum:rigetti:qpu:cepheus-1-108q,ONLINE,
2026-09-20T23:51:59+00:00,aws:aqt:qpu:ibex-q1,UNAVAILABLE,
2026-09-20T23:51:59+00:00,aws:quera:qpu:aquila,ONLINE,
2026-09-20T23:51:59+00:00,ibm:ibm:qpu:marrakesh,ONLINE,
2026-09-20T23:51:59+00:00,ibm:ibm:qpu:pittsburgh,ONLINE,
2026-09-20T23:51:59+00:00,azure:pasqal:qpu:fresnel,OFFLINE,
2026-09-20T23:51:59+00:00,aws:iqm:qpu:emerald,UNAVAILABLE,
2026-09-20T23:51:59+00:00,azure:ionq:qpu:forte-1,OFFLINE,
2026-09-20T23:51:59+00:00,ibm:ibm:qpu:kingston,ONLINE,
2026-09-20T23:51:59+00:00,aws:ionq:qpu:forte-1,OFFLINE,
2026-09-20T23:51:59+00:00,aws:ionq:qpu:forte-enterprise-1,OFFLINE,
2026-09-20T23:51:59+00:00,ionq:ionq:qpu:forte-1,UNAVAILABLE,
2026-09-20T23:51:59+00:00,ibm:ibm:qpu:fez,ONLINE,
2026-09-20T23:51:59+00:00,aws:iqm:qpu:garnet,UNAVAILABLE,
2026-09-20T23:51:59+00:00,azure:rigetti:qpu:cepheus-1-36q,OFFLINE,
2026-09-20T23:51:59+00:00,azure:ionq:qpu:forte-enterprise-1,OFFLINE,
2026-09-20T23:51:59+00:00,ibm:ibm:qpu:boston,ONLINE,
2026-09-20T23:51:59+00:00,ibm:ibm:qpu:miami,ONLINE,
2026-09-20T23:51:59+00:00,rigetti:rigetti:qpu:cepheus-1-108q,ONLINE,
2026-09-20T23:51:59+00:00,aws:rigetti:qpu:cepheus-1-108q,ONLINE,
2026-09-20T23:51:59+00:00,openquantum:aqt:qpu:ibex-q1,ONLINE,
2026-09-20T23:51:59+00:00,openquantum:ionq:qpu:forte-1,ONLINE,
2026-09-20T23:51:59+00:00,openquantum:ionq:qpu:forte-enterprise,ONLINE,
2026-09-20T23:51:59+00:00,openquantum:iqm:qpu:emerald,ONLINE,
2026-09-20T23:51:59+00:00,openquantum:iqm:qpu:garnet,ONLINE,
2026-09-20T23:51:59+00:00,openquantum:rigetti:qpu:cepheus-1-108q,ONLINE,
2026-09-21T03:33:34+00:00,aws:aqt:qpu:ibex-q1,UNAVAILABLE,
2026-09-21T03:33:34+00:00,aws:quera:qpu:aquila,ONLINE,
2026-09-21T03:33:34+00:00,ibm:ibm:qpu:marrakesh,ONLINE,
2026-09-21T03:33:34+00:00,ibm:ibm:qpu:pittsburgh,ONLINE,
2026-09-21T03:33:34+00:00,azure:pasqal:qpu:fresnel,OFFLINE,
2026-09-21T03:33:34+00:00,aws:iqm:qpu:emerald,UNAVAILABLE,
2026-09-21T03:33:34+00:00,azure:ionq:qpu:forte-1,OFFLINE,
2026-09-21T03:33:34+00:00,ibm:ibm:qpu:kingston,ONLINE,
2026-09-21T03:33:34+00:00,aws:ionq:qpu:forte-1,OFFLINE,
2026-09-21T03:33:34+00:00,aws:ionq:qpu:forte-enterprise-1,OFFLINE,
2026-09-21T03:33:34+00:00,ionq:ionq:qpu:forte-1,UNAVAILABLE,
2026-09-21T03:33:34+00:00,ibm:ibm:qpu:fez,ONLINE,
2026-09-21T03:33:34+00:00,aws:iqm:qpu:garnet,ONLINE,
2026-09-21T03:33:34+00:00,azure:rigetti:qpu:cepheus-1-36q,OFFLINE,
2026-09-21T03:33:34+00:00,azure:ionq:qpu:forte-enterprise-1,OFFLINE,
2026-09-21T03:33:34+00:00,ibm:ibm:qpu:boston,ONLINE,
2026-09-21T03:33:34+00:00,ibm:ibm:qpu:miami,ONLINE,
2026-09-21T03:33:34+00:00,rigetti:rigetti:qpu:cepheus-1-108q,ONLINE,
2026-09-21T03:33:34+00:00,aws:rigetti:qpu:cepheus-1-108q,ONLINE,
2026-09-21T03:33:34+00:00,openquantum:aqt:qpu:ibex-q1,ONLINE,
2026-09-21T03:33:34+00:00,openquantum:ionq:qpu:forte-1,ONLINE,
2026-09-21T03:33:34+00:00,openquantum:ionq:qpu:forte-enterprise,ONLINE,
2026-09-21T03:33:34+00:00,openquantum:iqm:qpu:emerald,ONLINE,
2026-09-21T03:33:34+00:00,openquantum:iqm:qpu:garnet,ONLINE,
2026-09-21T03:33:34+00:00,openquantum:rigetti:qpu:cepheus-1-108q,ONLINE,
2026-09-21T09:18:06+00:00,aws:aqt:qpu:ibex-q1,UNAVAILABLE,
2026-09-21T09:18:06+00:00,aws:quera:qpu:aquila,UNAVAILABLE,
2026-09-21T09:18:06+00:00,ibm:ibm:qpu:marrakesh,ONLINE,
2026-09-21T09:18:06+00:00,ibm:ibm:qpu:pittsburgh,ONLINE,
2026-09-21T09:18:06+00:00,azure:pasqal:qpu:fresnel,OFFLINE,
2026-09-21T09:18:06+00:00,aws:iqm:qpu:emerald,ONLINE,
2026-09-21T09:18:06+00:00,azure:ionq:qpu:forte-1,OFFLINE,
2026-09-21T09:18:06+00:00,ibm:ibm:qpu:kingston,ONLINE,
2026-09-21T09:18:06+00:00,aws:ionq:qpu:forte-1,OFFLINE,
2026-09-21T09:18:06+00:00,aws:ionq:qpu:forte-enterprise-1,OFFLINE,
2026-09-21T09:18:06+00:00,ionq:ionq:qpu:forte-1,UNAVAILABLE,
2026-09-21T09:18:06+00:00,ibm:ibm:qpu:fez,ONLINE,
2026-09-21T09:18:06+00:00,aws:iqm:qpu:garnet,ONLINE,
2026-09-21T09:18:06+00:00,azure:rigetti:qpu:cepheus-1-36q,OFFLINE,
2026-09-21T09:18:06+00:00,azure:ionq:qpu:forte-enterprise-1,OFFLINE,
2026-09-21T09:18:06+00:00,ibm:ibm:qpu:boston,ONLINE,
2026-09-21T09:18:06+00:00,ibm:ibm:qpu:miami,ONLINE,
2026-09-21T09:18:06+00:00,rigetti:rigetti:qpu:cepheus-1-108q,ONLINE,
2026-09-21T09:18:06+00:00,aws:rigetti:qpu:cepheus-1-108q,ONLINE,
2026-09-21T09:18:06+00:00,openquantum:aqt:qpu:ibex-q1,ONLINE,
2026-09-21T09:18:06+00:00,openquantum:ionq:qpu:forte-1,ONLINE,
2026-09-21T09:18:06+00:00,openquantum:ionq:qpu:forte-enterprise,ONLINE,
2026-09-21T09:18:06+00:00,openquantum:iqm:qpu:emerald,ONLINE,
2026-09-21T09:18:06+00:00,openquantum:iqm:qpu:garnet,ONLINE,
2026-09-21T09:18:06+00:00,openquantum:rigetti:qpu:cepheus-1-108q,ONLINE,
2026-09-21T16:00:55+00:00,aws:aqt:qpu:ibex-q1,UNAVAILABLE,
2026-09-21T16:00:55+00:00,aws:quera:qpu:aquila,UNAVAILABLE,
2026-09-21T16:00:55+00:00,ibm:ibm:qpu:marrakesh,ONLINE,
2026-09-21T16:00:55+00:00,ibm:ibm:qpu:pittsburgh,ONLINE,
2026-09-21T16:00:55+00:00,azure:pasqal:qpu:fresnel,OFFLINE,
2026-09-21T16:00:55+00:00,aws:iqm:qpu:emerald,ONLINE,
2026-09-21T16:00:55+00:00,azure:ionq:qpu:forte-1,OFFLINE,
2026-09-21T16:00:55+00:00,ibm:ibm:qpu:kingston,ONLINE,
2026-09-21T16:00:55+00:00,aws:ionq:qpu:forte-1,OFFLINE,
2026-09-21T16:00:55+00:00,aws:ionq:qpu:forte-enterprise-1,OFFLINE,
2026-09-21T16:00:55+00:00,ionq:ionq:qpu:forte-1,UNAVAILABLE,
2026-09-21T16:00:55+00:00,ibm:ibm:qpu:fez,ONLINE,
2026-09-21T16:00:55+00:00,aws:iqm:qpu:garnet,UNAVAILABLE,
2026-09-21T16:00:55+00:00,azure:rigetti:qpu:cepheus-1-36q,OFFLINE,
2026-09-21T16:00:55+00:00,azure:ionq:qpu:forte-enterprise-1,OFFLINE,
2026-09-21T16:00:55+00:00,ibm:ibm:qpu:boston,ONLINE,
2026-09-21T16:00:55+00:00,ibm:ibm:qpu:miami,ONLINE,
2026-09-21T16:00:55+00:00,rigetti:rigetti:qpu:cepheus-1-108q,ONLINE,
2026-09-21T16:00:55+00:00,aws:rigetti:qpu:cepheus-1-108q,ONLINE,
2026-09-21T16:00:55+00:00,openquantum:aqt:qpu:ibex-q1,ONLINE,
2026-09-21T16:00:55+00:00,openquantum:ionq:qpu:forte-1,ONLINE,
2026-09-21T16:00:55+00:00,openquantum:ionq:qpu:forte-enterprise,ONLINE,
2026-09-21T16:00:55+00:00,openquantum:iqm:qpu:emerald,ONLINE,
2026-09-21T16:00:55+00:00,openquantum:iqm:qpu:garnet,ONLINE,
2026-09-21T16:00:55+00:00,openquantum:rigetti:qpu:cepheus-1-108q,ONLINE,
2026-09-21T20:37:40+00:00,aws:aqt:qpu:ibex-q1,UNAVAILABLE,
2026-09-21T20:37:40+00:00,aws:quera:qpu:aquila,UNAVAILABLE,
2026-09-21T20:37:40+00:00,ibm:ibm:qpu:marrakesh,ONLINE,
2026-09-21T20:37:40+00:00,ibm:ibm:qpu:pittsburgh,ONLINE,
2026-09-21T20:37:40+00:00,azure:pasqal:qpu:fresnel,OFFLINE,
2026-09-21T20:37:40+00:00,aws:iqm:qpu:emerald,ONLINE,
2026-09-21T20:37:40+00:00,azure:ionq:qpu:forte-1,OFFLINE,
2026-09-21T20:37:40+00:00,ibm:ibm:qpu:kingston,ONLINE,
2026-09-21T20:37:40+00:00,aws:ionq:qpu:forte-1,OFFLINE,
2026-09-21T20:37:40+00:00,aws:ionq:qpu:forte-enterprise-1,ONLINE,
2026-09-21T20:37:40+00:00,ionq:ionq:qpu:forte-1,UNAVAILABLE,
2026-09-21T20:37:40+00:00,ibm:ibm:qpu:fez,ONLINE,
2026-09-21T20:37:40+00:00,aws:iqm:qpu:garnet,ONLINE,
2026-09-21T20:37:40+00:00,azure:rigetti:qpu:cepheus-1-36q,OFFLINE,
2026-09-21T20:37:40+00:00,azure:ionq:qpu:forte-enterprise-1,OFFLINE,
2026-09-21T20:37:40+00:00,ibm:ibm:qpu:boston,ONLINE,
2026-09-21T20:37:40+00:00,ibm:ibm:qpu:miami,ONLINE,
2026-09-21T20:37:40+00:00,rigetti:rigetti:qpu:cepheus-1-108q,ONLINE,
2026-09-21T20:37:40+00:00,aws:rigetti:qpu:cepheus-1-108q,UNAVAILABLE,
2026-09-21T20:37:40+00:00,openquantum:aqt:qpu:ibex-q1,ONLINE,
2026-09-21T20:37:40+00:00,openquantum:ionq:qpu:forte-1,ONLINE,
2026-09-21T20:37:40+00:00,openquantum:ionq:qpu:forte-enterprise,ONLINE,
2026-09-21T20:37:40+00:00,openquantum:iqm:qpu:emerald,ONLINE,
2026-09-21T20:37:40+00:00,openquantum:iqm:qpu:garnet,ONLINE,
2026-09-21T20:37:40+00:00,openquantum:rigetti:qpu:cepheus-1-108q,ONLINE,
2026-09-21T23:38:49+00:00,aws:aqt:qpu:ibex-q1,UNAVAILABLE,
2026-09-21T23:38:49+00:00,aws:quera:qpu:aquila,UNAVAILABLE,
2026-09-21T23:38:49+00:00,ibm:ibm:qpu:marrakesh,ONLINE,
2026-09-21T23:38:49+00:00,ibm:ibm:qpu:pittsburgh,UNAVAILABLE,
2026-09-21T23:38:49+00:00,azure:pasqal:qpu:fresnel,OFFLINE,
2026-09-21T23:38:49+00:00,aws:iqm:qpu:emerald,ONLINE,
2026-09-21T23:38:49+00:00,azure:ionq:qpu:forte-1,OFFLINE,
2026-09-21T23:38:49+00:00,ibm:ibm:qpu:kingston,ONLINE,
2026-09-21T23:38:49+00:00,aws:ionq:qpu:forte-1,OFFLINE,
2026-09-21T23:38:49+00:00,aws:ionq:qpu:forte-enterprise-1,ONLINE,
2026-09-21T23:38:49+00:00,ionq:ionq:qpu:forte-1,UNAVAILABLE,
2026-09-21T23:38:49+00:00,ibm:ibm:qpu:fez,ONLINE,
2026-09-21T23:38:49+00:00,aws:iqm:qpu:garnet,ONLINE,
2026-09-21T23:38:49+00:00,azure:rigetti:qpu:cepheus-1-36q,OFFLINE,
2026-09-21T23:38:49+00:00,azure:ionq:qpu:forte-enterprise-1,OFFLINE,
2026-09-21T23:38:49+00:00,ibm:ibm:qpu:boston,ONLINE,
2026-09-21T23:38:49+00:00,ibm:ibm:qpu:miami,ONLINE,
2026-09-21T23:38:49+00:00,rigetti:rigetti:qpu:cepheus-1-108q,ONLINE,
2026-09-21T23:38:49+00:00,aws:rigetti:qpu:cepheus-1-108q,ONLINE,
2026-09-21T23:38:49+00:00,openquantum:aqt:qpu:ibex-q1,ONLINE,
2026-09-21T23:38:49+00:00,openquantum:ionq:qpu:forte-1,ONLINE,
2026-09-21T23:38:49+00:00,openquantum:ionq:qpu:forte-enterprise,ONLINE,
2026-09-21T23:38:49+00:00,openquantum:iqm:qpu:emerald,ONLINE,
2026-09-21T23:38:49+00:00,openquantum:iqm:qpu:garnet,ONLINE,
2026-09-21T23:38:49+00:00,openquantum:rigetti:qpu:cepheus-1-108q,ONLINE,
2026-09-22T01:53:13+00:00,aws:aqt:qpu:ibex-q1,UNAVAILABLE,
2026-09-22T01:53:13+00:00,aws:quera:qpu:aquila,UNAVAILABLE,
2026-09-22T01:53:13+00:00,ibm:ibm:qpu:marrakesh,ONLINE,
2026-09-22T01:53:13+00:00,ibm:ibm:qpu:pittsburgh,ONLINE,
2026-09-22T01:53:13+00:00,azure:pasqal:qpu:fresnel,OFFLINE,
2026-09-22T01:53:13+00:00,aws:iqm:qpu:emerald,ONLINE,
2026-09-22T01:53:13+00:00,azure:ionq:qpu:forte-1,OFFLINE,
2026-09-22T01:53:13+00:00,ibm:ibm:qpu:kingston,ONLINE,
2026-09-22T01:53:13+00:00,aws:ionq:qpu:forte-1,OFFLINE,
2026-09-22T01:53:13+00:00,aws:ionq:qpu:forte-enterprise-1,ONLINE,
2026-09-22T01:53:13+00:00,ionq:ionq:qpu:forte-1,UNAVAILABLE,
2026-09-22T01:53:13+00:00,ibm:ibm:qpu:fez,ONLINE,
2026-09-22T01:53:13+00:00,aws:iqm:qpu:garnet,UNAVAILABLE,
2026-09-22T01:53:13+00:00,azure:rigetti:qpu:cepheus-1-36q,OFFLINE,
2026-09-22T01:53:13+00:00,azure:ionq:qpu:forte-enterprise-1,OFFLINE,
2026-09-22T01:53:13+00:00,ibm:ibm:qpu:boston,ONLINE,
2026-09-22T01:53:13+00:00,ibm:ibm:qpu:miami,ONLINE,
2026-09-22T01:53:13+00:00,rigetti:rigetti:qpu:cepheus-1-108q,ONLINE,
2026-09-22T01:53:13+00:00,aws:rigetti:qpu:cepheus-1-108q,ONLINE,
2026-09-22T01:53:13+00:00,openquantum:aqt:qpu:ibex-q1,ONLINE,
2026-09-22T01:53:13+00:00,openquantum:ionq:qpu:forte-1,ONLINE,
2026-09-22T01:53:13+00:00,openquantum:ionq:qpu:forte-enterprise,ONLINE,
2026-09-22T01:53:13+00:00,openquantum:iqm:qpu:emerald,ONLINE,
2026-09-22T01:53:13+00:00,openquantum:iqm:qpu:garnet,ONLINE,
2026-09-22T01:53:13+00:00,openquantum:rigetti:qpu:cepheus-1-108q,ONLINE,
2026-09-22T07:21:54+00:00,aws:aqt:qpu:ibex-q1,UNAVAILABLE,
2026-09-22T07:21:54+00:00,aws:quera:qpu:aquila,UNAVAILABLE,
2026-09-22T07:21:54+00:00,ibm:ibm:qpu:marrakesh,ONLINE,
2026-09-22T07:21:54+00:00,ibm:ibm:qpu:pittsburgh,UNAVAILABLE,
2026-09-22T07:21:54+00:00,azure:pasqal:qpu:fresnel,OFFLINE,
2026-09-22T07:21:54+00:00,aws:iqm:qpu:emerald,ONLINE,
2026-09-22T07:21:54+00:00,azure:ionq:qpu:forte-1,OFFLINE,
2026-09-22T07:21:54+00:00,ibm:ibm:qpu:kingston,ONLINE,
2026-09-22T07:21:54+00:00,aws:ionq:qpu:forte-1,OFFLINE,
2026-09-22T07:21:54+00:00,aws:ionq:qpu:forte-enterprise-1,ONLINE,
2026-09-22T07:21:54+00:00,ionq:ionq:qpu:forte-1,UNAVAILABLE,
2026-09-22T07:21:54+00:00,ibm:ibm:qpu:fez,ONLINE,
2026-09-22T07:21:54+00:00,aws:iqm:qpu:garnet,ONLINE,
2026-09-22T07:21:54+00:00,azure:rigetti:qpu:cepheus-1-36q,OFFLINE,
2026-09-22T07:21:54+00:00,azure:ionq:qpu:forte-enterprise-1,OFFLINE,
2026-09-22T07:21:54+00:00,ibm:ibm:qpu:boston,ONLINE,
2026-09-22T07:21:54+00:00,ibm:ibm:qpu:miami,ONLINE,
2026-09-22T07:21:54+00:00,rigetti:rigetti:qpu:cepheus-1-108q,ONLINE,
2026-09-22T07:21:54+00:00,aws:rigetti:qpu:cepheus-1-108q,UNAVAILABLE,
2026-09-22T07:21:54+00:00,openquantum:aqt:qpu:ibex-q1,ONLINE,
2026-09-22T07:21:54+00:00,openquantum:ionq:qpu:forte-1,ONLINE,
2026-09-22T07:21:54+00:00,openquantum:ionq:qpu:forte-enterprise,ONLINE,
2026-09-22T07:21:54+00:00,openquantum:iqm:qpu:emerald,ONLINE,
2026-09-22T07:21:54+00:00,openquantum:iqm:qpu:garnet,ONLINE,
2026-09-22T07:21:54+00:00,openquantum:rigetti:qpu:cepheus-1-108q,ONLINE,
2026-09-22T12:49:54+00:00,aws:aqt:qpu:ibex-q1,ONLINE,
2026-09-22T12:49:54+00:00,aws:quera:qpu:aquila,UNAVAILABLE,
2026-09-22T12:49:54+00:00,ibm:ibm:qpu:marrakesh,ONLINE,
2026-09-22T12:49:54+00:00,ibm:ibm:qpu:pittsburgh,UNAVAILABLE,
2026-09-22T12:49:54+00:00,azure:pasqal:qpu:fresnel,OFFLINE,
2026-09-22T12:49:54+00:00,aws:iqm:qpu:emerald,ONLINE,
2026-09-22T12:49:54+00:00,azure:ionq:qpu:forte-1,OFFLINE,
2026-09-22T12:49:54+00:00,ibm:ibm:qpu:kingston,ONLINE,
2026-09-22T12:49:54+00:00,aws:ionq:qpu:forte-1,OFFLINE,
2026-09-22T12:49:54+00:00,aws:ionq:qpu:forte-enterprise-1,ONLINE,
2026-09-22T12:49:54+00:00,ionq:ionq:qpu:forte-1,UNAVAILABLE,
2026-09-22T12:49:54+00:00,ibm:ibm:qpu:fez,ONLINE,
2026-09-22T12:49:54+00:00,aws:iqm:qpu:garnet,ONLINE,
2026-09-22T12:49:54+00:00,azure:rigetti:qpu:cepheus-1-36q,OFFLINE,
2026-09-22T12:49:54+00:00,azure:ionq:qpu:forte-enterprise-1,OFFLINE,
2026-09-22T12:49:54+00:00,ibm:ibm:qpu:boston,ONLINE,
2026-09-22T12:49:54+00:00,ibm:ibm:qpu:miami,ONLINE,
2026-09-22T12:49:54+00:00,rigetti:rigetti:qpu:cepheus-1-108q,ONLINE,
2026-09-22T12:49:54+00:00,aws:rigetti:qpu:cepheus-1-108q,ONLINE,
2026-09-22T12:49:54+00:00,openquantum:aqt:qpu:ibex-q1,ONLINE,
2026-09-22T12:49:54+00:00,openquantum:ionq:qpu:forte-1,ONLINE,
2026-09-22T12:49:54+00:00,openquantum:ionq:qpu:forte-enterprise,ONLINE,
2026-09-22T12:49:54+00:00,openquantum:iqm:qpu:emerald,ONLINE,
2026-09-22T12:49:54+00:00,openquantum:iqm:qpu:garnet,ONLINE,
2026-09-22T12:49:54+00:00,openquantum:rigetti:qpu:cepheus-1-108q,ONLINE,
2026-09-22T17:31:39+00:00,aws:aqt:qpu:ibex-q1,UNAVAILABLE,
2026-09-22T17:31:39+00:00,aws:quera:qpu:aquila,UNAVAILABLE,
2026-09-22T17:31:39+00:00,ibm:ibm:qpu:marrakesh,ONLINE,
2026-09-22T17:31:39+00:00,ibm:ibm:qpu:pittsburgh,ONLINE,
2026-09-22T17:31:39+00:00,azure:pasqal:qpu:fresnel,OFFLINE,
2026-09-22T17:31:39+00:00,aws:iqm:qpu:emerald,ONLINE,
2026-09-22T17:31:39+00:00,azure:ionq:qpu:forte-1,OFFLINE,
2026-09-22T17:31:39+00:00,ibm:ibm:qpu:kingston,ONLINE,
2026-09-22T17:31:39+00:00,aws:ionq:qpu:forte-1,OFFLINE,
2026-09-22T17:31:39+00:00,aws:ionq:qpu:forte-enterprise-1,ONLINE,
2026-09-22T17:31:39+00:00,ionq:ionq:qpu:forte-1,UNAVAILABLE,
2026-09-22T17:31:39+00:00,ibm:ibm:qpu:fez,ONLINE,
2026-09-22T17:31:39+00:00,aws:iqm:qpu:garnet,ONLINE,
2026-09-22T17:31:39+00:00,azure:rigetti:qpu:cepheus-1-36q,OFFLINE,
2026-09-22T17:31:39+00:00,azure:ionq:qpu:forte-enterprise-1,OFFLINE,
2026-09-22T17:31:39+00:00,ibm:ibm:qpu:boston,ONLINE,
2026-09-22T17:31:39+00:00,ibm:ibm:qpu:miami,ONLINE,
2026-09-22T17:31:39+00:00,rigetti:rigetti:qpu:cepheus-1-108q,ONLINE,
2026-09-22T17:31:39+00:00,aws:rigetti:qpu:cepheus-1-108q,ONLINE,
2026-09-22T17:31:39+00:00,openquantum:aqt:qpu:ibex-q1,ONLINE,
2026-09-22T17:31:39+00:00,openquantum:ionq:qpu:forte-1,ONLINE,
2026-09-22T17:31:39+00:00,openquantum:ionq:qpu:forte-enterprise,ONLINE,
2026-09-22T17:31:39+00:00,openquantum:iqm:qpu:emerald,ONLINE,
2026-09-22T17:31:39+00:00,openquantum:iqm:qpu:garnet,ONLINE,
2026-09-22T17:31:39+00:00,openquantum:rigetti:qpu:cepheus-1-108q,ONLINE,
2026-09-22T20:29:08+00:00,aws:aqt:qpu:ibex-q1,UNAVAILABLE,
2026-09-22T20:29:08+00:00,aws:quera:qpu:aquila,UNAVAILABLE,
2026-09-22T20:29:08+00:00,ibm:ibm:qpu:marrakesh,ONLINE,
2026-09-22T20:29:08+00:00,ibm:ibm:qpu:pittsburgh,ONLINE,
2026-09-22T20:29:08+00:00,azure:pasqal:qpu:fresnel,OFFLINE,
2026-09-22T20:29:08+00:00,aws:iqm:qpu:emerald,ONLINE,
2026-09-22T20:29:08+00:00,azure:ionq:qpu:forte-1,OFFLINE,
2026-09-22T20:29:08+00:00,ibm:ibm:qpu:kingston,ONLINE,
2026-09-22T20:29:08+00:00,aws:ionq:qpu:forte-1,OFFLINE,
2026-09-22T20:29:08+00:00,aws:ionq:qpu:forte-enterprise-1,ONLINE,
2026-09-22T20:29:08+00:00,ionq:ionq:qpu:forte-1,UNAVAILABLE,
2026-09-22T20:29:08+00:00,ibm:ibm:qpu:fez,ONLINE,
2026-09-22T20:29:08+00:00,aws:iqm:qpu:garnet,ONLINE,
2026-09-22T20:29:08+00:00,azure:rigetti:qpu:cepheus-1-36q,OFFLINE,
2026-09-22T20:29:08+00:00,azure:ionq:qpu:forte-enterprise-1,OFFLINE,
2026-09-22T20:29:08+00:00,ibm:ibm:qpu:boston,ONLINE,
2026-09-22T20:29:08+00:00,ibm:ibm:qpu:miami,ONLINE,
2026-09-22T20:29:08+00:00,rigetti:rigetti:qpu:cepheus-1-108q,ONLINE,
2026-09-22T20:29:08+00:00,aws:rigetti:qpu:cepheus-1-108q,UNAVAILABLE,
2026-09-22T20:29:08+00:00,openquantum:aqt:qpu:ibex-q1,ONLINE,
2026-09-22T20:29:08+00:00,openquantum:ionq:qpu:forte-1,ONLINE,
2026-09-22T20:29:08+00:00,openquantum:ionq:qpu:forte-enterprise,ONLINE,
2026-09-22T20:29:08+00:00,openquantum:iqm:qpu:emerald,ONLINE,
2026-09-22T20:29:08+00:00,openquantum:iqm:qpu:garnet,ONLINE,
2026-09-22T20:29:08+00:00,openquantum:rigetti:qpu:cepheus-1-108q,ONLINE,
2026-09-22T23:16:26+00:00,aws:aqt:qpu:ibex-q1,UNAVAILABLE,
2026-09-22T23:16:26+00:00,aws:quera:qpu:aquila,UNAVAILABLE,
2026-09-22T23:16:26+00:00,ibm:ibm:qpu:marrakesh,ONLINE,
2026-09-22T23:16:26+00:00,ibm:ibm:qpu:pittsburgh,ONLINE,
2026-09-22T23:16:26+00:00,azure:pasqal:qpu:fresnel,OFFLINE,
2026-09-22T23:16:26+00:00,aws:iqm:qpu:emerald,ONLINE,
2026-09-22T23:16:26+00:00,azure:ionq:qpu:forte-1,OFFLINE,
2026-09-22T23:16:26+00:00,ibm:ibm:qpu:kingston,ONLINE,
2026-09-22T23:16:26+00:00,aws:ionq:qpu:forte-1,OFFLINE,
2026-09-22T23:16:26+00:00,aws:ionq:qpu:forte-enterprise-1,ONLINE,
2026-09-22T23:16:26+00:00,ionq:ionq:qpu:forte-1,UNAVAILABLE,
2026-09-22T23:16:26+00:00,ibm:ibm:qpu:fez,ONLINE,
2026-09-22T23:16:26+00:00,aws:iqm:qpu:garnet,ONLINE,
2026-09-22T23:16:26+00:00,azure:rigetti:qpu:cepheus-1-36q,OFFLINE,
2026-09-22T23:16:26+00:00,azure:ionq:qpu:forte-enterprise-1,OFFLINE,
2026-09-22T23:16:26+00:00,ibm:ibm:qpu:boston,ONLINE,
2026-09-22T23:16:26+00:00,ibm:ibm:qpu:miami,ONLINE,
2026-09-22T23:16:26+00:00,rigetti:rigetti:qpu:cepheus-1-108q,ONLINE,
2026-09-22T23:16:26+00:00,aws:rigetti:qpu:cepheus-1-108q,ONLINE,
2026-09-22T23:16:26+00:00,openquantum:aqt:qpu:ibex-q1,ONLINE,
2026-09-22T23:16:26+00:00,openquantum:ionq:qpu:forte-1,ONLINE,
2026-09-22T23:16:26+00:00,openquantum:ionq:qpu:forte-enterprise,ONLINE,
2026-09-22T23:16:26+00:00,openquantum:iqm:qpu:emerald,ONLINE,
2026-09-22T23:16:26+00:00,openquantum:iqm:qpu:garnet,ONLINE,
2026-09-22T23:16:26+00:00,openquantum:rigetti:qpu:cepheus-1-108q,ONLINE,
2026-09-23T01:48:08+00:00,aws:aqt:qpu:ibex-q1,UNAVAILABLE,
2026-09-23T01:48:08+00:00,aws:quera:qpu:aquila,UNAVAILABLE,
2026-09-23T01:48:08+00:00,ibm:ibm:qpu:marrakesh,ONLINE,
2026-09-23T01:48:08+00:00,ibm:ibm:qpu:pittsburgh,ONLINE,
2026-09-23T01:48:08+00:00,azure:pasqal:qpu:fresnel,OFFLINE,
2026-09-23T01:48:08+00:00,aws:iqm:qpu:emerald,ONLINE,
2026-09-23T01:48:08+00:00,azure:ionq:qpu:forte-1,OFFLINE,
2026-09-23T01:48:08+00:00,ibm:ibm:qpu:kingston,ONLINE,
2026-09-23T01:48:08+00:00,aws:ionq:qpu:forte-1,OFFLINE,
2026-09-23T01:48:08+00:00,aws:ionq:qpu:forte-enterprise-1,ONLINE,
2026-09-23T01:48:08+00:00,ionq:ionq:qpu:forte-1,UNAVAILABLE,
2026-09-23T01:48:08+00:00,ibm:ibm:qpu:fez,ONLINE,
2026-09-23T01:48:08+00:00,aws:iqm:qpu:garnet,UNAVAILABLE,
2026-09-23T01:48:08+00:00,azure:rigetti:qpu:cepheus-1-36q,OFFLINE,
2026-09-23T01:48:08+00:00,azure:ionq:qpu:forte-enterprise-1,OFFLINE,
2026-09-23T01:48:08+00:00,ibm:ibm:qpu:boston,ONLINE,
2026-09-23T01:48:08+00:00,ibm:ibm:qpu:miami,ONLINE,
2026-09-23T01:48:08+00:00,rigetti:rigetti:qpu:cepheus-1-108q,ONLINE,
2026-09-23T01:48:08+00:00,aws:rigetti:qpu:cepheus-1-108q,ONLINE,
2026-09-23T01:48:08+00:00,openquantum:aqt:qpu:ibex-q1,ONLINE,
2026-09-23T01:48:08+00:00,openquantum:ionq:qpu:forte-1,ONLINE,
2026-09-23T01:48:08+00:00,openquantum:ionq:qpu:forte-enterprise,ONLINE,
2026-09-23T01:48:08+00:00,openquantum:iqm:qpu:emerald,ONLINE,
2026-09-23T01:48:08+00:00,openquantum:iqm:qpu:garnet,ONLINE,
2026-09-23T01:48:08+00:00,openquantum:rigetti:qpu:cepheus-1-108q,ONLINE,
2026-09-23T07:24:07+00:00,aws:aqt:qpu:ibex-q1,UNAVAILABLE,
2026-09-23T07:24:07+00:00,aws:quera:qpu:aquila,UNAVAILABLE,
2026-09-23T07:24:07+00:00,ibm:ibm:qpu:marrakesh,ONLINE,
2026-09-23T07:24:07+00:00,ibm:ibm:qpu:pittsburgh,ONLINE,
2026-09-23T07:24:07+00:00,azure:pasqal:qpu:fresnel,OFFLINE,
2026-09-23T07:24:07+00:00,aws:iqm:qpu:emerald,ONLINE,
2026-09-23T07:24:07+00:00,azure:ionq:qpu:forte-1,OFFLINE,
2026-09-23T07:24:07+00:00,ibm:ibm:qpu:kingston,ONLINE,
2026-09-23T07:24:07+00:00,aws:ionq:qpu:forte-1,OFFLINE,
2026-09-23T07:24:07+00:00,aws:ionq:qpu:forte-enterprise-1,ONLINE,
2026-09-23T07:24:07+00:00,ionq:ionq:qpu:forte-1,UNAVAILABLE,
2026-09-23T07:24:07+00:00,ibm:ibm:qpu:fez,ONLINE,
2026-09-23T07:24:07+00:00,aws:iqm:qpu:garnet,ONLINE,
2026-09-23T07:24:07+00:00,azure:rigetti:qpu:cepheus-1-36q,OFFLINE,
2026-09-23T07:24:07+00:00,azure:ionq:qpu:forte-enterprise-1,OFFLINE,
2026-09-23T07:24:07+00:00,ibm:ibm:qpu:boston,ONLINE,
2026-09-23T07:24:07+00:00,ibm:ibm:qpu:miami,ONLINE,
2026-09-23T07:24:07+00:00,rigetti:rigetti:qpu:cepheus-1-108q,ONLINE,
2026-09-23T07:24:07+00:00,aws:rigetti:qpu:cepheus-1-108q,UNAVAILABLE,
2026-09-23T07:24:07+00:00,openquantum:aqt:qpu:ibex-q1,ONLINE,
2026-09-23T07:24:07+00:00,openquantum:ionq:qpu:forte-1,ONLINE,
2026-09-23T07:24:07+00:00,openquantum:ionq:qpu:forte-enterprise,ONLINE,
2026-09-23T07:24:07+00:00,openquantum:iqm:qpu:emerald,ONLINE,
2026-09-23T07:24:07+00:00,openquantum:iqm:qpu:garnet,ONLINE,
2026-09-23T07:24:07+00:00,openquantum:rigetti:qpu:cepheus-1-108q,ONLINE,
2026-09-23T13:00:57+00:00,aws:aqt:qpu:ibex-q1,ONLINE,
2026-09-23T13:00:57+00:00,aws:quera:qpu:aquila,UNAVAILABLE,
2026-09-23T13:00:57+00:00,ibm:ibm:qpu:marrakesh,ONLINE,
2026-09-23T13:00:57+00:00,ibm:ibm:qpu:pittsburgh,ONLINE,
2026-09-23T13:00:57+00:00,azure:pasqal:qpu:fresnel,OFFLINE,
2026-09-23T13:00:57+00:00,aws:iqm:qpu:emerald,ONLINE,
2026-09-23T13:00:57+00:00,azure:ionq:qpu:forte-1,OFFLINE,
2026-09-23T13:00:57+00:00,ibm:ibm:qpu:kingston,ONLINE,
2026-09-23T13:00:57+00:00,aws:ionq:qpu:forte-1,OFFLINE,
2026-09-23T13:00:57+00:00,aws:ionq:qpu:forte-enterprise-1,ONLINE,
2026-09-23T13:00:57+00:00,ionq:ionq:qpu:forte-1,UNAVAILABLE,
2026-09-23T13:00:57+00:00,ibm:ibm:qpu:fez,ONLINE,
2026-09-23T13:00:57+00:00,aws:iqm:qpu:garnet,ONLINE,
2026-09-23T13:00:57+00:00,azure:rigetti:qpu:cepheus-1-36q,OFFLINE,
2026-09-23T13:00:57+00:00,azure:ionq:qpu:forte-enterprise-1,OFFLINE,
2026-09-23T13:00:57+00:00,ibm:ibm:qpu:boston,ONLINE,
2026-09-23T13:00:57+00:00,ibm:ibm:qpu:miami,ONLINE,
2026-09-23T13:00:57+00:00,rigetti:rigetti:qpu:cepheus-1-108q,ONLINE,
2026-09-23T13:00:57+00:00,aws:rigetti:qpu:cepheus-1-108q,ONLINE,
2026-09-23T13:00:57+00:00,openquantum:aqt:qpu:ibex-q1,ONLINE,
2026-09-23T13:00:57+00:00,openquantum:ionq:qpu:forte-1,ONLINE,
2026-09-23T13:00:57+00:00,openquantum:ionq:qpu:forte-enterprise,ONLINE,
2026-09-23T13:00:57+00:00,openquantum:iqm:qpu:emerald,ONLINE,
2026-09-23T13:00:57+00:00,openquantum:iqm:qpu:garnet,ONLINE,
2026-09-23T13:00:57+00:00,openquantum:rigetti:qpu:cepheus-1-108q,ONLINE,
2026-09-23T17:58:38+00:00,aws:aqt:qpu:ibex-q1,UNAVAILABLE,
2026-09-23T17:58:38+00:00,aws:quera:qpu:aquila,UNAVAILABLE,
2026-09-23T17:58:38+00:00,ibm:ibm:qpu:marrakesh,ONLINE,
2026-09-23T17:58:38+00:00,ibm:ibm:qpu:pittsburgh,ONLINE,
2026-09-23T17:58:38+00:00,azure:pasqal:qpu:fresnel,OFFLINE,
2026-09-23T17:58:38+00:00,aws:iqm:qpu:emerald,ONLINE,
2026-09-23T17:58:38+00:00,azure:ionq:qpu:forte-1,OFFLINE,
2026-09-23T17:58:38+00:00,ibm:ibm:qpu:kingston,ONLINE,
2026-09-23T17:58:38+00:00,aws:ionq:qpu:forte-1,OFFLINE,
2026-09-23T17:58:38+00:00,aws:ionq:qpu:forte-enterprise-1,ONLINE,
2026-09-23T17:58:38+00:00,ionq:ionq:qpu:forte-1,UNAVAILABLE,
2026-09-23T17:58:38+00:00,ibm:ibm:qpu:fez,ONLINE,
2026-09-23T17:58:38+00:00,aws:iqm:qpu:garnet,ONLINE,
2026-09-23T17:58:38+00:00,azure:rigetti:qpu:cepheus-1-36q,OFFLINE,
2026-09-23T17:58:38+00:00,azure:ionq:qpu:forte-enterprise-1,OFFLINE,
2026-09-23T17:58:38+00:00,ibm:ibm:qpu:boston,ONLINE,
2026-09-23T17:58:38+00:00,ibm:ibm:qpu:miami,ONLINE,
2026-09-23T17:58:38+00:00,rigetti:rigetti:qpu:cepheus-1-108q,ONLINE,
2026-09-23T17:58:38+00:00,aws:rigetti:qpu:cepheus-1-108q,ONLINE,
2026-09-23T17:58:38+00:00,openquantum:aqt:qpu:ibex-q1,ONLINE,
2026-09-23T17:58:38+00:00,openquantum:ionq:qpu:forte-1,ONLINE,
2026-09-23T17:58:38+00:00,openquantum:ionq:qpu:forte-enterprise,ONLINE,
2026-09-23T17:58:38+00:00,openquantum:iqm:qpu:emerald,ONLINE,
2026-09-23T17:58:38+00:00,openquantum:iqm:qpu:garnet,ONLINE,
2026-09-23T17:58:38+00:00,openquantum:rigetti:qpu:cepheus-1-108q,ONLINE,
2026-09-23T21:25:16+00:00,aws:aqt:qpu:ibex-q1,UNAVAILABLE,
2026-09-23T21:25:16+00:00,aws:quera:qpu:aquila,UNAVAILABLE,
2026-09-23T21:25:16+00:00,ibm:ibm:qpu:marrakesh,ONLINE,
2026-09-23T21:25:16+00:00,ibm:ibm:qpu:pittsburgh,ONLINE,
2026-09-23T21:25:16+00:00,azure:pasqal:qpu:fresnel,OFFLINE,
2026-09-23T21:25:16+00:00,aws:iqm:qpu:emerald,ONLINE,
2026-09-23T21:25:16+00:00,azure:ionq:qpu:forte-1,OFFLINE,
2026-09-23T21:25:16+00:00,ibm:ibm:qpu:kingston,ONLINE,
2026-09-23T21:25:16+00:00,aws:ionq:qpu:forte-1,OFFLINE,
2026-09-23T21:25:16+00:00,aws:ionq:qpu:forte-enterprise-1,ONLINE,
2026-09-23T21:25:16+00:00,ionq:ionq:qpu:forte-1,UNAVAILABLE,
2026-09-23T21:25:16+00:00,ibm:ibm:qpu:fez,ONLINE,
2026-09-23T21:25:16+00:00,aws:iqm:qpu:garnet,ONLINE,
2026-09-23T21:25:16+00:00,azure:rigetti:qpu:cepheus-1-36q,OFFLINE,
2026-09-23T21:25:16+00:00,azure:ionq:qpu:forte-enterprise-1,OFFLINE,
2026-09-23T21:25:16+00:00,ibm:ibm:qpu:boston,ONLINE,
2026-09-23T21:25:16+00:00,ibm:ibm:qpu:miami,ONLINE,
2026-09-23T21:25:16+00:00,rigetti:rigetti:qpu:cepheus-1-108q,ONLINE,
2026-09-23T21:25:16+00:00,aws:rigetti:qpu:cepheus-1-108q,ONLINE,
2026-09-23T21:25:16+00:00,openquantum:aqt:qpu:ibex-q1,ONLINE,
2026-09-23T21:25:16+00:00,openquantum:ionq:qpu:forte-1,ONLINE,
2026-09-23T21:25:16+00:00,openquantum:ionq:qpu:forte-enterprise,ONLINE,
2026-09-23T21:25:16+00:00,openquantum:iqm:qpu:emerald,ONLINE,
2026-09-23T21:25:16+00:00,openquantum:iqm:qpu:garnet,ONLINE,
2026-09-23T21:25:16+00:00,openquantum:rigetti:qpu:cepheus-1-108q,ONLINE,
2026-09-23T23:58:21+00:00,aws:aqt:qpu:ibex-q1,UNAVAILABLE,
2026-09-23T23:58:21+00:00,aws:quera:qpu:aquila,UNAVAILABLE,
2026-09-23T23:58:21+00:00,ibm:ibm:qpu:marrakesh,ONLINE,
2026-09-23T23:58:21+00:00,ibm:ibm:qpu:pittsburgh,ONLINE,
2026-09-23T23:58:21+00:00,azure:pasqal:qpu:fresnel,OFFLINE,
2026-09-23T23:58:21+00:00,aws:iqm:qpu:emerald,ONLINE,
2026-09-23T23:58:21+00:00,azure:ionq:qpu:forte-1,OFFLINE,
2026-09-23T23:58:21+00:00,ibm:ibm:qpu:kingston,ONLINE,
2026-09-23T23:58:21+00:00,aws:ionq:qpu:forte-1,OFFLINE,
2026-09-23T23:58:21+00:00,aws:ionq:qpu:forte-enterprise-1,ONLINE,
2026-09-23T23:58:21+00:00,ionq:ionq:qpu:forte-1,UNAVAILABLE,
2026-09-23T23:58:21+00:00,ibm:ibm:qpu:fez,ONLINE,
2026-09-23T23:58:21+00:00,aws:iqm:qpu:garnet,ONLINE,
2026-09-23T23:58:21+00:00,azure:rigetti:qpu:cepheus-1-36q,OFFLINE,
2026-09-23T23:58:21+00:00,azure:ionq:qpu:forte-enterprise-1,OFFLINE,
2026-09-23T23:58:21+00:00,ibm:ibm:qpu:boston,ONLINE,
2026-09-23T23:58:21+00:00,ibm:ibm:qpu:miami,ONLINE,
2026-09-23T23:58:21+00:00,rigetti:rigetti:qpu:cepheus-1-108q,ONLINE,
2026-09-23T23:58:21+00:00,aws:rigetti:qpu:cepheus-1-108q,ONLINE,
2026-09-23T23:58:21+00:00,openquantum:aqt:qpu:ibex-q1,ONLINE,
2026-09-23T23:58:21+00:00,openquantum:ionq:qpu:forte-1,ONLINE,
2026-09-23T23:58:21+00:00,openquantum:ionq:qpu:forte-enterprise,ONLINE,
2026-09-23T23:58:21+00:00,openquantum:iqm:qpu:emerald,ONLINE,
2026-09-23T23:58:21+00:00,openquantum:iqm:qpu:garnet,ONLINE,
2026-09-23T23:58:21+00:00,openquantum:rigetti:qpu:cepheus-1-108q,ONLINE,
2026-09-24T04:31:26+00:00,aws:aqt:qpu:ibex-q1,UNAVAILABLE,
2026-09-24T04:31:26+00:00,aws:quera:qpu:aquila,UNAVAILABLE,
2026-09-24T04:31:26+00:00,ibm:ibm:qpu:marrakesh,ONLINE,
2026-09-24T04:31:26+00:00,ibm:ibm:qpu:pittsburgh,ONLINE,
2026-09-24T04:31:26+00:00,azure:pasqal:qpu:fresnel,OFFLINE,
2026-09-24T04:31:26+00:00,aws:iqm:qpu:emerald,UNAVAILABLE,
2026-09-24T04:31:26+00:00,azure:ionq:qpu:forte-1,OFFLINE,
2026-09-24T04:31:26+00:00,ibm:ibm:qpu:kingston,ONLINE,
2026-09-24T04:31:26+00:00,aws:ionq:qpu:forte-1,OFFLINE,
2026-09-24T04:31:26+00:00,aws:ionq:qpu:forte-enterprise-1,ONLINE,
2026-09-24T04:31:26+00:00,ionq:ionq:qpu:forte-1,UNAVAILABLE,
2026-09-24T04:31:26+00:00,ibm:ibm:qpu:fez,ONLINE,
2026-09-24T04:31:26+00:00,aws:iqm:qpu:garnet,ONLINE,
2026-09-24T04:31:26+00:00,azure:rigetti:qpu:cepheus-1-36q,OFFLINE,
2026-09-24T04:31:26+00:00,azure:ionq:qpu:forte-enterprise-1,OFFLINE,
2026-09-24T04:31:26+00:00,ibm:ibm:qpu:boston,ONLINE,
2026-09-24T04:31:26+00:00,ibm:ibm:qpu:miami,ONLINE,
2026-09-24T04:31:26+00:00,rigetti:rigetti:qpu:cepheus-1-108q,ONLINE,
2026-09-24T04:31:26+00:00,aws:rigetti:qpu:cepheus-1-108q,ONLINE,
2026-09-24T04:31:26+00:00,openquantum:aqt:qpu:ibex-q1,ONLINE,
2026-09-24T04:31:26+00:00,openquantum:ionq:qpu:forte-1,ONLINE,
2026-09-24T04:31:26+00:00,openquantum:ionq:qpu:forte-enterprise,ONLINE,
2026-09-24T04:31:26+00:00,openquantum:iqm:qpu:emerald,ONLINE,
2026-09-24T04:31:26+00:00,openquantum:iqm:qpu:garnet,ONLINE,
2026-09-24T04:31:26+00:00,openquantum:rigetti:qpu:cepheus-1-108q,ONLINE,
2026-09-24T09:33:20+00:00,aws:aqt:qpu:ibex-q1,UNAVAILABLE,
2026-09-24T09:33:20+00:00,aws:quera:qpu:aquila,UNAVAILABLE,
2026-09-24T09:33:20+00:00,ibm:ibm:qpu:marrakesh,ONLINE,
2026-09-24T09:33:20+00:00,ibm:ibm:qpu:pittsburgh,UNAVAILABLE,
2026-09-24T09:33:20+00:00,azure:pasqal:qpu:fresnel,OFFLINE,
2026-09-24T09:33:20+00:00,aws:iqm:qpu:emerald,ONLINE,
2026-09-24T09:33:20+00:00,azure:ionq:qpu:forte-1,OFFLINE,
2026-09-24T09:33:20+00:00,ibm:ibm:qpu:kingston,ONLINE,
2026-09-24T09:33:20+00:00,aws:ionq:qpu:forte-1,OFFLINE,
2026-09-24T09:33:20+00:00,aws:ionq:qpu:forte-enterprise-1,UNAVAILABLE,
2026-09-24T09:33:20+00:00,ionq:ionq:qpu:forte-1,UNAVAILABLE,
2026-09-24T09:33:20+00:00,ibm:ibm:qpu:fez,ONLINE,
2026-09-24T09:33:20+00:00,aws:iqm:qpu:garnet,ONLINE,
2026-09-24T09:33:20+00:00,azure:rigetti:qpu:cepheus-1-36q,OFFLINE,
2026-09-24T09:33:20+00:00,azure:ionq:qpu:forte-enterprise-1,OFFLINE,
2026-09-24T09:33:20+00:00,ibm:ibm:qpu:boston,ONLINE,
2026-09-24T09:33:20+00:00,ibm:ibm:qpu:miami,ONLINE,
2026-09-24T09:33:20+00:00,rigetti:rigetti:qpu:cepheus-1-108q,ONLINE,
2026-09-24T09:33:20+00:00,aws:rigetti:qpu:cepheus-1-108q,ONLINE,
2026-09-24T09:33:20+00:00,openquantum:aqt:qpu:ibex-q1,ONLINE,
2026-09-24T09:33:20+00:00,openquantum:ionq:qpu:forte-1,ONLINE,
2026-09-24T09:33:20+00:00,openquantum:ionq:qpu:forte-enterprise,ONLINE,
2026-09-24T09:33:20+00:00,openquantum:iqm:qpu:emerald,ONLINE,
2026-09-24T09:33:20+00:00,openquantum:iqm:qpu:garnet,ONLINE,
2026-09-24T09:33:20+00:00,openquantum:rigetti:qpu:cepheus-1-108q,ONLINE,
2026-09-24T14:27:19+00:00,aws:aqt:qpu:ibex-q1,UNAVAILABLE,
2026-09-24T14:27:19+00:00,aws:quera:qpu:aquila,UNAVAILABLE,
2026-09-24T14:27:19+00:00,ibm:ibm:qpu:marrakesh,ONLINE,
2026-09-24T14:27:19+00:00,ibm:ibm:qpu:pittsburgh,UNAVAILABLE,
2026-09-24T14:27:19+00:00,azure:pasqal:qpu:fresnel,OFFLINE,
2026-09-24T14:27:19+00:00,aws:iqm:qpu:emerald,ONLINE,
2026-09-24T14:27:19+00:00,azure:ionq:qpu:forte-1,OFFLINE,
2026-09-24T14:27:19+00:00,ibm:ibm:qpu:kingston,ONLINE,
2026-09-24T14:27:19+00:00,aws:ionq:qpu:forte-1,OFFLINE,
2026-09-24T14:27:19+00:00,aws:ionq:qpu:forte-enterprise-1,ONLINE,
2026-09-24T14:27:19+00:00,ionq:ionq:qpu:forte-1,UNAVAILABLE,
2026-09-24T14:27:19+00:00,ibm:ibm:qpu:fez,ONLINE,
2026-09-24T14:27:19+00:00,aws:iqm:qpu:garnet,ONLINE,
2026-09-24T14:27:19+00:00,azure:rigetti:qpu:cepheus-1-36q,OFFLINE,
2026-09-24T14:27:19+00:00,azure:ionq:qpu:forte-enterprise-1,OFFLINE,
2026-09-24T14:27:19+00:00,ibm:ibm:qpu:boston,ONLINE,
2026-09-24T14:27:19+00:00,ibm:ibm:qpu:miami,ONLINE,
2026-09-24T14:27:19+00:00,rigetti:rigetti:qpu:cepheus-1-108q,ONLINE,
2026-09-24T14:27:19+00:00,aws:rigetti:qpu:cepheus-1-108q,ONLINE,
2026-09-24T14:27:19+00:00,openquantum:aqt:qpu:ibex-q1,ONLINE,
2026-09-24T14:27:19+00:00,openquantum:ionq:qpu:forte-1,ONLINE,
2026-09-24T14:27:19+00:00,openquantum:ionq:qpu:forte-enterprise,ONLINE,
2026-09-24T14:27:19+00:00,openquantum:iqm:qpu:emerald,ONLINE,
2026-09-24T14:27:19+00:00,openquantum:iqm:qpu:garnet,ONLINE,
2026-09-24T14:27:19+00:00,openquantum:rigetti:qpu:cepheus-1-108q,ONLINE,
2026-09-24T18:40:41+00:00,aws:aqt:qpu:ibex-q1,UNAVAILABLE,
2026-09-24T18:40:41+00:00,aws:quera:qpu:aquila,UNAVAILABLE,
2026-09-24T18:40:41+00:00,ibm:ibm:qpu:marrakesh,ONLINE,
2026-09-24T18:40:41+00:00,ibm:ibm:qpu:pittsburgh,ONLINE,
2026-09-24T18:40:41+00:00,azure:pasqal:qpu:fresnel,OFFLINE,
2026-09-24T18:40:41+00:00,aws:iqm:qpu:emerald,ONLINE,
2026-09-24T18:40:41+00:00,azure:ionq:qpu:forte-1,OFFLINE,
2026-09-24T18:40:41+00:00,ibm:ibm:qpu:kingston,ONLINE,
2026-09-24T18:40:41+00:00,aws:ionq:qpu:forte-1,OFFLINE,
2026-09-24T18:40:41+00:00,aws:ionq:qpu:forte-enterprise-1,ONLINE,
2026-09-24T18:40:41+00:00,ionq:ionq:qpu:forte-1,UNAVAILABLE,
2026-09-24T18:40:41+00:00,ibm:ibm:qpu:fez,ONLINE,
2026-09-24T18:40:41+00:00,aws:iqm:qpu:garnet,ONLINE,
2026-09-24T18:40:41+00:00,azure:rigetti:qpu:cepheus-1-36q,OFFLINE,
2026-09-24T18:40:41+00:00,azure:ionq:qpu:forte-enterprise-1,OFFLINE,
2026-09-24T18:40:41+00:00,ibm:ibm:qpu:boston,ONLINE,
2026-09-24T18:40:41+00:00,ibm:ibm:qpu:miami,ONLINE,
2026-09-24T18:40:41+00:00,rigetti:rigetti:qpu:cepheus-1-108q,ONLINE,
2026-09-24T18:40:41+00:00,aws:rigetti:qpu:cepheus-1-108q,ONLINE,
2026-09-24T18:40:41+00:00,openquantum:aqt:qpu:ibex-q1,ONLINE,
2026-09-24T18:40:41+00:00,openquantum:ionq:qpu:forte-1,ONLINE,
2026-09-24T18:40:41+00:00,openquantum:ionq:qpu:forte-enterprise,ONLINE,
2026-09-24T18:40:41+00:00,openquantum:iqm:qpu:emerald,ONLINE,
2026-09-24T18:40:41+00:00,openquantum:iqm:qpu:garnet,ONLINE,
2026-09-24T18:40:41+00:00,openquantum:rigetti:qpu:cepheus-1-108q,ONLINE,
2026-09-24T21:49:54+00:00,aws:aqt:qpu:ibex-q1,UNAVAILABLE,
2026-09-24T21:49:54+00:00,aws:quera:qpu:aquila,UNAVAILABLE,
2026-09-24T21:49:54+00:00,ibm:ibm:qpu:marrakesh,ONLINE,
2026-09-24T21:49:54+00:00,ibm:ibm:qpu:pittsburgh,ONLINE,
2026-09-24T21:49:54+00:00,azure:pasqal:qpu:fresnel,OFFLINE,
2026-09-24T21:49:54+00:00,aws:iqm:qpu:emerald,ONLINE,
2026-09-24T21:49:54+00:00,azure:ionq:qpu:forte-1,OFFLINE,
2026-09-24T21:49:54+00:00,ibm:ibm:qpu:kingston,ONLINE,
2026-09-24T21:49:54+00:00,aws:ionq:qpu:forte-1,OFFLINE,
2026-09-24T21:49:54+00:00,aws:ionq:qpu:forte-enterprise-1,ONLINE,
2026-09-24T21:49:54+00:00,ionq:ionq:qpu:forte-1,UNAVAILABLE,
2026-09-24T21:49:54+00:00,ibm:ibm:qpu:fez,ONLINE,
2026-09-24T21:49:54+00:00,aws:iqm:qpu:garnet,ONLINE,
2026-09-24T21:49:54+00:00,azure:rigetti:qpu:cepheus-1-36q,OFFLINE,
2026-09-24T21:49:54+00:00,azure:ionq:qpu:forte-enterprise-1,OFFLINE,
2026-09-24T21:49:54+00:00,ibm:ibm:qpu:boston,ONLINE,
2026-09-24T21:49:54+00:00,ibm:ibm:qpu:miami,ONLINE,
2026-09-24T21:49:54+00:00,rigetti:rigetti:qpu:cepheus-1-108q,ONLINE,
2026-09-24T21:49:54+00:00,aws:rigetti:qpu:cepheus-1-108q,ONLINE,
2026-09-24T21:49:54+00:00,openquantum:aqt:qpu:ibex-q1,ONLINE,
2026-09-24T21:49:54+00:00,openquantum:ionq:qpu:forte-1,ONLINE,
2026-09-24T21:49:54+00:00,openquantum:ionq:qpu:forte-enterprise,ONLINE,
2026-09-24T21:49:54+00:00,openquantum:iqm:qpu:emerald,ONLINE,
2026-09-24T21:49:54+00:00,openquantum:iqm:qpu:garnet,ONLINE,
2026-09-24T21:49:54+00:00,openquantum:rigetti:qpu:cepheus-1-108q,ONLINE,
2026-09-25T00:17:31+00:00,aws:aqt:qpu:ibex-q1,UNAVAILABLE,
2026-09-25T00:17:31+00:00,aws:quera:qpu:aquila,UNAVAILABLE,
2026-09-25T00:17:31+00:00,ibm:ibm:qpu:marrakesh,ONLINE,
2026-09-25T00:17:31+00:00,ibm:ibm:qpu:pittsburgh,ONLINE,
2026-09-25T00:17:31+00:00,azure:pasqal:qpu:fresnel,OFFLINE,
2026-09-25T00:17:31+00:00,aws:iqm:qpu:emerald,ONLINE,
2026-09-25T00:17:31+00:00,azure:ionq:qpu:forte-1,OFFLINE,
2026-09-25T00:17:31+00:00,ibm:ibm:qpu:kingston,ONLINE,
2026-09-25T00:17:31+00:00,aws:ionq:qpu:forte-1,OFFLINE,
2026-09-25T00:17:31+00:00,aws:ionq:qpu:forte-enterprise-1,ONLINE,
2026-09-25T00:17:31+00:00,ionq:ionq:qpu:forte-1,UNAVAILABLE,
2026-09-25T00:17:31+00:00,ibm:ibm:qpu:fez,ONLINE,
2026-09-25T00:17:31+00:00,aws:iqm:qpu:garnet,ONLINE,
2026-09-25T00:17:31+00:00,azure:rigetti:qpu:cepheus-1-36q,OFFLINE,
2026-09-25T00:17:31+00:00,azure:ionq:qpu:forte-enterprise-1,OFFLINE,
2026-09-25T00:17:31+00:00,ibm:ibm:qpu:boston,ONLINE,
2026-09-25T00:17:31+00:00,ibm:ibm:qpu:miami,ONLINE,
2026-09-25T00:17:31+00:00,rigetti:rigetti:qpu:cepheus-1-108q,ONLINE,
2026-09-25T00:17:31+00:00,aws:rigetti:qpu:cepheus-1-108q,ONLINE,
2026-09-25T00:17:31+00:00,openquantum:aqt:qpu:ibex-q1,ONLINE,
2026-09-25T00:17:31+00:00,openquantum:ionq:qpu:forte-1,ONLINE,
2026-09-25T00:17:31+00:00,openquantum:ionq:qpu:forte-enterprise,ONLINE,
2026-09-25T00:17:31+00:00,openquantum:iqm:qpu:emerald,ONLINE,
2026-09-25T00:17:31+00:00,openquantum:iqm:qpu:garnet,ONLINE,
2026-09-25T00:17:31+00:00,openquantum:rigetti:qpu:cepheus-1-108q,ONLINE,
2026-09-25T05:25:14+00:00,aws:aqt:qpu:ibex-q1,UNAVAILABLE,
2026-09-25T05:25:14+00:00,aws:quera:qpu:aquila,ONLINE,
2026-09-25T05:25:14+00:00,ibm:ibm:qpu:marrakesh,ONLINE,
2026-09-25T05:25:14+00:00,ibm:ibm:qpu:pittsburgh,ONLINE,
2026-09-25T05:25:14+00:00,azure:pasqal:qpu:fresnel,OFFLINE,
2026-09-25T05:25:14+00:00,aws:iqm:qpu:emerald,UNAVAILABLE,
2026-09-25T05:25:14+00:00,azure:ionq:qpu:forte-1,OFFLINE,
2026-09-25T05:25:14+00:00,ibm:ibm:qpu:kingston,ONLINE,
2026-09-25T05:25:14+00:00,aws:ionq:qpu:forte-1,OFFLINE,
2026-09-25T05:25:14+00:00,aws:ionq:qpu:forte-enterprise-1,ONLINE,
2026-09-25T05:25:14+00:00,ionq:ionq:qpu:forte-1,UNAVAILABLE,
2026-09-25T05:25:14+00:00,ibm:ibm:qpu:fez,ONLINE,
2026-09-25T05:25:14+00:00,aws:iqm:qpu:garnet,ONLINE,
2026-09-25T05:25:14+00:00,azure:rigetti:qpu:cepheus-1-36q,OFFLINE,
2026-09-25T05:25:14+00:00,azure:ionq:qpu:forte-enterprise-1,OFFLINE,
2026-09-25T05:25:14+00:00,ibm:ibm:qpu:boston,ONLINE,
2026-09-25T05:25:14+00:00,ibm:ibm:qpu:miami,ONLINE,
2026-09-25T05:25:14+00:00,rigetti:rigetti:qpu:cepheus-1-108q,ONLINE,
2026-09-25T05:25:14+00:00,aws:rigetti:qpu:cepheus-1-108q,ONLINE,
2026-09-25T05:25:14+00:00,openquantum:aqt:qpu:ibex-q1,ONLINE,
2026-09-25T05:25:14+00:00,openquantum:ionq:qpu:forte-1,ONLINE,
2026-09-25T05:25:14+00:00,openquantum:ionq:qpu:forte-enterprise,ONLINE,
2026-09-25T05:25:14+00:00,openquantum:iqm:qpu:emerald,ONLINE,
2026-09-25T05:25:14+00:00,openquantum:iqm:qpu:garnet,ONLINE,
2026-09-25T05:25:14+00:00,openquantum:rigetti:qpu:cepheus-1-108q,ONLINE,
2026-09-25T10:34:18+00:00,aws:aqt:qpu:ibex-q1,ONLINE,
2026-09-25T10:34:18+00:00,aws:quera:qpu:aquila,ONLINE,
2026-09-25T10:34:18+00:00,ibm:ibm:qpu:marrakesh,ONLINE,
2026-09-25T10:34:18+00:00,ibm:ibm:qpu:pittsburgh,ONLINE,
2026-09-25T10:34:18+00:00,azure:pasqal:qpu:fresnel,OFFLINE,
2026-09-25T10:34:18+00:00,aws:iqm:qpu:emerald,ONLINE,
2026-09-25T10:34:18+00:00,azure:ionq:qpu:forte-1,OFFLINE,
2026-09-25T10:34:18+00:00,ibm:ibm:qpu:kingston,ONLINE,
2026-09-25T10:34:18+00:00,aws:ionq:qpu:forte-1,OFFLINE,
2026-09-25T10:34:18+00:00,aws:ionq:qpu:forte-enterprise-1,ONLINE,
2026-09-25T10:34:18+00:00,ionq:ionq:qpu:forte-1,UNAVAILABLE,
2026-09-25T10:34:18+00:00,ibm:ibm:qpu:fez,ONLINE,
2026-09-25T10:34:18+00:00,aws:iqm:qpu:garnet,ONLINE,
2026-09-25T10:34:18+00:00,azure:rigetti:qpu:cepheus-1-36q,OFFLINE,
2026-09-25T10:34:18+00:00,azure:ionq:qpu:forte-enterprise-1,OFFLINE,
2026-09-25T10:34:18+00:00,ibm:ibm:qpu:boston,ONLINE,
2026-09-25T10:34:18+00:00,ibm:ibm:qpu:miami,ONLINE,
2026-09-25T10:34:18+00:00,rigetti:rigetti:qpu:cepheus-1-108q,ONLINE,
2026-09-25T10:34:18+00:00,aws:rigetti:qpu:cepheus-1-108q,ONLINE,
2026-09-25T10:34:18+00:00,openquantum:aqt:qpu:ibex-q1,ONLINE,
2026-09-25T10:34:18+00:00,openquantum:ionq:qpu:forte-1,ONLINE,
2026-09-25T10:34:18+00:00,openquantum:ionq:qpu:forte-enterprise,ONLINE,
2026-09-25T10:34:18+00:00,openquantum:iqm:qpu:emerald,ONLINE,
2026-09-25T10:34:18+00:00,openquantum:iqm:qpu:garnet,ONLINE,
2026-09-25T10:34:18+00:00,openquantum:rigetti:qpu:cepheus-1-108q,ONLINE,
2026-09-25T15:34:12+00:00,aws:aqt:qpu:ibex-q1,UNAVAILABLE,
2026-09-25T15:34:12+00:00,aws:quera:qpu:aquila,ONLINE,
2026-09-25T15:34:12+00:00,ibm:ibm:qpu:marrakesh,ONLINE,
2026-09-25T15:34:12+00:00,ibm:ibm:qpu:pittsburgh,ONLINE,
2026-09-25T15:34:12+00:00,azure:pasqal:qpu:fresnel,OFFLINE,
2026-09-25T15:34:12+00:00,aws:iqm:qpu:emerald,ONLINE,
2026-09-25T15:34:12+00:00,azure:ionq:qpu:forte-1,OFFLINE,
2026-09-25T15:34:12+00:00,ibm:ibm:qpu:kingston,ONLINE,
2026-09-25T15:34:12+00:00,aws:ionq:qpu:forte-1,OFFLINE,
2026-09-25T15:34:12+00:00,aws:ionq:qpu:forte-enterprise-1,ONLINE,
2026-09-25T15:34:12+00:00,ionq:ionq:qpu:forte-1,UNAVAILABLE,
2026-09-25T15:34:12+00:00,ibm:ibm:qpu:fez,ONLINE,
2026-09-25T15:34:12+00:00,aws:iqm:qpu:garnet,UNAVAILABLE,
2026-09-25T15:34:12+00:00,azure:rigetti:qpu:cepheus-1-36q,OFFLINE,
2026-09-25T15:34:12+00:00,azure:ionq:qpu:forte-enterprise-1,OFFLINE,
2026-09-25T15:34:12+00:00,ibm:ibm:qpu:boston,ONLINE,
2026-09-25T15:34:12+00:00,ibm:ibm:qpu:miami,ONLINE,
2026-09-25T15:34:12+00:00,rigetti:rigetti:qpu:cepheus-1-108q,ONLINE,
2026-09-25T15:34:12+00:00,aws:rigetti:qpu:cepheus-1-108q,ONLINE,
2026-09-25T15:34:12+00:00,openquantum:aqt:qpu:ibex-q1,ONLINE,
2026-09-25T15:34:12+00:00,openquantum:ionq:qpu:forte-1,ONLINE,
2026-09-25T15:34:12+00:00,openquantum:ionq:qpu:forte-enterprise,ONLINE,
2026-09-25T15:34:12+00:00,openquantum:iqm:qpu:emerald,ONLINE,
2026-09-25T15:34:12+00:00,openquantum:iqm:qpu:garnet,ONLINE,
2026-09-25T15:34:12+00:00,openquantum:rigetti:qpu:cepheus-1-108q,ONLINE,
2026-09-25T19:33:59+00:00,aws:aqt:qpu:ibex-q1,UNAVAILABLE,
2026-09-25T19:33:59+00:00,aws:quera:qpu:aquila,ONLINE,
2026-09-25T19:33:59+00:00,ibm:ibm:qpu:marrakesh,ONLINE,
2026-09-25T19:33:59+00:00,ibm:ibm:qpu:pittsburgh,ONLINE,
2026-09-25T19:33:59+00:00,azure:pasqal:qpu:fresnel,OFFLINE,
2026-09-25T19:33:59+00:00,aws:iqm:qpu:emerald,ONLINE,
2026-09-25T19:33:59+00:00,azure:ionq:qpu:forte-1,OFFLINE,
2026-09-25T19:33:59+00:00,ibm:ibm:qpu:kingston,ONLINE,
2026-09-25T19:33:59+00:00,aws:ionq:qpu:forte-1,OFFLINE,
2026-09-25T19:33:59+00:00,aws:ionq:qpu:forte-enterprise-1,ONLINE,
2026-09-25T19:33:59+00:00,ionq:ionq:qpu:forte-1,UNAVAILABLE,
2026-09-25T19:33:59+00:00,ibm:ibm:qpu:fez,ONLINE,
2026-09-25T19:33:59+00:00,aws:iqm:qpu:garnet,ONLINE,
2026-09-25T19:33:59+00:00,azure:rigetti:qpu:cepheus-1-36q,OFFLINE,
2026-09-25T19:33:59+00:00,azure:ionq:qpu:forte-enterprise-1,OFFLINE,
2026-09-25T19:33:59+00:00,ibm:ibm:qpu:boston,ONLINE,
2026-09-25T19:33:59+00:00,ibm:ibm:qpu:miami,ONLINE,
2026-09-25T19:33:59+00:00,rigetti:rigetti:qpu:cepheus-1-108q,ONLINE,
2026-09-25T19:33:59+00:00,aws:rigetti:qpu:cepheus-1-108q,UNAVAILABLE,
2026-09-25T19:33:59+00:00,openquantum:aqt:qpu:ibex-q1,ONLINE,
2026-09-25T19:33:59+00:00,openquantum:ionq:qpu:forte-1,ONLINE,
2026-09-25T19:33:59+00:00,openquantum:ionq:qpu:forte-enterprise,ONLINE,
2026-09-25T19:33:59+00:00,openquantum:iqm:qpu:emerald,ONLINE,
2026-09-25T19:33:59+00:00,openquantum:iqm:qpu:garnet,ONLINE,
2026-09-25T19:33:59+00:00,openquantum:rigetti:qpu:cepheus-1-108q,ONLINE,
2026-09-25T22:49:30+00:00,aws:aqt:qpu:ibex-q1,UNAVAILABLE,
2026-09-25T22:49:30+00:00,aws:quera:qpu:aquila,ONLINE,
2026-09-25T22:49:30+00:00,ibm:ibm:qpu:marrakesh,ONLINE,
2026-09-25T22:49:30+00:00,ibm:ibm:qpu:pittsburgh,ONLINE,
2026-09-25T22:49:30+00:00,azure:pasqal:qpu:fresnel,OFFLINE,
2026-09-25T22:49:30+00:00,aws:iqm:qpu:emerald,ONLINE,
2026-09-25T22:49:30+00:00,azure:ionq:qpu:forte-1,OFFLINE,
2026-09-25T22:49:30+00:00,ibm:ibm:qpu:kingston,ONLINE,
2026-09-25T22:49:30+00:00,aws:ionq:qpu:forte-1,OFFLINE,
2026-09-25T22:49:30+00:00,aws:ionq:qpu:forte-enterprise-1,ONLINE,
2026-09-25T22:49:30+00:00,ionq:ionq:qpu:forte-1,UNAVAILABLE,
2026-09-25T22:49:30+00:00,ibm:ibm:qpu:fez,ONLINE,
2026-09-25T22:49:30+00:00,aws:iqm:qpu:garnet,ONLINE,
2026-09-25T22:49:30+00:00,azure:rigetti:qpu:cepheus-1-36q,OFFLINE,
2026-09-25T22:49:30+00:00,azure:ionq:qpu:forte-enterprise-1,OFFLINE,
2026-09-25T22:49:30+00:00,ibm:ibm:qpu:boston,ONLINE,
2026-09-25T22:49:30+00:00,ibm:ibm:qpu:miami,ONLINE,
2026-09-25T22:49:30+00:00,rigetti:rigetti:qpu:cepheus-1-108q,ONLINE,
2026-09-25T22:49:30+00:00,aws:rigetti:qpu:cepheus-1-108q,ONLINE,
2026-09-25T22:49:30+00:00,openquantum:aqt:qpu:ibex-q1,ONLINE,
2026-09-25T22:49:30+00:00,openquantum:ionq:qpu:forte-1,ONLINE,
2026-09-25T22:49:30+00:00,openquantum:ionq:qpu:forte-enterprise,ONLINE,
2026-09-25T22:49:30+00:00,openquantum:iqm:qpu:emerald,ONLINE,
2026-09-25T22:49:30+00:00,openquantum:iqm:qpu:garnet,ONLINE,
2026-09-25T22:49:30+00:00,openquantum:rigetti:qpu:cepheus-1-108q,ONLINE,
2026-09-26T01:12:41+00:00,aws:aqt:qpu:ibex-q1,UNAVAILABLE,
2026-09-26T01:12:41+00:00,aws:quera:qpu:aquila,ONLINE,
2026-09-26T01:12:41+00:00,ibm:ibm:qpu:marrakesh,ONLINE,
2026-09-26T01:12:41+00:00,ibm:ibm:qpu:pittsburgh,ONLINE,
2026-09-26T01:12:41+00:00,azure:pasqal:qpu:fresnel,OFFLINE,
2026-09-26T01:12:41+00:00,aws:iqm:qpu:emerald,UNAVAILABLE,
2026-09-26T01:12:41+00:00,azure:ionq:qpu:forte-1,OFFLINE,
2026-09-26T01:12:41+00:00,ibm:ibm:qpu:kingston,ONLINE,
2026-09-26T01:12:41+00:00,aws:ionq:qpu:forte-1,OFFLINE,
2026-09-26T01:12:41+00:00,aws:ionq:qpu:forte-enterprise-1,ONLINE,
2026-09-26T01:12:41+00:00,ionq:ionq:qpu:forte-1,UNAVAILABLE,
2026-09-26T01:12:41+00:00,ibm:ibm:qpu:fez,ONLINE,
2026-09-26T01:12:41+00:00,aws:iqm:qpu:garnet,UNAVAILABLE,
2026-09-26T01:12:41+00:00,azure:rigetti:qpu:cepheus-1-36q,OFFLINE,
2026-09-26T01:12:41+00:00,azure:ionq:qpu:forte-enterprise-1,OFFLINE,
2026-09-26T01:12:41+00:00,ibm:ibm:qpu:boston,ONLINE,
2026-09-26T01:12:41+00:00,ibm:ibm:qpu:miami,ONLINE,
2026-09-26T01:12:41+00:00,rigetti:rigetti:qpu:cepheus-1-108q,ONLINE,
2026-09-26T01:12:41+00:00,aws:rigetti:qpu:cepheus-1-108q,ONLINE,
2026-09-26T01:12:41+00:00,openquantum:aqt:qpu:ibex-q1,ONLINE,
2026-09-26T01:12:41+00:00,openquantum:ionq:qpu:forte-1,ONLINE,
2026-09-26T01:12:41+00:00,openquantum:ionq:qpu:forte-enterprise,ONLINE,
2026-09-26T01:12:41+00:00,openquantum:iqm:qpu:emerald,ONLINE,
2026-09-26T01:12:41+00:00,openquantum:iqm:qpu:garnet,ONLINE,
2026-09-26T01:12:41+00:00,openquantum:rigetti:qpu:cepheus-1-108q,ONLINE,
2026-09-26T06:37:50+00:00,aws:aqt:qpu:ibex-q1,UNAVAILABLE,
2026-09-26T06:37:50+00:00,aws:quera:qpu:aquila,ONLINE,
2026-09-26T06:37:50+00:00,ibm:ibm:qpu:marrakesh,ONLINE,
2026-09-26T06:37:50+00:00,ibm:ibm:qpu:pittsburgh,ONLINE,
2026-09-26T06:37:50+00:00,azure:pasqal:qpu:fresnel,OFFLINE,
2026-09-26T06:37:50+00:00,aws:iqm:qpu:emerald,UNAVAILABLE,
2026-09-26T06:37:50+00:00,azure:ionq:qpu:forte-1,OFFLINE,
2026-09-26T06:37:50+00:00,ibm:ibm:qpu:kingston,ONLINE,
2026-09-26T06:37:50+00:00,aws:ionq:qpu:forte-1,OFFLINE,
2026-09-26T06:37:50+00:00,aws:ionq:qpu:forte-enterprise-1,ONLINE,
2026-09-26T06:37:50+00:00,ionq:ionq:qpu:forte-1,UNAVAILABLE,
2026-09-26T06:37:50+00:00,ibm:ibm:qpu:fez,ONLINE,
2026-09-26T06:37:50+00:00,aws:iqm:qpu:garnet,UNAVAILABLE,
2026-09-26T06:37:50+00:00,azure:rigetti:qpu:cepheus-1-36q,OFFLINE,
2026-09-26T06:37:50+00:00,azure:ionq:qpu:forte-enterprise-1,OFFLINE,
2026-09-26T06:37:50+00:00,ibm:ibm:qpu:boston,ONLINE,
2026-09-26T06:37:50+00:00,ibm:ibm:qpu:miami,ONLINE,
2026-09-26T06:37:50+00:00,rigetti:rigetti:qpu:cepheus-1-108q,ONLINE,
2026-09-26T06:37:50+00:00,aws:rigetti:qpu:cepheus-1-108q,ONLINE,
2026-09-26T06:37:50+00:00,openquantum:aqt:qpu:ibex-q1,ONLINE,
2026-09-26T06:37:50+00:00,openquantum:ionq:qpu:forte-1,ONLINE,
2026-09-26T06:37:50+00:00,openquantum:ionq:qpu:forte-enterprise,ONLINE,
2026-09-26T06:37:50+00:00,openquantum:iqm:qpu:emerald,ONLINE,
2026-09-26T06:37:50+00:00,openquantum:iqm:qpu:garnet,ONLINE,
2026-09-26T06:37:50+00:00,openquantum:rigetti:qpu:cepheus-1-108q,ONLINE,
2026-09-26T11:48:35+00:00,aws:aqt:qpu:ibex-q1,UNAVAILABLE,
2026-09-26T11:48:35+00:00,aws:quera:qpu:aquila,ONLINE,
2026-09-26T11:48:35+00:00,ibm:ibm:qpu:marrakesh,ONLINE,
2026-09-26T11:48:35+00:00,ibm:ibm:qpu:pittsburgh,ONLINE,
2026-09-26T11:48:35+00:00,azure:pasqal:qpu:fresnel,OFFLINE,
2026-09-26T11:48:35+00:00,aws:iqm:qpu:emerald,UNAVAILABLE,
2026-09-26T11:48:35+00:00,azure:ionq:qpu:forte-1,OFFLINE,
2026-09-26T11:48:35+00:00,ibm:ibm:qpu:kingston,ONLINE,
2026-09-26T11:48:35+00:00,aws:ionq:qpu:forte-1,OFFLINE,
2026-09-26T11:48:35+00:00,aws:ionq:qpu:forte-enterprise-1,ONLINE,
2026-09-26T11:48:35+00:00,ionq:ionq:qpu:forte-1,UNAVAILABLE,
2026-09-26T11:48:35+00:00,ibm:ibm:qpu:fez,ONLINE,
2026-09-26T11:48:35+00:00,aws:iqm:qpu:garnet,UNAVAILABLE,
2026-09-26T11:48:35+00:00,azure:rigetti:qpu:cepheus-1-36q,OFFLINE,
2026-09-26T11:48:35+00:00,azure:ionq:qpu:forte-enterprise-1,OFFLINE,
2026-09-26T11:48:35+00:00,ibm:ibm:qpu:boston,ONLINE,
2026-09-26T11:48:35+00:00,ibm:ibm:qpu:miami,ONLINE,
2026-09-26T11:48:35+00:00,rigetti:rigetti:qpu:cepheus-1-108q,ONLINE,
2026-09-26T11:48:35+00:00,aws:rigetti:qpu:cepheus-1-108q,ONLINE,
2026-09-26T11:48:35+00:00,openquantum:aqt:qpu:ibex-q1,ONLINE,
2026-09-26T11:48:35+00:00,openquantum:ionq:qpu:forte-1,ONLINE,
2026-09-26T11:48:35+00:00,openquantum:ionq:qpu:forte-enterprise,ONLINE,
2026-09-26T11:48:35+00:00,openquantum:iqm:qpu:emerald,ONLINE,
2026-09-26T11:48:35+00:00,openquantum:iqm:qpu:garnet,ONLINE,
2026-09-26T11:48:35+00:00,openquantum:rigetti:qpu:cepheus-1-108q,ONLINE,
2026-09-26T15:53:02+00:00,aws:aqt:qpu:ibex-q1,UNAVAILABLE,
2026-09-26T15:53:02+00:00,aws:quera:qpu:aquila,ONLINE,
2026-09-26T15:53:02+00:00,ibm:ibm:qpu:marrakesh,ONLINE,
2026-09-26T15:53:02+00:00,ibm:ibm:qpu:pittsburgh,ONLINE,
2026-09-26T15:53:02+00:00,azure:pasqal:qpu:fresnel,OFFLINE,
2026-09-26T15:53:02+00:00,aws:iqm:qpu:emerald,UNAVAILABLE,
2026-09-26T15:53:02+00:00,azure:ionq:qpu:forte-1,OFFLINE,
2026-09-26T15:53:02+00:00,ibm:ibm:qpu:kingston,ONLINE,
2026-09-26T15:53:02+00:00,aws:ionq:qpu:forte-1,OFFLINE,
2026-09-26T15:53:02+00:00,aws:ionq:qpu:forte-enterprise-1,ONLINE,
2026-09-26T15:53:02+00:00,ionq:ionq:qpu:forte-1,UNAVAILABLE,
2026-09-26T15:53:02+00:00,ibm:ibm:qpu:fez,ONLINE,
2026-09-26T15:53:02+00:00,aws:iqm:qpu:garnet,UNAVAILABLE,
2026-09-26T15:53:02+00:00,azure:rigetti:qpu:cepheus-1-36q,OFFLINE,
2026-09-26T15:53:02+00:00,azure:ionq:qpu:forte-enterprise-1,OFFLINE,
2026-09-26T15:53:02+00:00,ibm:ibm:qpu:boston,ONLINE,
2026-09-26T15:53:02+00:00,ibm:ibm:qpu:miami,ONLINE,
2026-09-26T15:53:02+00:00,rigetti:rigetti:qpu:cepheus-1-108q,ONLINE,
2026-09-26T15:53:02+00:00,aws:rigetti:qpu:cepheus-1-108q,ONLINE,
2026-09-26T15:53:02+00:00,openquantum:aqt:qpu:ibex-q1,ONLINE,
2026-09-26T15:53:02+00:00,openquantum:ionq:qpu:forte-1,ONLINE,
2026-09-26T15:53:02+00:00,openquantum:ionq:qpu:forte-enterprise,ONLINE,
2026-09-26T15:53:02+00:00,openquantum:iqm:qpu:emerald,ONLINE,
2026-09-26T15:53:02+00:00,openquantum:iqm:qpu:garnet,ONLINE,
2026-09-26T15:53:02+00:00,openquantum:rigetti:qpu:cepheus-1-108q,ONLINE,
2026-09-26T19:02:31+00:00,aws:aqt:qpu:ibex-q1,UNAVAILABLE,
2026-09-26T19:02:31+00:00,aws:quera:qpu:aquila,ONLINE,
2026-09-26T19:02:31+00:00,ibm:ibm:qpu:marrakesh,ONLINE,
2026-09-26T19:02:31+00:00,ibm:ibm:qpu:pittsburgh,ONLINE,
2026-09-26T19:02:31+00:00,azure:pasqal:qpu:fresnel,OFFLINE,
2026-09-26T19:02:31+00:00,aws:iqm:qpu:emerald,UNAVAILABLE,
2026-09-26T19:02:31+00:00,azure:ionq:qpu:forte-1,OFFLINE,
2026-09-26T19:02:31+00:00,ibm:ibm:qpu:kingston,ONLINE,
2026-09-26T19:02:31+00:00,aws:ionq:qpu:forte-1,OFFLINE,
2026-09-26T19:02:31+00:00,aws:ionq:qpu:forte-enterprise-1,ONLINE,
2026-09-26T19:02:31+00:00,ionq:ionq:qpu:forte-1,UNAVAILABLE,
2026-09-26T19:02:31+00:00,ibm:ibm:qpu:fez,ONLINE,
2026-09-26T19:02:31+00:00,aws:iqm:qpu:garnet,UNAVAILABLE,
2026-09-26T19:02:31+00:00,azure:rigetti:qpu:cepheus-1-36q,OFFLINE,
2026-09-26T19:02:31+00:00,azure:ionq:qpu:forte-enterprise-1,OFFLINE,
2026-09-26T19:02:31+00:00,ibm:ibm:qpu:boston,ONLINE,
2026-09-26T19:02:31+00:00,ibm:ibm:qpu:miami,ONLINE,
2026-09-26T19:02:31+00:00,rigetti:rigetti:qpu:cepheus-1-108q,ONLINE,
2026-09-26T19:02:31+00:00,aws:rigetti:qpu:cepheus-1-108q,UNAVAILABLE,
2026-09-26T19:02:31+00:00,openquantum:aqt:qpu:ibex-q1,ONLINE,
2026-09-26T19:02:31+00:00,openquantum:ionq:qpu:forte-1,ONLINE,
2026-09-26T19:02:31+00:00,openquantum:ionq:qpu:forte-enterprise,ONLINE,
2026-09-26T19:02:31+00:00,openquantum:iqm:qpu:emerald,ONLINE,
2026-09-26T19:02:31+00:00,openquantum:iqm:qpu:garnet,ONLINE,
2026-09-26T19:02:31+00:00,openquantum:rigetti:qpu:cepheus-1-108q,ONLINE,
2026-09-26T22:12:15+00:00,aws:aqt:qpu:ibex-q1,UNAVAILABLE,
2026-09-26T22:12:15+00:00,aws:quera:qpu:aquila,ONLINE,
2026-09-26T22:12:15+00:00,ibm:ibm:qpu:marrakesh,ONLINE,
2026-09-26T22:12:15+00:00,ibm:ibm:qpu:pittsburgh,ONLINE,
2026-09-26T22:12:15+00:00,azure:pasqal:qpu:fresnel,OFFLINE,
2026-09-26T22:12:15+00:00,aws:iqm:qpu:emerald,UNAVAILABLE,
2026-09-26T22:12:15+00:00,azure:ionq:qpu:forte-1,OFFLINE,
2026-09-26T22:12:15+00:00,ibm:ibm:qpu:kingston,ONLINE,
2026-09-26T22:12:15+00:00,aws:ionq:qpu:forte-1,OFFLINE,
2026-09-26T22:12:15+00:00,aws:ionq:qpu:forte-enterprise-1,ONLINE,
2026-09-26T22:12:15+00:00,ionq:ionq:qpu:forte-1,UNAVAILABLE,
2026-09-26T22:12:15+00:00,ibm:ibm:qpu:fez,ONLINE,
2026-09-26T22:12:15+00:00,aws:iqm:qpu:garnet,UNAVAILABLE,
2026-09-26T22:12:15+00:00,azure:rigetti:qpu:cepheus-1-36q,OFFLINE,
2026-09-26T22:12:15+00:00,azure:ionq:qpu:forte-enterprise-1,OFFLINE,
2026-09-26T22:12:15+00:00,ibm:ibm:qpu:boston,ONLINE,
2026-09-26T22:12:15+00:00,ibm:ibm:qpu:miami,ONLINE,
2026-09-26T22:12:15+00:00,rigetti:rigetti:qpu:cepheus-1-108q,ONLINE,
2026-09-26T22:12:15+00:00,aws:rigetti:qpu:cepheus-1-108q,ONLINE,
2026-09-26T22:12:15+00:00,openquantum:aqt:qpu:ibex-q1,ONLINE,
2026-09-26T22:12:15+00:00,openquantum:ionq:qpu:forte-1,ONLINE,
2026-09-26T22:12:15+00:00,openquantum:ionq:qpu:forte-enterprise,ONLINE,
2026-09-26T22:12:15+00:00,openquantum:iqm:qpu:emerald,ONLINE,
2026-09-26T22:12:15+00:00,openquantum:iqm:qpu:garnet,ONLINE,
2026-09-26T22:12:15+00:00,openquantum:rigetti:qpu:cepheus-1-108q,ONLINE,
2026-09-27T00:53:20+00:00,aws:aqt:qpu:ibex-q1,UNAVAILABLE,
2026-09-27T00:53:20+00:00,aws:quera:qpu:aquila,UNAVAILABLE,
2026-09-27T00:53:20+00:00,ibm:ibm:qpu:marrakesh,ONLINE,
2026-09-27T00:53:20+00:00,ibm:ibm:qpu:pittsburgh,ONLINE,
2026-09-27T00:53:20+00:00,azure:pasqal:qpu:fresnel,OFFLINE,
2026-09-27T00:53:20+00:00,aws:iqm:qpu:emerald,UNAVAILABLE,
2026-09-27T00:53:20+00:00,azure:ionq:qpu:forte-1,OFFLINE,
2026-09-27T00:53:20+00:00,ibm:ibm:qpu:kingston,ONLINE,
2026-09-27T00:53:20+00:00,aws:ionq:qpu:forte-1,OFFLINE,
2026-09-27T00:53:20+00:00,aws:ionq:qpu:forte-enterprise-1,ONLINE,
2026-09-27T00:53:20+00:00,ionq:ionq:qpu:forte-1,UNAVAILABLE,
2026-09-27T00:53:20+00:00,ibm:ibm:qpu:fez,ONLINE,
2026-09-27T00:53:20+00:00,aws:iqm:qpu:garnet,UNAVAILABLE,
2026-09-27T00:53:20+00:00,azure:rigetti:qpu:cepheus-1-36q,OFFLINE,
2026-09-27T00:53:20+00:00,azure:ionq:qpu:forte-enterprise-1,OFFLINE,
2026-09-27T00:53:20+00:00,ibm:ibm:qpu:boston,ONLINE,
2026-09-27T00:53:20+00:00,ibm:ibm:qpu:miami,ONLINE,
2026-09-27T00:53:20+00:00,rigetti:rigetti:qpu:cepheus-1-108q,ONLINE,
2026-09-27T00:53:20+00:00,aws:rigetti:qpu:cepheus-1-108q,ONLINE,
2026-09-27T00:53:20+00:00,openquantum:aqt:qpu:ibex-q1,ONLINE,
2026-09-27T00:53:20+00:00,openquantum:ionq:qpu:forte-1,ONLINE,
2026-09-27T00:53:20+00:00,openquantum:ionq:qpu:forte-enterprise,ONLINE,
2026-09-27T00:53:20+00:00,openquantum:iqm:qpu:emerald,ONLINE,
2026-09-27T00:53:20+00:00,openquantum:iqm:qpu:garnet,ONLINE,
2026-09-27T00:53:20+00:00,openquantum:rigetti:qpu:cepheus-1-108q,ONLINE,
2026-09-27T06:17:03+00:00,aws:aqt:qpu:ibex-q1,UNAVAILABLE,
2026-09-27T06:17:03+00:00,aws:quera:qpu:aquila,ONLINE,
2026-09-27T06:17:03+00:00,ibm:ibm:qpu:marrakesh,ONLINE,
2026-09-27T06:17:03+00:00,ibm:ibm:qpu:pittsburgh,ONLINE,
2026-09-27T06:17:03+00:00,azure:pasqal:qpu:fresnel,OFFLINE,
2026-09-27T06:17:03+00:00,aws:iqm:qpu:emerald,UNAVAILABLE,
2026-09-27T06:17:03+00:00,azure:ionq:qpu:forte-1,OFFLINE,
2026-09-27T06:17:03+00:00,ibm:ibm:qpu:kingston,ONLINE,
2026-09-27T06:17:03+00:00,aws:ionq:qpu:forte-1,OFFLINE,
2026-09-27T06:17:03+00:00,aws:ionq:qpu:forte-enterprise-1,ONLINE,
2026-09-27T06:17:03+00:00,ionq:ionq:qpu:forte-1,UNAVAILABLE,
2026-09-27T06:17:03+00:00,ibm:ibm:qpu:fez,ONLINE,
2026-09-27T06:17:03+00:00,aws:iqm:qpu:garnet,UNAVAILABLE,
2026-09-27T06:17:03+00:00,azure:rigetti:qpu:cepheus-1-36q,OFFLINE,
2026-09-27T06:17:03+00:00,azure:ionq:qpu:forte-enterprise-1,OFFLINE,
2026-09-27T06:17:03+00:00,ibm:ibm:qpu:boston,ONLINE,
2026-09-27T06:17:03+00:00,ibm:ibm:qpu:miami,ONLINE,
2026-09-27T06:17:03+00:00,rigetti:rigetti:qpu:cepheus-1-108q,ONLINE,
2026-09-27T06:17:03+00:00,aws:rigetti:qpu:cepheus-1-108q,ONLINE,
2026-09-27T06:17:03+00:00,openquantum:aqt:qpu:ibex-q1,ONLINE,
2026-09-27T06:17:03+00:00,openquantum:ionq:qpu:forte-1,ONLINE,
2026-09-27T06:17:03+00:00,openquantum:ionq:qpu:forte-enterprise,ONLINE,
2026-09-27T06:17:03+00:00,openquantum:iqm:qpu:emerald,ONLINE,
2026-09-27T06:17:03+00:00,openquantum:iqm:qpu:garnet,ONLINE,
2026-09-27T06:17:03+00:00,openquantum:rigetti:qpu:cepheus-1-108q,ONLINE,
2026-09-27T12:28:14+00:00,aws:aqt:qpu:ibex-q1,UNAVAILABLE,
2026-09-27T12:28:14+00:00,aws:quera:qpu:aquila,UNAVAILABLE,
2026-09-27T12:28:14+00:00,ibm:ibm:qpu:marrakesh,ONLINE,
2026-09-27T12:28:14+00:00,ibm:ibm:qpu:pittsburgh,ONLINE,
2026-09-27T12:28:14+00:00,azure:pasqal:qpu:fresnel,OFFLINE,
2026-09-27T12:28:14+00:00,aws:iqm:qpu:emerald,UNAVAILABLE,
2026-09-27T12:28:14+00:00,azure:ionq:qpu:forte-1,OFFLINE,
2026-09-27T12:28:14+00:00,ibm:ibm:qpu:kingston,ONLINE,
2026-09-27T12:28:14+00:00,aws:ionq:qpu:forte-1,OFFLINE,
2026-09-27T12:28:14+00:00,aws:ionq:qpu:forte-enterprise-1,ONLINE,
2026-09-27T12:28:14+00:00,ionq:ionq:qpu:forte-1,UNAVAILABLE,
2026-09-27T12:28:14+00:00,ibm:ibm:qpu:fez,ONLINE,
2026-09-27T12:28:14+00:00,aws:iqm:qpu:garnet,UNAVAILABLE,
2026-09-27T12:28:14+00:00,azure:rigetti:qpu:cepheus-1-36q,OFFLINE,
2026-09-27T12:28:14+00:00,azure:ionq:qpu:forte-enterprise-1,OFFLINE,
2026-09-27T12:28:14+00:00,ibm:ibm:qpu:boston,ONLINE,
2026-09-27T12:28:14+00:00,ibm:ibm:qpu:miami,ONLINE,
2026-09-27T12:28:14+00:00,rigetti:rigetti:qpu:cepheus-1-108q,ONLINE,
2026-09-27T12:28:14+00:00,aws:rigetti:qpu:cepheus-1-108q,ONLINE,
2026-09-27T12:28:14+00:00,openquantum:aqt:qpu:ibex-q1,ONLINE,
2026-09-27T12:28:14+00:00,openquantum:ionq:qpu:forte-1,ONLINE,
2026-09-27T12:28:14+00:00,openquantum:ionq:qpu:forte-enterprise,ONLINE,
2026-09-27T12:28:14+00:00,openquantum:iqm:qpu:emerald,ONLINE,
2026-09-27T12:28:14+00:00,openquantum:iqm:qpu:garnet,ONLINE,
2026-09-27T12:28:14+00:00,openquantum:rigetti:qpu:cepheus-1-108q,ONLINE,
2026-09-27T17:18:02+00:00,aws:aqt:qpu:ibex-q1,UNAVAILABLE,
2026-09-27T17:18:02+00:00,aws:quera:qpu:aquila,ONLINE,
2026-09-27T17:18:02+00:00,ibm:ibm:qpu:marrakesh,ONLINE,
2026-09-27T17:18:02+00:00,ibm:ibm:qpu:pittsburgh,ONLINE,
2026-09-27T17:18:02+00:00,azure:pasqal:qpu:fresnel,OFFLINE,
2026-09-27T17:18:02+00:00,aws:iqm:qpu:emerald,UNAVAILABLE,
2026-09-27T17:18:02+00:00,azure:ionq:qpu:forte-1,OFFLINE,
2026-09-27T17:18:02+00:00,ibm:ibm:qpu:kingston,ONLINE,
2026-09-27T17:18:02+00:00,aws:ionq:qpu:forte-1,OFFLINE,
2026-09-27T17:18:02+00:00,aws:ionq:qpu:forte-enterprise-1,ONLINE,
2026-09-27T17:18:02+00:00,ionq:ionq:qpu:forte-1,UNAVAILABLE,
2026-09-27T17:18:02+00:00,ibm:ibm:qpu:fez,ONLINE,
2026-09-27T17:18:02+00:00,aws:iqm:qpu:garnet,UNAVAILABLE,
2026-09-27T17:18:02+00:00,azure:rigetti:qpu:cepheus-1-36q,OFFLINE,
2026-09-27T17:18:02+00:00,azure:ionq:qpu:forte-enterprise-1,OFFLINE,
2026-09-27T17:18:02+00:00,ibm:ibm:qpu:boston,ONLINE,
2026-09-27T17:18:02+00:00,ibm:ibm:qpu:miami,ONLINE,
2026-09-27T17:18:02+00:00,rigetti:rigetti:qpu:cepheus-1-108q,ONLINE,
2026-09-27T17:18:02+00:00,aws:rigetti:qpu:cepheus-1-108q,ONLINE,
2026-09-27T17:18:02+00:00,openquantum:aqt:qpu:ibex-q1,ONLINE,
2026-09-27T17:18:02+00:00,openquantum:ionq:qpu:forte-1,ONLINE,
2026-09-27T17:18:02+00:00,openquantum:ionq:qpu:forte-enterprise,ONLINE,
2026-09-27T17:18:02+00:00,openquantum:iqm:qpu:emerald,ONLINE,
2026-09-27T17:18:02+00:00,openquantum:iqm:qpu:garnet,ONLINE,
2026-09-27T17:18:02+00:00,openquantum:rigetti:qpu:cepheus-1-108q,ONLINE,
2026-09-27T20:24:30+00:00,aws:aqt:qpu:ibex-q1,UNAVAILABLE,
2026-09-27T20:24:30+00:00,aws:quera:qpu:aquila,ONLINE,
2026-09-27T20:24:30+00:00,ibm:ibm:qpu:marrakesh,ONLINE,
2026-09-27T20:24:30+00:00,ibm:ibm:qpu:pittsburgh,ONLINE,
2026-09-27T20:24:30+00:00,azure:pasqal:qpu:fresnel,OFFLINE,
2026-09-27T20:24:30+00:00,aws:iqm:qpu:emerald,UNAVAILABLE,
2026-09-27T20:24:30+00:00,azure:ionq:qpu:forte-1,OFFLINE,
2026-09-27T20:24:30+00:00,ibm:ibm:qpu:kingston,ONLINE,
2026-09-27T20:24:30+00:00,aws:ionq:qpu:forte-1,OFFLINE,
2026-09-27T20:24:30+00:00,aws:ionq:qpu:forte-enterprise-1,ONLINE,
2026-09-27T20:24:30+00:00,ionq:ionq:qpu:forte-1,UNAVAILABLE,
2026-09-27T20:24:30+00:00,ibm:ibm:qpu:fez,ONLINE,
2026-09-27T20:24:30+00:00,aws:iqm:qpu:garnet,UNAVAILABLE,
2026-09-27T20:24:30+00:00,azure:rigetti:qpu:cepheus-1-36q,OFFLINE,
2026-09-27T20:24:30+00:00,azure:ionq:qpu:forte-enterprise-1,OFFLINE,
2026-09-27T20:24:30+00:00,ibm:ibm:qpu:boston,ONLINE,
2026-09-27T20:24:30+00:00,ibm:ibm:qpu:miami,ONLINE,
2026-09-27T20:24:30+00:00,rigetti:rigetti:qpu:cepheus-1-108q,ONLINE,
2026-09-27T20:24:30+00:00,aws:rigetti:qpu:cepheus-1-108q,UNAVAILABLE,
2026-09-27T20:24:30+00:00,openquantum:aqt:qpu:ibex-q1,ONLINE,
2026-09-27T20:24:30+00:00,openquantum:ionq:qpu:forte-1,ONLINE,
2026-09-27T20:24:30+00:00,openquantum:ionq:qpu:forte-enterprise,ONLINE,
2026-09-27T20:24:30+00:00,openquantum:iqm:qpu:emerald,ONLINE,
2026-09-27T20:24:30+00:00,openquantum:iqm:qpu:garnet,ONLINE,
2026-09-27T20:24:30+00:00,openquantum:rigetti:qpu:cepheus-1-108q,ONLINE,
2026-09-27T23:24:44+00:00,aws:aqt:qpu:ibex-q1,UNAVAILABLE,
2026-09-27T23:24:44+00:00,aws:quera:qpu:aquila,ONLINE,
2026-09-27T23:24:44+00:00,ibm:ibm:qpu:marrakesh,ONLINE,
2026-09-27T23:24:44+00:00,ibm:ibm:qpu:pittsburgh,ONLINE,
2026-09-27T23:24:44+00:00,azure:pasqal:qpu:fresnel,OFFLINE,
2026-09-27T23:24:44+00:00,aws:iqm:qpu:emerald,UNAVAILABLE,
2026-09-27T23:24:44+00:00,azure:ionq:qpu:forte-1,OFFLINE,
2026-09-27T23:24:44+00:00,ibm:ibm:qpu:kingston,ONLINE,
2026-09-27T23:24:44+00:00,aws:ionq:qpu:forte-1,OFFLINE,
2026-09-27T23:24:44+00:00,aws:ionq:qpu:forte-enterprise-1,ONLINE,
2026-09-27T23:24:44+00:00,ionq:ionq:qpu:forte-1,UNAVAILABLE,
2026-09-27T23:24:44+00:00,ibm:ibm:qpu:fez,ONLINE,
2026-09-27T23:24:44+00:00,aws:iqm:qpu:garnet,UNAVAILABLE,
2026-09-27T23:24:44+00:00,azure:rigetti:qpu:cepheus-1-36q,OFFLINE,
2026-09-27T23:24:44+00:00,azure:ionq:qpu:forte-enterprise-1,OFFLINE,
2026-09-27T23:24:44+00:00,ibm:ibm:qpu:boston,ONLINE,
2026-09-27T23:24:44+00:00,ibm:ibm:qpu:miami,ONLINE,
2026-09-27T23:24:44+00:00,rigetti:rigetti:qpu:cepheus-1-108q,ONLINE,
2026-09-27T23:24:44+00:00,aws:rigetti:qpu:cepheus-1-108q,ONLINE,
2026-09-27T23:24:44+00:00,openquantum:aqt:qpu:ibex-q1,ONLINE,
2026-09-27T23:24:44+00:00,openquantum:ionq:qpu:forte-1,ONLINE,
2026-09-27T23:24:44+00:00,openquantum:ionq:qpu:forte-enterprise,ONLINE,
2026-09-27T23:24:44+00:00,openquantum:iqm:qpu:emerald,ONLINE,
2026-09-27T23:24:44+00:00,openquantum:iqm:qpu:garnet,ONLINE,
2026-09-27T23:24:44+00:00,openquantum:rigetti:qpu:cepheus-1-108q,ONLINE,
2026-09-28T01:59:36+00:00,aws:aqt:qpu:ibex-q1,UNAVAILABLE,
2026-09-28T01:59:36+00:00,aws:quera:qpu:aquila,ONLINE,
2026-09-28T01:59:36+00:00,ibm:ibm:qpu:marrakesh,ONLINE,
2026-09-28T01:59:36+00:00,ibm:ibm:qpu:pittsburgh,ONLINE,
2026-09-28T01:59:36+00:00,azure:pasqal:qpu:fresnel,OFFLINE,
2026-09-28T01:59:36+00:00,aws:iqm:qpu:emerald,ONLINE,
2026-09-28T01:59:36+00:00,azure:ionq:qpu:forte-1,OFFLINE,
2026-09-28T01:59:36+00:00,ibm:ibm:qpu:kingston,ONLINE,
2026-09-28T01:59:36+00:00,aws:ionq:qpu:forte-1,OFFLINE,
2026-09-28T01:59:36+00:00,aws:ionq:qpu:forte-enterprise-1,ONLINE,
2026-09-28T01:59:36+00:00,ionq:ionq:qpu:forte-1,UNAVAILABLE,
2026-09-28T01:59:36+00:00,ibm:ibm:qpu:fez,ONLINE,
2026-09-28T01:59:36+00:00,aws:iqm:qpu:garnet,UNAVAILABLE,
2026-09-28T01:59:36+00:00,azure:rigetti:qpu:cepheus-1-36q,OFFLINE,
2026-09-28T01:59:36+00:00,azure:ionq:qpu:forte-enterprise-1,OFFLINE,
2026-09-28T01:59:36+00:00,ibm:ibm:qpu:boston,ONLINE,
2026-09-28T01:59:36+00:00,ibm:ibm:qpu:miami,ONLINE,
2026-09-28T01:59:36+00:00,rigetti:rigetti:qpu:cepheus-1-108q,ONLINE,
2026-09-28T01:59:36+00:00,aws:rigetti:qpu:cepheus-1-108q,ONLINE,
2026-09-28T01:59:36+00:00,openquantum:aqt:qpu:ibex-q1,ONLINE,
2026-09-28T01:59:36+00:00,openquantum:ionq:qpu:forte-1,ONLINE,
2026-09-28T01:59:36+00:00,openquantum:ionq:qpu:forte-enterprise,ONLINE,
2026-09-28T01:59:36+00:00,openquantum:iqm:qpu:emerald,ONLINE,
2026-09-28T01:59:36+00:00,openquantum:iqm:qpu:garnet,ONLINE,
2026-09-28T01:59:36+00:00,openquantum:rigetti:qpu:cepheus-1-108q,ONLINE,
2026-09-28T08:36:28+00:00,aws:aqt:qpu:ibex-q1,UNAVAILABLE,
2026-09-28T08:36:28+00:00,aws:quera:qpu:aquila,UNAVAILABLE,
2026-09-28T08:36:28+00:00,ibm:ibm:qpu:marrakesh,ONLINE,
2026-09-28T08:36:28+00:00,ibm:ibm:qpu:pittsburgh,ONLINE,
2026-09-28T08:36:28+00:00,azure:pasqal:qpu:fresnel,OFFLINE,
2026-09-28T08:36:28+00:00,aws:iqm:qpu:emerald,ONLINE,
2026-09-28T08:36:28+00:00,azure:ionq:qpu:forte-1,OFFLINE,
2026-09-28T08:36:28+00:00,ibm:ibm:qpu:kingston,ONLINE,
2026-09-28T08:36:28+00:00,aws:ionq:qpu:forte-1,OFFLINE,
2026-09-28T08:36:28+00:00,aws:ionq:qpu:forte-enterprise-1,ONLINE,
2026-09-28T08:36:28+00:00,ionq:ionq:qpu:forte-1,UNAVAILABLE,
2026-09-28T08:36:28+00:00,ibm:ibm:qpu:fez,ONLINE,
2026-09-28T08:36:28+00:00,aws:iqm:qpu:garnet,ONLINE,
2026-09-28T08:36:28+00:00,azure:rigetti:qpu:cepheus-1-36q,OFFLINE,
2026-09-28T08:36:28+00:00,azure:ionq:qpu:forte-enterprise-1,OFFLINE,
2026-09-28T08:36:28+00:00,ibm:ibm:qpu:boston,ONLINE,
2026-09-28T08:36:28+00:00,ibm:ibm:qpu:miami,ONLINE,
2026-09-28T08:36:28+00:00,rigetti:rigetti:qpu:cepheus-1-108q,ONLINE,
2026-09-28T08:36:28+00:00,aws:rigetti:qpu:cepheus-1-108q,UNAVAILABLE,
2026-09-28T08:36:28+00:00,openquantum:aqt:qpu:ibex-q1,ONLINE,
2026-09-28T08:36:28+00:00,openquantum:ionq:qpu:forte-1,ONLINE,
2026-09-28T08:36:28+00:00,openquantum:ionq:qpu:forte-enterprise,ONLINE,
2026-09-28T08:36:28+00:00,openquantum:iqm:qpu:emerald,ONLINE,
2026-09-28T08:36:28+00:00,openquantum:iqm:qpu:garnet,ONLINE,
2026-09-28T08:36:28+00:00,openquantum:rigetti:qpu:cepheus-1-108q,ONLINE,
2026-09-28T17:01:54+00:00,ibm:ibm:qpu:marrakesh,ONLINE,
2026-09-28T17:01:54+00:00,ibm:ibm:qpu:pittsburgh,ONLINE,
2026-09-28T17:01:54+00:00,aws:iqm:qpu:emerald,ONLINE,
2026-09-28T17:01:54+00:00,azure:ionq:qpu:forte-1,OFFLINE,
2026-09-28T17:01:54+00:00,ibm:ibm:qpu:kingston,ONLINE,
2026-09-28T17:01:54+00:00,ionq:ionq:qpu:forte-1,UNAVAILABLE,
2026-09-28T17:01:54+00:00,azure:rigetti:qpu:cepheus-1-36q,OFFLINE,
2026-09-28T17:01:54+00:00,ibm:ibm:qpu:miami,ONLINE,
2026-09-28T17:01:54+00:00,aws:aqt:qpu:ibex-q1,UNAVAILABLE,
2026-09-28T17:01:54+00:00,aws:quera:qpu:aquila,UNAVAILABLE,
2026-09-28T17:01:54+00:00,azure:pasqal:qpu:fresnel,OFFLINE,
2026-09-28T17:01:54+00:00,aws:ionq:qpu:forte-1,OFFLINE,
2026-09-28T17:01:54+00:00,aws:iqm:qpu:garnet,UNAVAILABLE,
2026-09-28T17:01:54+00:00,ibm:ibm:qpu:boston,ONLINE,
2026-09-28T17:01:54+00:00,aws:ionq:qpu:forte-enterprise-1,ONLINE,
2026-09-28T17:01:54+00:00,ibm:ibm:qpu:fez,ONLINE,
2026-09-28T17:01:54+00:00,azure:ionq:qpu:forte-enterprise-1,OFFLINE,
2026-09-28T17:01:54+00:00,rigetti:rigetti:qpu:cepheus-1-108q,ONLINE,
2026-09-28T17:01:54+00:00,aws:rigetti:qpu:cepheus-1-108q,ONLINE,
2026-09-28T17:01:54+00:00,openquantum:aqt:qpu:ibex-q1,ONLINE,
2026-09-28T17:01:54+00:00,openquantum:ionq:qpu:forte-1,ONLINE,
2026-09-28T17:01:54+00:00,openquantum:ionq:qpu:forte-enterprise,ONLINE,
2026-09-28T17:01:54+00:00,openquantum:iqm:qpu:emerald,ONLINE,
2026-09-28T17:01:54+00:00,openquantum:iqm:qpu:garnet,ONLINE,
2026-09-28T17:01:54+00:00,openquantum:rigetti:qpu:cepheus-1-108q,ONLINE,
2026-09-28T22:38:18+00:00,ibm:ibm:qpu:marrakesh,ONLINE,
2026-09-28T22:38:18+00:00,ibm:ibm:qpu:pittsburgh,ONLINE,
2026-09-28T22:38:18+00:00,aws:iqm:qpu:emerald,ONLINE,
2026-09-28T22:38:18+00:00,azure:ionq:qpu:forte-1,OFFLINE,
2026-09-28T22:38:18+00:00,ibm:ibm:qpu:kingston,ONLINE,
2026-09-28T22:38:18+00:00,ionq:ionq:qpu:forte-1,UNAVAILABLE,
2026-09-28T22:38:18+00:00,azure:rigetti:qpu:cepheus-1-36q,OFFLINE,
2026-09-28T22:38:18+00:00,ibm:ibm:qpu:miami,ONLINE,
2026-09-28T22:38:18+00:00,aws:aqt:qpu:ibex-q1,UNAVAILABLE,
2026-09-28T22:38:18+00:00,aws:quera:qpu:aquila,UNAVAILABLE,
2026-09-28T22:38:18+00:00,azure:pasqal:qpu:fresnel,OFFLINE,
2026-09-28T22:38:18+00:00,aws:ionq:qpu:forte-1,OFFLINE,
2026-09-28T22:38:18+00:00,aws:iqm:qpu:garnet,ONLINE,
2026-09-28T22:38:18+00:00,ibm:ibm:qpu:boston,ONLINE,
2026-09-28T22:38:18+00:00,aws:ionq:qpu:forte-enterprise-1,ONLINE,
2026-09-28T22:38:18+00:00,ibm:ibm:qpu:fez,ONLINE,
2026-09-28T22:38:18+00:00,azure:ionq:qpu:forte-enterprise-1,OFFLINE,
2026-09-28T22:38:18+00:00,rigetti:rigetti:qpu:cepheus-1-108q,ONLINE,
2026-09-28T22:38:18+00:00,aws:rigetti:qpu:cepheus-1-108q,ONLINE,
2026-09-28T22:38:18+00:00,openquantum:aqt:qpu:ibex-q1,ONLINE,
2026-09-28T22:38:18+00:00,openquantum:ionq:qpu:forte-1,ONLINE,
2026-09-28T22:38:18+00:00,openquantum:ionq:qpu:forte-enterprise,ONLINE,
2026-09-28T22:38:18+00:00,openquantum:iqm:qpu:emerald,ONLINE,
2026-09-28T22:38:18+00:00,openquantum:iqm:qpu:garnet,ONLINE,
2026-09-28T22:38:18+00:00,openquantum:rigetti:qpu:cepheus-1-108q,ONLINE,
2026-09-29T02:19:17+00:00,ibm:ibm:qpu:marrakesh,ONLINE,
2026-09-29T02:19:17+00:00,ibm:ibm:qpu:pittsburgh,UNAVAILABLE,
2026-09-29T02:19:17+00:00,aws:iqm:qpu:emerald,ONLINE,
2026-09-29T02:19:17+00:00,azure:ionq:qpu:forte-1,OFFLINE,
2026-09-29T02:19:17+00:00,ibm:ibm:qpu:kingston,ONLINE,
2026-09-29T02:19:17+00:00,ionq:ionq:qpu:forte-1,UNAVAILABLE,
2026-09-29T02:19:17+00:00,azure:rigetti:qpu:cepheus-1-36q,OFFLINE,
2026-09-29T02:19:17+00:00,ibm:ibm:qpu:miami,ONLINE,
2026-09-29T02:19:17+00:00,aws:aqt:qpu:ibex-q1,UNAVAILABLE,
2026-09-29T02:19:17+00:00,aws:quera:qpu:aquila,UNAVAILABLE,
2026-09-29T02:19:17+00:00,azure:pasqal:qpu:fresnel,OFFLINE,
2026-09-29T02:19:17+00:00,aws:ionq:qpu:forte-1,OFFLINE,
2026-09-29T02:19:17+00:00,aws:iqm:qpu:garnet,UNAVAILABLE,
2026-09-29T02:19:17+00:00,ibm:ibm:qpu:boston,ONLINE,
2026-09-29T02:19:17+00:00,aws:ionq:qpu:forte-enterprise-1,ONLINE,
2026-09-29T02:19:17+00:00,ibm:ibm:qpu:fez,ONLINE,
2026-09-29T02:19:17+00:00,azure:ionq:qpu:forte-enterprise-1,OFFLINE,
2026-09-29T02:19:17+00:00,rigetti:rigetti:qpu:cepheus-1-108q,ONLINE,
2026-09-29T02:19:17+00:00,aws:rigetti:qpu:cepheus-1-108q,ONLINE,
2026-09-29T02:19:17+00:00,openquantum:aqt:qpu:ibex-q1,ONLINE,
2026-09-29T02:19:17+00:00,openquantum:ionq:qpu:forte-1,ONLINE,
2026-09-29T02:19:17+00:00,openquantum:ionq:qpu:forte-enterprise,ONLINE,
2026-09-29T02:19:17+00:00,openquantum:iqm:qpu:emerald,ONLINE,
2026-09-29T02:19:17+00:00,openquantum:iqm:qpu:garnet,ONLINE,
2026-09-29T02:19:17+00:00,openquantum:rigetti:qpu:cepheus-1-108q,ONLINE,
2026-09-29T09:03:27+00:00,ibm:ibm:qpu:marrakesh,ONLINE,
2026-09-29T09:03:27+00:00,ibm:ibm:qpu:pittsburgh,UNAVAILABLE,
2026-09-29T09:03:27+00:00,aws:iqm:qpu:emerald,ONLINE,
2026-09-29T09:03:27+00:00,azure:ionq:qpu:forte-1,OFFLINE,
2026-09-29T09:03:27+00:00,ibm:ibm:qpu:kingston,ONLINE,
2026-09-29T09:03:27+00:00,ionq:ionq:qpu:forte-1,UNAVAILABLE,
2026-09-29T09:03:27+00:00,azure:rigetti:qpu:cepheus-1-36q,OFFLINE,
2026-09-29T09:03:27+00:00,ibm:ibm:qpu:miami,ONLINE,
2026-09-29T09:03:27+00:00,aws:aqt:qpu:ibex-q1,ONLINE,
2026-09-29T09:03:27+00:00,aws:quera:qpu:aquila,UNAVAILABLE,
2026-09-29T09:03:27+00:00,azure:pasqal:qpu:fresnel,OFFLINE,
2026-09-29T09:03:27+00:00,aws:ionq:qpu:forte-1,OFFLINE,
2026-09-29T09:03:27+00:00,aws:iqm:qpu:garnet,ONLINE,
2026-09-29T09:03:27+00:00,ibm:ibm:qpu:boston,ONLINE,
2026-09-29T09:03:27+00:00,aws:ionq:qpu:forte-enterprise-1,ONLINE,
2026-09-29T09:03:27+00:00,ibm:ibm:qpu:fez,ONLINE,
2026-09-29T09:03:27+00:00,azure:ionq:qpu:forte-enterprise-1,OFFLINE,
2026-09-29T09:03:27+00:00,rigetti:rigetti:qpu:cepheus-1-108q,ONLINE,
2026-09-29T09:03:27+00:00,aws:rigetti:qpu:cepheus-1-108q,ONLINE,
2026-09-29T09:03:27+00:00,openquantum:aqt:qpu:ibex-q1,ONLINE,
2026-09-29T09:03:27+00:00,openquantum:ionq:qpu:forte-1,ONLINE,
2026-09-29T09:03:27+00:00,openquantum:ionq:qpu:forte-enterprise,ONLINE,
2026-09-29T09:03:27+00:00,openquantum:iqm:qpu:emerald,ONLINE,
2026-09-29T09:03:27+00:00,openquantum:iqm:qpu:garnet,ONLINE,
2026-09-29T09:03:27+00:00,openquantum:rigetti:qpu:cepheus-1-108q,ONLINE,
2026-09-29T16:07:16+00:00,ibm:ibm:qpu:marrakesh,ONLINE,
2026-09-29T16:07:16+00:00,ibm:ibm:qpu:pittsburgh,ONLINE,
2026-09-29T16:07:16+00:00,aws:iqm:qpu:emerald,ONLINE,
2026-09-29T16:07:16+00:00,azure:ionq:qpu:forte-1,OFFLINE,
2026-09-29T16:07:16+00:00,ibm:ibm:qpu:kingston,ONLINE,
2026-09-29T16:07:16+00:00,ionq:ionq:qpu:forte-1,UNAVAILABLE,
2026-09-29T16:07:16+00:00,azure:rigetti:qpu:cepheus-1-36q,OFFLINE,
2026-09-29T16:07:16+00:00,ibm:ibm:qpu:miami,ONLINE,
2026-09-29T16:07:16+00:00,aws:aqt:qpu:ibex-q1,UNAVAILABLE,
2026-09-29T16:07:16+00:00,aws:quera:qpu:aquila,UNAVAILABLE,
2026-09-29T16:07:16+00:00,azure:pasqal:qpu:fresnel,OFFLINE,
2026-09-29T16:07:16+00:00,aws:ionq:qpu:forte-1,OFFLINE,
2026-09-29T16:07:16+00:00,aws:iqm:qpu:garnet,UNAVAILABLE,
2026-09-29T16:07:16+00:00,ibm:ibm:qpu:boston,ONLINE,
2026-09-29T16:07:16+00:00,aws:ionq:qpu:forte-enterprise-1,ONLINE,
2026-09-29T16:07:16+00:00,ibm:ibm:qpu:fez,ONLINE,
2026-09-29T16:07:16+00:00,azure:ionq:qpu:forte-enterprise-1,OFFLINE,
2026-09-29T16:07:16+00:00,rigetti:rigetti:qpu:cepheus-1-108q,ONLINE,
2026-09-29T16:07:16+00:00,aws:rigetti:qpu:cepheus-1-108q,ONLINE,
2026-09-29T16:07:16+00:00,openquantum:aqt:qpu:ibex-q1,ONLINE,
2026-09-29T16:07:16+00:00,openquantum:ionq:qpu:forte-1,ONLINE,
2026-09-29T16:07:16+00:00,openquantum:ionq:qpu:forte-enterprise,ONLINE,
2026-09-29T16:07:16+00:00,openquantum:iqm:qpu:emerald,ONLINE,
2026-09-29T16:07:16+00:00,openquantum:iqm:qpu:garnet,ONLINE,
2026-09-29T16:07:16+00:00,openquantum:rigetti:qpu:cepheus-1-108q,ONLINE,
2026-09-29T21:03:12+00:00,ibm:ibm:qpu:marrakesh,ONLINE,
2026-09-29T21:03:12+00:00,ibm:ibm:qpu:pittsburgh,ONLINE,
2026-09-29T21:03:12+00:00,aws:iqm:qpu:emerald,ONLINE,
2026-09-29T21:03:12+00:00,azure:ionq:qpu:forte-1,OFFLINE,
2026-09-29T21:03:12+00:00,ibm:ibm:qpu:kingston,ONLINE,
2026-09-29T21:03:12+00:00,ionq:ionq:qpu:forte-1,UNAVAILABLE,
2026-09-29T21:03:12+00:00,azure:rigetti:qpu:cepheus-1-36q,OFFLINE,
2026-09-29T21:03:12+00:00,ibm:ibm:qpu:miami,ONLINE,
2026-09-29T21:03:12+00:00,aws:aqt:qpu:ibex-q1,UNAVAILABLE,
2026-09-29T21:03:12+00:00,aws:quera:qpu:aquila,UNAVAILABLE,
2026-09-29T21:03:12+00:00,azure:pasqal:qpu:fresnel,OFFLINE,
2026-09-29T21:03:12+00:00,aws:ionq:qpu:forte-1,OFFLINE,
2026-09-29T21:03:12+00:00,aws:iqm:qpu:garnet,ONLINE,
2026-09-29T21:03:12+00:00,ibm:ibm:qpu:boston,ONLINE,
2026-09-29T21:03:12+00:00,aws:ionq:qpu:forte-enterprise-1,ONLINE,
2026-09-29T21:03:12+00:00,ibm:ibm:qpu:fez,ONLINE,
2026-09-29T21:03:12+00:00,azure:ionq:qpu:forte-enterprise-1,OFFLINE,
2026-09-29T21:03:12+00:00,rigetti:rigetti:qpu:cepheus-1-108q,ONLINE,
2026-09-29T21:03:12+00:00,aws:rigetti:qpu:cepheus-1-108q,ONLINE,
2026-09-29T21:03:12+00:00,openquantum:aqt:qpu:ibex-q1,ONLINE,
2026-09-29T21:03:12+00:00,openquantum:ionq:qpu:forte-1,ONLINE,
2026-09-29T21:03:12+00:00,openquantum:ionq:qpu:forte-enterprise,ONLINE,
2026-09-29T21:03:12+00:00,openquantum:iqm:qpu:emerald,ONLINE,
2026-09-29T21:03:12+00:00,openquantum:iqm:qpu:garnet,ONLINE,
2026-09-29T21:03:12+00:00,openquantum:rigetti:qpu:cepheus-1-108q,ONLINE,
2026-09-30T00:46:05+00:00,ibm:ibm:qpu:marrakesh,ONLINE,
2026-09-30T00:46:05+00:00,ibm:ibm:qpu:pittsburgh,ONLINE,
2026-09-30T00:46:05+00:00,aws:iqm:qpu:emerald,ONLINE,
2026-09-30T00:46:05+00:00,azure:ionq:qpu:forte-1,OFFLINE,
2026-09-30T00:46:05+00:00,ibm:ibm:qpu:kingston,ONLINE,
2026-09-30T00:46:05+00:00,ionq:ionq:qpu:forte-1,ONLINE,
2026-09-30T00:46:05+00:00,azure:rigetti:qpu:cepheus-1-36q,OFFLINE,
2026-09-30T00:46:05+00:00,ibm:ibm:qpu:miami,ONLINE,
2026-09-30T00:46:05+00:00,aws:aqt:qpu:ibex-q1,UNAVAILABLE,
2026-09-30T00:46:05+00:00,aws:quera:qpu:aquila,UNAVAILABLE,
2026-09-30T00:46:05+00:00,azure:pasqal:qpu:fresnel,OFFLINE,
2026-09-30T00:46:05+00:00,aws:ionq:qpu:forte-1,OFFLINE,
2026-09-30T00:46:05+00:00,aws:iqm:qpu:garnet,ONLINE,
2026-09-30T00:46:05+00:00,ibm:ibm:qpu:boston,ONLINE,
2026-09-30T00:46:05+00:00,aws:ionq:qpu:forte-enterprise-1,ONLINE,
2026-09-30T00:46:05+00:00,ibm:ibm:qpu:fez,ONLINE,
2026-09-30T00:46:05+00:00,azure:ionq:qpu:forte-enterprise-1,OFFLINE,
2026-09-30T00:46:05+00:00,rigetti:rigetti:qpu:cepheus-1-108q,ONLINE,
2026-09-30T00:46:05+00:00,aws:rigetti:qpu:cepheus-1-108q,ONLINE,
2026-09-30T00:46:05+00:00,openquantum:aqt:qpu:ibex-q1,ONLINE,
2026-09-30T00:46:05+00:00,openquantum:ionq:qpu:forte-1,ONLINE,
2026-09-30T00:46:05+00:00,openquantum:ionq:qpu:forte-enterprise,ONLINE,
2026-09-30T00:46:05+00:00,openquantum:iqm:qpu:emerald,ONLINE,
2026-09-30T00:46:05+00:00,openquantum:iqm:qpu:garnet,ONLINE,
2026-09-30T00:46:05+00:00,openquantum:rigetti:qpu:cepheus-1-108q,ONLINE,
2026-09-30T06:18:38+00:00,ibm:ibm:qpu:marrakesh,ONLINE,
2026-09-30T06:18:38+00:00,ibm:ibm:qpu:pittsburgh,ONLINE,
2026-09-30T06:18:38+00:00,aws:iqm:qpu:emerald,UNAVAILABLE,
2026-09-30T06:18:38+00:00,azure:ionq:qpu:forte-1,OFFLINE,
2026-09-30T06:18:38+00:00,ibm:ibm:qpu:kingston,ONLINE,
2026-09-30T06:18:38+00:00,ionq:ionq:qpu:forte-1,ONLINE,
2026-09-30T06:18:38+00:00,azure:rigetti:qpu:cepheus-1-36q,OFFLINE,
2026-09-30T06:18:38+00:00,ibm:ibm:qpu:miami,ONLINE,
2026-09-30T06:18:38+00:00,aws:aqt:qpu:ibex-q1,UNAVAILABLE,
2026-09-30T06:18:38+00:00,aws:quera:qpu:aquila,UNAVAILABLE,
2026-09-30T06:18:38+00:00,azure:pasqal:qpu:fresnel,OFFLINE,
2026-09-30T06:18:38+00:00,aws:ionq:qpu:forte-1,OFFLINE,
2026-09-30T06:18:38+00:00,aws:iqm:qpu:garnet,ONLINE,
2026-09-30T06:18:38+00:00,ibm:ibm:qpu:boston,ONLINE,
2026-09-30T06:18:38+00:00,aws:ionq:qpu:forte-enterprise-1,OFFLINE,
2026-09-30T06:18:38+00:00,ibm:ibm:qpu:fez,ONLINE,
2026-09-30T06:18:38+00:00,azure:ionq:qpu:forte-enterprise-1,OFFLINE,
2026-09-30T06:18:38+00:00,rigetti:rigetti:qpu:cepheus-1-108q,ONLINE,
2026-09-30T06:18:38+00:00,aws:rigetti:qpu:cepheus-1-108q,ONLINE,
2026-09-30T06:18:38+00:00,openquantum:aqt:qpu:ibex-q1,ONLINE,
2026-09-30T06:18:38+00:00,openquantum:ionq:qpu:forte-1,ONLINE,
2026-09-30T06:18:38+00:00,openquantum:ionq:qpu:forte-enterprise,ONLINE,
2026-09-30T06:18:38+00:00,openquantum:iqm:qpu:emerald,ONLINE,
2026-09-30T06:18:38+00:00,openquantum:iqm:qpu:garnet,ONLINE,
2026-09-30T06:18:38+00:00,openquantum:rigetti:qpu:cepheus-1-108q,ONLINE,
2026-09-30T13:00:54+00:00,ibm:ibm:qpu:marrakesh,ONLINE,
2026-09-30T13:00:54+00:00,ibm:ibm:qpu:pittsburgh,ONLINE,
2026-09-30T13:00:54+00:00,aws:iqm:qpu:emerald,ONLINE,
2026-09-30T13:00:54+00:00,azure:ionq:qpu:forte-1,OFFLINE,
2026-09-30T13:00:54+00:00,ibm:ibm:qpu:kingston,ONLINE,
2026-09-30T13:00:54+00:00,ionq:ionq:qpu:forte-1,ONLINE,
2026-09-30T13:00:54+00:00,azure:rigetti:qpu:cepheus-1-36q,OFFLINE,
2026-09-30T13:00:54+00:00,ibm:ibm:qpu:miami,ONLINE,
2026-09-30T13:00:54+00:00,aws:aqt:qpu:ibex-q1,ONLINE,
2026-09-30T13:00:54+00:00,aws:quera:qpu:aquila,UNAVAILABLE,
2026-09-30T13:00:54+00:00,azure:pasqal:qpu:fresnel,OFFLINE,
2026-09-30T13:00:54+00:00,aws:ionq:qpu:forte-1,OFFLINE,
2026-09-30T13:00:54+00:00,aws:iqm:qpu:garnet,ONLINE,
2026-09-30T13:00:54+00:00,ibm:ibm:qpu:boston,ONLINE,
2026-09-30T13:00:54+00:00,aws:ionq:qpu:forte-enterprise-1,ONLINE,
2026-09-30T13:00:54+00:00,ibm:ibm:qpu:fez,ONLINE,
2026-09-30T13:00:54+00:00,azure:ionq:qpu:forte-enterprise-1,OFFLINE,
2026-09-30T13:00:54+00:00,rigetti:rigetti:qpu:cepheus-1-108q,ONLINE,
2026-09-30T13:00:54+00:00,aws:rigetti:qpu:cepheus-1-108q,ONLINE,
2026-09-30T13:00:54+00:00,openquantum:aqt:qpu:ibex-q1,ONLINE,
2026-09-30T13:00:54+00:00,openquantum:ionq:qpu:forte-1,ONLINE,
2026-09-30T13:00:54+00:00,openquantum:ionq:qpu:forte-enterprise,ONLINE,
2026-09-30T13:00:54+00:00,openquantum:iqm:qpu:emerald,ONLINE,
2026-09-30T13:00:54+00:00,openquantum:iqm:qpu:garnet,ONLINE,
2026-09-30T13:00:54+00:00,openquantum:rigetti:qpu:cepheus-1-108q,ONLINE,
2026-09-30T18:34:51+00:00,ibm:ibm:qpu:marrakesh,ONLINE,
2026-09-30T18:34:51+00:00,ibm:ibm:qpu:pittsburgh,ONLINE,
2026-09-30T18:34:51+00:00,aws:iqm:qpu:emerald,ONLINE,
2026-09-30T18:34:51+00:00,azure:ionq:qpu:forte-1,OFFLINE,
2026-09-30T18:34:51+00:00,ibm:ibm:qpu:kingston,ONLINE,
2026-09-30T18:34:51+00:00,ionq:ionq:qpu:forte-1,UNAVAILABLE,
2026-09-30T18:34:51+00:00,azure:rigetti:qpu:cepheus-1-36q,OFFLINE,
2026-09-30T18:34:51+00:00,ibm:ibm:qpu:miami,ONLINE,
2026-09-30T18:34:51+00:00,aws:aqt:qpu:ibex-q1,UNAVAILABLE,
2026-09-30T18:34:51+00:00,aws:quera:qpu:aquila,UNAVAILABLE,
2026-09-30T18:34:51+00:00,azure:pasqal:qpu:fresnel,OFFLINE,
2026-09-30T18:34:51+00:00,aws:ionq:qpu:forte-1,OFFLINE,
2026-09-30T18:34:51+00:00,aws:iqm:qpu:garnet,ONLINE,
2026-09-30T18:34:51+00:00,ibm:ibm:qpu:boston,ONLINE,
2026-09-30T18:34:51+00:00,aws:ionq:qpu:forte-enterprise-1,ONLINE,
2026-09-30T18:34:51+00:00,ibm:ibm:qpu:fez,ONLINE,
2026-09-30T18:34:51+00:00,azure:ionq:qpu:forte-enterprise-1,OFFLINE,
2026-09-30T18:34:51+00:00,rigetti:rigetti:qpu:cepheus-1-108q,ONLINE,
2026-09-30T18:34:51+00:00,aws:rigetti:qpu:cepheus-1-108q,ONLINE,
2026-09-30T18:34:51+00:00,openquantum:aqt:qpu:ibex-q1,ONLINE,
2026-09-30T18:34:51+00:00,openquantum:ionq:qpu:forte-1,ONLINE,
2026-09-30T18:34:51+00:00,openquantum:ionq:qpu:forte-enterprise,ONLINE,
2026-09-30T18:34:51+00:00,openquantum:iqm:qpu:emerald,ONLINE,
2026-09-30T18:34:51+00:00,openquantum:iqm:qpu:garnet,ONLINE,
2026-09-30T18:34:51+00:00,openquantum:rigetti:qpu:cepheus-1-108q,ONLINE,
2026-09-30T22:38:10+00:00,ibm:ibm:qpu:marrakesh,ONLINE,
2026-09-30T22:38:10+00:00,ibm:ibm:qpu:pittsburgh,ONLINE,
2026-09-30T22:38:10+00:00,aws:iqm:qpu:emerald,ONLINE,
2026-09-30T22:38:10+00:00,azure:ionq:qpu:forte-1,OFFLINE,
2026-09-30T22:38:10+00:00,ibm:ibm:qpu:kingston,ONLINE,
2026-09-30T22:38:10+00:00,ionq:ionq:qpu:forte-1,UNAVAILABLE,
2026-09-30T22:38:10+00:00,azure:rigetti:qpu:cepheus-1-36q,OFFLINE,
2026-09-30T22:38:10+00:00,ibm:ibm:qpu:miami,ONLINE,
2026-09-30T22:38:10+00:00,aws:aqt:qpu:ibex-q1,UNAVAILABLE,
2026-09-30T22:38:10+00:00,aws:quera:qpu:aquila,UNAVAILABLE,
2026-09-30T22:38:10+00:00,azure:pasqal:qpu:fresnel,OFFLINE,
2026-09-30T22:38:10+00:00,aws:ionq:qpu:forte-1,ONLINE,
2026-09-30T22:38:10+00:00,aws:iqm:qpu:garnet,ONLINE,
2026-09-30T22:38:10+00:00,ibm:ibm:qpu:boston,ONLINE,
2026-09-30T22:38:10+00:00,aws:ionq:qpu:forte-enterprise-1,ONLINE,
2026-09-30T22:38:10+00:00,ibm:ibm:qpu:fez,ONLINE,
2026-09-30T22:38:10+00:00,azure:ionq:qpu:forte-enterprise-1,OFFLINE,
2026-09-30T22:38:10+00:00,rigetti:rigetti:qpu:cepheus-1-108q,ONLINE,
2026-09-30T22:38:10+00:00,aws:rigetti:qpu:cepheus-1-108q,ONLINE,
2026-09-30T22:38:10+00:00,openquantum:aqt:qpu:ibex-q1,ONLINE,
2026-09-30T22:38:10+00:00,openquantum:ionq:qpu:forte-1,ONLINE,
2026-09-30T22:38:10+00:00,openquantum:ionq:qpu:forte-enterprise,ONLINE,
2026-09-30T22:38:10+00:00,openquantum:iqm:qpu:emerald,ONLINE,
2026-09-30T22:38:10+00:00,openquantum:iqm:qpu:garnet,ONLINE,
2026-09-30T22:38:10+00:00,openquantum:rigetti:qpu:cepheus-1-108q,ONLINE,
2026-10-01T01:35:07+00:00,ibm:ibm:qpu:marrakesh,ONLINE,
2026-10-01T01:35:07+00:00,ibm:ibm:qpu:pittsburgh,ONLINE,
2026-10-01T01:35:07+00:00,aws:iqm:qpu:emerald,ONLINE,
2026-10-01T01:35:07+00:00,azure:ionq:qpu:forte-1,OFFLINE,
2026-10-01T01:35:07+00:00,ibm:ibm:qpu:kingston,ONLINE,
2026-10-01T01:35:07+00:00,ionq:ionq:qpu:forte-1,ONLINE,
2026-10-01T01:35:07+00:00,azure:rigetti:qpu:cepheus-1-36q,OFFLINE,
2026-10-01T01:35:07+00:00,ibm:ibm:qpu:miami,ONLINE,
2026-10-01T01:35:07+00:00,aws:aqt:qpu:ibex-q1,UNAVAILABLE,
2026-10-01T01:35:07+00:00,aws:quera:qpu:aquila,UNAVAILABLE,
2026-10-01T01:35:07+00:00,azure:pasqal:qpu:fresnel,OFFLINE,
2026-10-01T01:35:07+00:00,aws:ionq:qpu:forte-1,ONLINE,
2026-10-01T01:35:07+00:00,aws:iqm:qpu:garnet,UNAVAILABLE,
2026-10-01T01:35:07+00:00,ibm:ibm:qpu:boston,ONLINE,
2026-10-01T01:35:07+00:00,aws:ionq:qpu:forte-enterprise-1,ONLINE,
2026-10-01T01:35:07+00:00,ibm:ibm:qpu:fez,ONLINE,
2026-10-01T01:35:07+00:00,azure:ionq:qpu:forte-enterprise-1,OFFLINE,
2026-10-01T01:35:07+00:00,rigetti:rigetti:qpu:cepheus-1-108q,ONLINE,
2026-10-01T01:35:07+00:00,aws:rigetti:qpu:cepheus-1-108q,ONLINE,
2026-10-01T01:35:07+00:00,openquantum:aqt:qpu:ibex-q1,ONLINE,
2026-10-01T01:35:07+00:00,openquantum:ionq:qpu:forte-1,ONLINE,
2026-10-01T01:35:07+00:00,openquantum:ionq:qpu:forte-enterprise,ONLINE,
2026-10-01T01:35:07+00:00,openquantum:iqm:qpu:emerald,ONLINE,
2026-10-01T01:35:07+00:00,openquantum:iqm:qpu:garnet,ONLINE,
2026-10-01T01:35:07+00:00,openquantum:rigetti:qpu:cepheus-1-108q,ONLINE,
2026-10-01T07:48:49+00:00,ibm:ibm:qpu:marrakesh,ONLINE,
2026-10-01T07:48:49+00:00,ibm:ibm:qpu:pittsburgh,ONLINE,
2026-10-01T07:48:49+00:00,aws:iqm:qpu:emerald,ONLINE,
2026-10-01T07:48:49+00:00,azure:ionq:qpu:forte-1,OFFLINE,
2026-10-01T07:48:49+00:00,ibm:ibm:qpu:kingston,ONLINE,
2026-10-01T07:48:49+00:00,ionq:ionq:qpu:forte-1,ONLINE,
2026-10-01T07:48:49+00:00,azure:rigetti:qpu:cepheus-1-36q,OFFLINE,
2026-10-01T07:48:49+00:00,ibm:ibm:qpu:miami,ONLINE,
2026-10-01T07:48:49+00:00,aws:aqt:qpu:ibex-q1,UNAVAILABLE,
2026-10-01T07:48:49+00:00,aws:quera:qpu:aquila,UNAVAILABLE,
2026-10-01T07:48:49+00:00,azure:pasqal:qpu:fresnel,OFFLINE,
2026-10-01T07:48:49+00:00,aws:ionq:qpu:forte-1,ONLINE,
2026-10-01T07:48:49+00:00,aws:iqm:qpu:garnet,ONLINE,
2026-10-01T07:48:49+00:00,ibm:ibm:qpu:boston,ONLINE,
2026-10-01T07:48:49+00:00,aws:ionq:qpu:forte-enterprise-1,ONLINE,
2026-10-01T07:48:49+00:00,ibm:ibm:qpu:fez,ONLINE,
2026-10-01T07:48:49+00:00,azure:ionq:qpu:forte-enterprise-1,OFFLINE,
2026-10-01T07:48:49+00:00,rigetti:rigetti:qpu:cepheus-1-108q,ONLINE,
2026-10-01T07:48:49+00:00,aws:rigetti:qpu:cepheus-1-108q,UNAVAILABLE,
2026-10-01T07:48:49+00:00,openquantum:aqt:qpu:ibex-q1,ONLINE,
2026-10-01T07:48:49+00:00,openquantum:ionq:qpu:forte-1,ONLINE,
2026-10-01T07:48:49+00:00,openquantum:ionq:qpu:forte-enterprise,ONLINE,
2026-10-01T07:48:49+00:00,openquantum:iqm:qpu:emerald,ONLINE,
2026-10-01T07:48:49+00:00,openquantum:iqm:qpu:garnet,ONLINE,
2026-10-01T07:48:49+00:00,openquantum:rigetti:qpu:cepheus-1-108q,ONLINE,
2026-10-01T15:07:36+00:00,ibm:ibm:qpu:marrakesh,ONLINE,
2026-10-01T15:07:36+00:00,ibm:ibm:qpu:pittsburgh,ONLINE,
2026-10-01T15:07:36+00:00,aws:iqm:qpu:emerald,ONLINE,
2026-10-01T15:07:36+00:00,azure:ionq:qpu:forte-1,OFFLINE,
2026-10-01T15:07:36+00:00,ibm:ibm:qpu:kingston,ONLINE,
2026-10-01T15:07:36+00:00,ionq:ionq:qpu:forte-1,ONLINE,
2026-10-01T15:07:36+00:00,azure:rigetti:qpu:cepheus-1-36q,OFFLINE,
2026-10-01T15:07:36+00:00,ibm:ibm:qpu:miami,ONLINE,
2026-10-01T15:07:36+00:00,aws:aqt:qpu:ibex-q1,UNAVAILABLE,
2026-10-01T15:07:36+00:00,aws:quera:qpu:aquila,UNAVAILABLE,
2026-10-01T15:07:36+00:00,azure:pasqal:qpu:fresnel,OFFLINE,
2026-10-01T15:07:36+00:00,aws:ionq:qpu:forte-1,ONLINE,
2026-10-01T15:07:36+00:00,aws:iqm:qpu:garnet,ONLINE,
2026-10-01T15:07:36+00:00,ibm:ibm:qpu:boston,ONLINE,
2026-10-01T15:07:36+00:00,aws:ionq:qpu:forte-enterprise-1,ONLINE,
2026-10-01T15:07:36+00:00,ibm:ibm:qpu:fez,ONLINE,
2026-10-01T15:07:36+00:00,azure:ionq:qpu:forte-enterprise-1,OFFLINE,
2026-10-01T15:07:36+00:00,rigetti:rigetti:qpu:cepheus-1-108q,ONLINE,
2026-10-01T15:07:36+00:00,aws:rigetti:qpu:cepheus-1-108q,ONLINE,
2026-10-01T15:07:36+00:00,openquantum:aqt:qpu:ibex-q1,ONLINE,
2026-10-01T15:07:36+00:00,openquantum:ionq:qpu:forte-1,ONLINE,
2026-10-01T15:07:36+00:00,openquantum:ionq:qpu:forte-enterprise,ONLINE,
2026-10-01T15:07:36+00:00,openquantum:iqm:qpu:emerald,ONLINE,
2026-10-01T15:07:36+00:00,openquantum:iqm:qpu:garnet,ONLINE,
2026-10-01T15:07:36+00:00,openquantum:rigetti:qpu:cepheus-1-108q,ONLINE,
2026-10-01T20:31:21+00:00,ibm:ibm:qpu:marrakesh,ONLINE,
2026-10-01T20:31:21+00:00,ibm:ibm:qpu:pittsburgh,ONLINE,
2026-10-01T20:31:21+00:00,aws:iqm:qpu:emerald,ONLINE,
2026-10-01T20:31:21+00:00,azure:ionq:qpu:forte-1,OFFLINE,
2026-10-01T20:31:21+00:00,ibm:ibm:qpu:kingston,ONLINE,
2026-10-01T20:31:21+00:00,ionq:ionq:qpu:forte-1,ONLINE,
2026-10-01T20:31:21+00:00,azure:rigetti:qpu:cepheus-1-36q,OFFLINE,
2026-10-01T20:31:21+00:00,ibm:ibm:qpu:miami,ONLINE,
2026-10-01T20:31:21+00:00,aws:aqt:qpu:ibex-q1,UNAVAILABLE,
2026-10-01T20:31:21+00:00,aws:quera:qpu:aquila,UNAVAILABLE,
2026-10-01T20:31:21+00:00,azure:pasqal:qpu:fresnel,OFFLINE,
2026-10-01T20:31:21+00:00,aws:ionq:qpu:forte-1,ONLINE,
2026-10-01T20:31:21+00:00,aws:iqm:qpu:garnet,ONLINE,
2026-10-01T20:31:21+00:00,ibm:ibm:qpu:boston,ONLINE,
2026-10-01T20:31:21+00:00,aws:ionq:qpu:forte-enterprise-1,ONLINE,
2026-10-01T20:31:21+00:00,ibm:ibm:qpu:fez,ONLINE,
2026-10-01T20:31:21+00:00,azure:ionq:qpu:forte-enterprise-1,OFFLINE,
2026-10-01T20:31:21+00:00,rigetti:rigetti:qpu:cepheus-1-108q,ONLINE,
2026-10-01T20:31:21+00:00,aws:rigetti:qpu:cepheus-1-108q,UNAVAILABLE,
2026-10-01T20:31:21+00:00,openquantum:aqt:qpu:ibex-q1,ONLINE,
2026-10-01T20:31:21+00:00,openquantum:ionq:qpu:forte-1,ONLINE,
2026-10-01T20:31:21+00:00,openquantum:ionq:qpu:forte-enterprise,ONLINE,
2026-10-01T20:31:21+00:00,openquantum:iqm:qpu:emerald,ONLINE,
2026-10-01T20:31:21+00:00,openquantum:iqm:qpu:garnet,ONLINE,
2026-10-01T20:31:21+00:00,openquantum:rigetti:qpu:cepheus-1-108q,ONLINE,
2026-10-02T00:14:33+00:00,ibm:ibm:qpu:marrakesh,ONLINE,
2026-10-02T00:14:33+00:00,ibm:ibm:qpu:pittsburgh,UNAVAILABLE,
2026-10-02T00:14:33+00:00,aws:iqm:qpu:emerald,ONLINE,
2026-10-02T00:14:33+00:00,azure:ionq:qpu:forte-1,OFFLINE,
2026-10-02T00:14:33+00:00,ibm:ibm:qpu:kingston,ONLINE,
2026-10-02T00:14:33+00:00,ionq:ionq:qpu:forte-1,ONLINE,
2026-10-02T00:14:33+00:00,azure:rigetti:qpu:cepheus-1-36q,OFFLINE,
2026-10-02T00:14:33+00:00,ibm:ibm:qpu:miami,ONLINE,
2026-10-02T00:14:33+00:00,aws:aqt:qpu:ibex-q1,UNAVAILABLE,
2026-10-02T00:14:33+00:00,aws:quera:qpu:aquila,UNAVAILABLE,
2026-10-02T00:14:33+00:00,azure:pasqal:qpu:fresnel,OFFLINE,
2026-10-02T00:14:33+00:00,aws:ionq:qpu:forte-1,ONLINE,
2026-10-02T00:14:33+00:00,aws:iqm:qpu:garnet,ONLINE,
2026-10-02T00:14:33+00:00,ibm:ibm:qpu:boston,ONLINE,
2026-10-02T00:14:33+00:00,aws:ionq:qpu:forte-enterprise-1,ONLINE,
2026-10-02T00:14:33+00:00,ibm:ibm:qpu:fez,ONLINE,
2026-10-02T00:14:33+00:00,azure:ionq:qpu:forte-enterprise-1,OFFLINE,
2026-10-02T00:14:33+00:00,rigetti:rigetti:qpu:cepheus-1-108q,ONLINE,
2026-10-02T00:14:33+00:00,aws:rigetti:qpu:cepheus-1-108q,ONLINE,
2026-10-02T00:14:33+00:00,openquantum:aqt:qpu:ibex-q1,ONLINE,
2026-10-02T00:14:33+00:00,openquantum:ionq:qpu:forte-1,ONLINE,
2026-10-02T00:14:33+00:00,openquantum:ionq:qpu:forte-enterprise,ONLINE,
2026-10-02T00:14:33+00:00,openquantum:iqm:qpu:emerald,ONLINE,
2026-10-02T00:14:33+00:00,openquantum:iqm:qpu:garnet,ONLINE,
2026-10-02T00:14:33+00:00,openquantum:rigetti:qpu:cepheus-1-108q,ONLINE,
2026-10-02T06:14:34+00:00,ibm:ibm:qpu:marrakesh,ONLINE,
2026-10-02T06:14:34+00:00,ibm:ibm:qpu:pittsburgh,ONLINE,
2026-10-02T06:14:34+00:00,aws:iqm:qpu:emerald,UNAVAILABLE,
2026-10-02T06:14:34+00:00,azure:ionq:qpu:forte-1,OFFLINE,
2026-10-02T06:14:34+00:00,ibm:ibm:qpu:kingston,ONLINE,
2026-10-02T06:14:34+00:00,ionq:ionq:qpu:forte-1,ONLINE,
2026-10-02T06:14:34+00:00,azure:rigetti:qpu:cepheus-1-36q,OFFLINE,
2026-10-02T06:14:34+00:00,ibm:ibm:qpu:miami,ONLINE,
2026-10-02T06:14:34+00:00,aws:aqt:qpu:ibex-q1,UNAVAILABLE,
2026-10-02T06:14:34+00:00,aws:quera:qpu:aquila,ONLINE,
2026-10-02T06:14:34+00:00,azure:pasqal:qpu:fresnel,OFFLINE,
2026-10-02T06:14:34+00:00,aws:ionq:qpu:forte-1,ONLINE,
2026-10-02T06:14:34+00:00,aws:iqm:qpu:garnet,ONLINE,
2026-10-02T06:14:34+00:00,ibm:ibm:qpu:boston,ONLINE,
2026-10-02T06:14:34+00:00,aws:ionq:qpu:forte-enterprise-1,ONLINE,
2026-10-02T06:14:34+00:00,ibm:ibm:qpu:fez,ONLINE,
2026-10-02T06:14:34+00:00,azure:ionq:qpu:forte-enterprise-1,OFFLINE,
2026-10-02T06:14:34+00:00,rigetti:rigetti:qpu:cepheus-1-108q,ONLINE,
2026-10-02T06:14:34+00:00,aws:rigetti:qpu:cepheus-1-108q,ONLINE,
2026-10-02T06:14:34+00:00,openquantum:aqt:qpu:ibex-q1,ONLINE,
2026-10-02T06:14:34+00:00,openquantum:ionq:qpu:forte-1,ONLINE,
2026-10-02T06:14:34+00:00,openquantum:ionq:qpu:forte-enterprise,ONLINE,
2026-10-02T06:14:34+00:00,openquantum:iqm:qpu:emerald,ONLINE,
2026-10-02T06:14:34+00:00,openquantum:iqm:qpu:garnet,ONLINE,
2026-10-02T06:14:34+00:00,openquantum:rigetti:qpu:cepheus-1-108q,ONLINE,
2026-10-02T13:12:06+00:00,ibm:ibm:qpu:marrakesh,ONLINE,
2026-10-02T13:12:06+00:00,ibm:ibm:qpu:pittsburgh,UNAVAILABLE,
2026-10-02T13:12:06+00:00,aws:iqm:qpu:emerald,ONLINE,
2026-10-02T13:12:06+00:00,azure:ionq:qpu:forte-1,OFFLINE,
2026-10-02T13:12:06+00:00,ibm:ibm:qpu:kingston,ONLINE,
2026-10-02T13:12:06+00:00,ionq:ionq:qpu:forte-1,ONLINE,
2026-10-02T13:12:06+00:00,azure:rigetti:qpu:cepheus-1-36q,OFFLINE,
2026-10-02T13:12:06+00:00,ibm:ibm:qpu:miami,ONLINE,
2026-10-02T13:12:06+00:00,aws:aqt:qpu:ibex-q1,ONLINE,
2026-10-02T13:12:06+00:00,aws:quera:qpu:aquila,ONLINE,
2026-10-02T13:12:06+00:00,azure:pasqal:qpu:fresnel,OFFLINE,
2026-10-02T13:12:06+00:00,aws:ionq:qpu:forte-1,ONLINE,
2026-10-02T13:12:06+00:00,aws:iqm:qpu:garnet,ONLINE,
2026-10-02T13:12:06+00:00,ibm:ibm:qpu:boston,ONLINE,
2026-10-02T13:12:06+00:00,aws:ionq:qpu:forte-enterprise-1,ONLINE,
2026-10-02T13:12:06+00:00,ibm:ibm:qpu:fez,ONLINE,
2026-10-02T13:12:06+00:00,azure:ionq:qpu:forte-enterprise-1,OFFLINE,
2026-10-02T13:12:06+00:00,rigetti:rigetti:qpu:cepheus-1-108q,ONLINE,
2026-10-02T13:12:06+00:00,aws:rigetti:qpu:cepheus-1-108q,ONLINE,
2026-10-02T13:12:06+00:00,openquantum:aqt:qpu:ibex-q1,ONLINE,
2026-10-02T13:12:06+00:00,openquantum:ionq:qpu:forte-1,ONLINE,
2026-10-02T13:12:06+00:00,openquantum:ionq:qpu:forte-enterprise,ONLINE,
2026-10-02T13:12:06+00:00,openquantum:iqm:qpu:emerald,ONLINE,
2026-10-02T13:12:06+00:00,openquantum:iqm:qpu:garnet,ONLINE,
2026-10-02T13:12:06+00:00,openquantum:rigetti:qpu:cepheus-1-108q,ONLINE,
2026-10-02T18:42:14+00:00,ibm:ibm:qpu:marrakesh,ONLINE,
2026-10-02T18:42:14+00:00,ibm:ibm:qpu:pittsburgh,ONLINE,
2026-10-02T18:42:14+00:00,aws:iqm:qpu:emerald,ONLINE,
2026-10-02T18:42:14+00:00,azure:ionq:qpu:forte-1,OFFLINE,
2026-10-02T18:42:14+00:00,ibm:ibm:qpu:kingston,ONLINE,
2026-10-02T18:42:14+00:00,ionq:ionq:qpu:forte-1,ONLINE,
2026-10-02T18:42:14+00:00,azure:rigetti:qpu:cepheus-1-36q,OFFLINE,
2026-10-02T18:42:14+00:00,ibm:ibm:qpu:miami,ONLINE,
2026-10-02T18:42:14+00:00,aws:aqt:qpu:ibex-q1,UNAVAILABLE,
2026-10-02T18:42:14+00:00,aws:quera:qpu:aquila,ONLINE,
2026-10-02T18:42:14+00:00,azure:pasqal:qpu:fresnel,OFFLINE,
2026-10-02T18:42:14+00:00,aws:ionq:qpu:forte-1,ONLINE,
2026-10-02T18:42:14+00:00,aws:iqm:qpu:garnet,ONLINE,
2026-10-02T18:42:14+00:00,ibm:ibm:qpu:boston,ONLINE,
2026-10-02T18:42:14+00:00,aws:ionq:qpu:forte-enterprise-1,ONLINE,
2026-10-02T18:42:14+00:00,ibm:ibm:qpu:fez,ONLINE,
2026-10-02T18:42:14+00:00,azure:ionq:qpu:forte-enterprise-1,OFFLINE,
2026-10-02T18:42:14+00:00,rigetti:rigetti:qpu:cepheus-1-108q,ONLINE,
2026-10-02T18:42:14+00:00,aws:rigetti:qpu:cepheus-1-108q,ONLINE,
2026-10-02T18:42:14+00:00,openquantum:aqt:qpu:ibex-q1,ONLINE,
2026-10-02T18:42:14+00:00,openquantum:ionq:qpu:forte-1,ONLINE,
2026-10-02T18:42:14+00:00,openquantum:ionq:qpu:forte-enterprise,ONLINE,
2026-10-02T18:42:14+00:00,openquantum:iqm:qpu:emerald,ONLINE,
2026-10-02T18:42:14+00:00,openquantum:iqm:qpu:garnet,ONLINE,
2026-10-02T18:42:14+00:00,openquantum:rigetti:qpu:cepheus-1-108q,ONLINE,
2026-10-02T22:35:06+00:00,ibm:ibm:qpu:marrakesh,ONLINE,
2026-10-02T22:35:06+00:00,ibm:ibm:qpu:pittsburgh,ONLINE,
2026-10-02T22:35:06+00:00,aws:iqm:qpu:emerald,ONLINE,
2026-10-02T22:35:06+00:00,azure:ionq:qpu:forte-1,OFFLINE,
2026-10-02T22:35:06+00:00,ibm:ibm:qpu:kingston,ONLINE,
2026-10-02T22:35:06+00:00,ionq:ionq:qpu:forte-1,ONLINE,
2026-10-02T22:35:06+00:00,azure:rigetti:qpu:cepheus-1-36q,OFFLINE,
2026-10-02T22:35:06+00:00,ibm:ibm:qpu:miami,ONLINE,
2026-10-02T22:35:06+00:00,aws:aqt:qpu:ibex-q1,UNAVAILABLE,
2026-10-02T22:35:06+00:00,aws:quera:qpu:aquila,ONLINE,
2026-10-02T22:35:06+00:00,azure:pasqal:qpu:fresnel,OFFLINE,
2026-10-02T22:35:06+00:00,aws:ionq:qpu:forte-1,ONLINE,
2026-10-02T22:35:06+00:00,aws:iqm:qpu:garnet,ONLINE,
2026-10-02T22:35:06+00:00,ibm:ibm:qpu:boston,ONLINE,
2026-10-02T22:35:06+00:00,aws:ionq:qpu:forte-enterprise-1,ONLINE,
2026-10-02T22:35:06+00:00,ibm:ibm:qpu:fez,ONLINE,
2026-10-02T22:35:06+00:00,azure:ionq:qpu:forte-enterprise-1,OFFLINE,
2026-10-02T22:35:06+00:00,rigetti:rigetti:qpu:cepheus-1-108q,ONLINE,
2026-10-02T22:35:06+00:00,aws:rigetti:qpu:cepheus-1-108q,ONLINE,
2026-10-02T22:35:06+00:00,openquantum:aqt:qpu:ibex-q1,ONLINE,
2026-10-02T22:35:06+00:00,openquantum:ionq:qpu:forte-1,ONLINE,
2026-10-02T22:35:06+00:00,openquantum:ionq:qpu:forte-enterprise,ONLINE,
2026-10-02T22:35:06+00:00,openquantum:iqm:qpu:emerald,ONLINE,
2026-10-02T22:35:06+00:00,openquantum:iqm:qpu:garnet,ONLINE,
2026-10-02T22:35:06+00:00,openquantum:rigetti:qpu:cepheus-1-108q,ONLINE,
2026-10-03T01:27:42+00:00,ibm:ibm:qpu:marrakesh,ONLINE,
2026-10-03T01:27:42+00:00,ibm:ibm:qpu:pittsburgh,ONLINE,
2026-10-03T01:27:42+00:00,aws:iqm:qpu:emerald,UNAVAILABLE,
2026-10-03T01:27:42+00:00,azure:ionq:qpu:forte-1,OFFLINE,
2026-10-03T01:27:42+00:00,ibm:ibm:qpu:kingston,ONLINE,
2026-10-03T01:27:42+00:00,ionq:ionq:qpu:forte-1,ONLINE,
2026-10-03T01:27:42+00:00,azure:rigetti:qpu:cepheus-1-36q,OFFLINE,
2026-10-03T01:27:42+00:00,ibm:ibm:qpu:miami,ONLINE,
2026-10-03T01:27:42+00:00,aws:aqt:qpu:ibex-q1,UNAVAILABLE,
2026-10-03T01:27:42+00:00,aws:quera:qpu:aquila,ONLINE,
2026-10-03T01:27:42+00:00,azure:pasqal:qpu:fresnel,OFFLINE,
2026-10-03T01:27:42+00:00,aws:ionq:qpu:forte-1,ONLINE,
2026-10-03T01:27:42+00:00,aws:iqm:qpu:garnet,UNAVAILABLE,
2026-10-03T01:27:42+00:00,ibm:ibm:qpu:boston,ONLINE,
2026-10-03T01:27:42+00:00,aws:ionq:qpu:forte-enterprise-1,ONLINE,
2026-10-03T01:27:42+00:00,ibm:ibm:qpu:fez,ONLINE,
2026-10-03T01:27:42+00:00,azure:ionq:qpu:forte-enterprise-1,OFFLINE,
2026-10-03T01:27:42+00:00,rigetti:rigetti:qpu:cepheus-1-108q,ONLINE,
2026-10-03T01:27:42+00:00,aws:rigetti:qpu:cepheus-1-108q,ONLINE,
2026-10-03T01:27:42+00:00,openquantum:aqt:qpu:ibex-q1,ONLINE,
2026-10-03T01:27:42+00:00,openquantum:ionq:qpu:forte-1,ONLINE,
2026-10-03T01:27:42+00:00,openquantum:ionq:qpu:forte-enterprise,ONLINE,
2026-10-03T01:27:42+00:00,openquantum:iqm:qpu:emerald,ONLINE,
2026-10-03T01:27:42+00:00,openquantum:iqm:qpu:garnet,ONLINE,
2026-10-03T01:27:42+00:00,openquantum:rigetti:qpu:cepheus-1-108q,ONLINE,
2026-10-03T07:06:15+00:00,ibm:ibm:qpu:marrakesh,ONLINE,
2026-10-03T07:06:15+00:00,ibm:ibm:qpu:pittsburgh,UNAVAILABLE,
2026-10-03T07:06:15+00:00,aws:iqm:qpu:emerald,UNAVAILABLE,
2026-10-03T07:06:15+00:00,azure:ionq:qpu:forte-1,OFFLINE,
2026-10-03T07:06:15+00:00,ibm:ibm:qpu:kingston,ONLINE,
2026-10-03T07:06:15+00:00,ionq:ionq:qpu:forte-1,ONLINE,
2026-10-03T07:06:15+00:00,azure:rigetti:qpu:cepheus-1-36q,OFFLINE,
2026-10-03T07:06:15+00:00,ibm:ibm:qpu:miami,ONLINE,
2026-10-03T07:06:15+00:00,aws:aqt:qpu:ibex-q1,UNAVAILABLE,
2026-10-03T07:06:15+00:00,aws:quera:qpu:aquila,ONLINE,
2026-10-03T07:06:15+00:00,azure:pasqal:qpu:fresnel,OFFLINE,
2026-10-03T07:06:15+00:00,aws:ionq:qpu:forte-1,ONLINE,
2026-10-03T07:06:15+00:00,aws:iqm:qpu:garnet,UNAVAILABLE,
2026-10-03T07:06:15+00:00,ibm:ibm:qpu:boston,ONLINE,
2026-10-03T07:06:15+00:00,aws:ionq:qpu:forte-enterprise-1,ONLINE,
2026-10-03T07:06:15+00:00,ibm:ibm:qpu:fez,ONLINE,
2026-10-03T07:06:15+00:00,azure:ionq:qpu:forte-enterprise-1,OFFLINE,
2026-10-03T07:06:15+00:00,rigetti:rigetti:qpu:cepheus-1-108q,ONLINE,
2026-10-03T07:06:15+00:00,aws:rigetti:qpu:cepheus-1-108q,UNAVAILABLE,
2026-10-03T07:06:15+00:00,openquantum:aqt:qpu:ibex-q1,ONLINE,
2026-10-03T07:06:15+00:00,openquantum:ionq:qpu:forte-1,ONLINE,
2026-10-03T07:06:15+00:00,openquantum:ionq:qpu:forte-enterprise,ONLINE,
2026-10-03T07:06:15+00:00,openquantum:iqm:qpu:emerald,ONLINE,
2026-10-03T07:06:15+00:00,openquantum:iqm:qpu:garnet,ONLINE,
2026-10-03T07:06:15+00:00,openquantum:rigetti:qpu:cepheus-1-108q,ONLINE,
2026-10-03T12:44:38+00:00,ibm:ibm:qpu:marrakesh,UNAVAILABLE,
2026-10-03T12:44:38+00:00,ibm:ibm:qpu:pittsburgh,ONLINE,
2026-10-03T12:44:38+00:00,aws:iqm:qpu:emerald,UNAVAILABLE,
2026-10-03T12:44:38+00:00,azure:ionq:qpu:forte-1,OFFLINE,
2026-10-03T12:44:38+00:00,ibm:ibm:qpu:kingston,ONLINE,
2026-10-03T12:44:38+00:00,ionq:ionq:qpu:forte-1,ONLINE,
2026-10-03T12:44:38+00:00,azure:rigetti:qpu:cepheus-1-36q,OFFLINE,
2026-10-03T12:44:38+00:00,ibm:ibm:qpu:miami,ONLINE,
2026-10-03T12:44:38+00:00,aws:aqt:qpu:ibex-q1,UNAVAILABLE,
2026-10-03T12:44:38+00:00,aws:quera:qpu:aquila,UNAVAILABLE,
2026-10-03T12:44:38+00:00,azure:pasqal:qpu:fresnel,OFFLINE,
2026-10-03T12:44:38+00:00,aws:ionq:qpu:forte-1,ONLINE,
2026-10-03T12:44:38+00:00,aws:iqm:qpu:garnet,UNAVAILABLE,
2026-10-03T12:44:38+00:00,ibm:ibm:qpu:boston,ONLINE,
2026-10-03T12:44:38+00:00,aws:ionq:qpu:forte-enterprise-1,ONLINE,
2026-10-03T12:44:38+00:00,ibm:ibm:qpu:fez,ONLINE,
2026-10-03T12:44:38+00:00,azure:ionq:qpu:forte-enterprise-1,OFFLINE,
2026-10-03T12:44:38+00:00,rigetti:rigetti:qpu:cepheus-1-108q,ONLINE,
2026-10-03T12:44:38+00:00,aws:rigetti:qpu:cepheus-1-108q,ONLINE,
2026-10-03T12:44:38+00:00,openquantum:aqt:qpu:ibex-q1,ONLINE,
2026-10-03T12:44:38+00:00,openquantum:ionq:qpu:forte-1,ONLINE,
2026-10-03T12:44:38+00:00,openquantum:ionq:qpu:forte-enterprise,ONLINE,
2026-10-03T12:44:38+00:00,openquantum:iqm:qpu:emerald,ONLINE,
2026-10-03T12:44:38+00:00,openquantum:iqm:qpu:garnet,ONLINE,
2026-10-03T12:44:38+00:00,openquantum:rigetti:qpu:cepheus-1-108q,ONLINE,
2026-10-03T16:45:50+00:00,ibm:ibm:qpu:marrakesh,ONLINE,
2026-10-03T16:45:50+00:00,ibm:ibm:qpu:pittsburgh,ONLINE,
2026-10-03T16:45:50+00:00,aws:iqm:qpu:emerald,UNAVAILABLE,
2026-10-03T16:45:50+00:00,azure:ionq:qpu:forte-1,OFFLINE,
2026-10-03T16:45:50+00:00,ibm:ibm:qpu:kingston,ONLINE,
2026-10-03T16:45:50+00:00,ionq:ionq:qpu:forte-1,ONLINE,
2026-10-03T16:45:50+00:00,azure:rigetti:qpu:cepheus-1-36q,OFFLINE,
2026-10-03T16:45:50+00:00,ibm:ibm:qpu:miami,ONLINE,
2026-10-03T16:45:50+00:00,aws:aqt:qpu:ibex-q1,UNAVAILABLE,
2026-10-03T16:45:50+00:00,aws:quera:qpu:aquila,ONLINE,
2026-10-03T16:45:50+00:00,azure:pasqal:qpu:fresnel,OFFLINE,
2026-10-03T16:45:50+00:00,aws:ionq:qpu:forte-1,ONLINE,
2026-10-03T16:45:50+00:00,aws:iqm:qpu:garnet,UNAVAILABLE,
2026-10-03T16:45:50+00:00,ibm:ibm:qpu:boston,ONLINE,
2026-10-03T16:45:50+00:00,aws:ionq:qpu:forte-enterprise-1,ONLINE,
2026-10-03T16:45:50+00:00,ibm:ibm:qpu:fez,ONLINE,
2026-10-03T16:45:50+00:00,azure:ionq:qpu:forte-enterprise-1,OFFLINE,
2026-10-03T16:45:50+00:00,rigetti:rigetti:qpu:cepheus-1-108q,ONLINE,
2026-10-03T16:45:50+00:00,aws:rigetti:qpu:cepheus-1-108q,ONLINE,
2026-10-03T16:45:50+00:00,openquantum:aqt:qpu:ibex-q1,ONLINE,
2026-10-03T16:45:50+00:00,openquantum:ionq:qpu:forte-1,ONLINE,
2026-10-03T16:45:50+00:00,openquantum:ionq:qpu:forte-enterprise,ONLINE,
2026-10-03T16:45:50+00:00,openquantum:iqm:qpu:emerald,ONLINE,
2026-10-03T16:45:50+00:00,openquantum:iqm:qpu:garnet,ONLINE,
2026-10-03T16:45:50+00:00,openquantum:rigetti:qpu:cepheus-1-108q,ONLINE,
2026-10-03T19:41:00+00:00,ibm:ibm:qpu:marrakesh,ONLINE,
2026-10-03T19:41:00+00:00,ibm:ibm:qpu:pittsburgh,ONLINE,
2026-10-03T19:41:00+00:00,aws:iqm:qpu:emerald,UNAVAILABLE,
2026-10-03T19:41:00+00:00,azure:ionq:qpu:forte-1,OFFLINE,
2026-10-03T19:41:00+00:00,ibm:ibm:qpu:kingston,ONLINE,
2026-10-03T19:41:00+00:00,ionq:ionq:qpu:forte-1,ONLINE,
2026-10-03T19:41:00+00:00,azure:rigetti:qpu:cepheus-1-36q,OFFLINE,
2026-10-03T19:41:00+00:00,ibm:ibm:qpu:miami,ONLINE,
2026-10-03T19:41:00+00:00,aws:aqt:qpu:ibex-q1,UNAVAILABLE,
2026-10-03T19:41:00+00:00,aws:quera:qpu:aquila,ONLINE,
2026-10-03T19:41:00+00:00,azure:pasqal:qpu:fresnel,OFFLINE,
2026-10-03T19:41:00+00:00,aws:ionq:qpu:forte-1,ONLINE,
2026-10-03T19:41:00+00:00,aws:iqm:qpu:garnet,UNAVAILABLE,
2026-10-03T19:41:00+00:00,ibm:ibm:qpu:boston,ONLINE,
2026-10-03T19:41:00+00:00,aws:ionq:qpu:forte-enterprise-1,ONLINE,
2026-10-03T19:41:00+00:00,ibm:ibm:qpu:fez,ONLINE,
2026-10-03T19:41:00+00:00,azure:ionq:qpu:forte-enterprise-1,OFFLINE,
2026-10-03T19:41:00+00:00,rigetti:rigetti:qpu:cepheus-1-108q,ONLINE,
2026-10-03T19:41:00+00:00,aws:rigetti:qpu:cepheus-1-108q,UNAVAILABLE,
2026-10-03T19:41:00+00:00,openquantum:aqt:qpu:ibex-q1,ONLINE,
2026-10-03T19:41:00+00:00,openquantum:ionq:qpu:forte-1,ONLINE,
2026-10-03T19:41:00+00:00,openquantum:ionq:qpu:forte-enterprise,ONLINE,
2026-10-03T19:41:00+00:00,openquantum:iqm:qpu:emerald,ONLINE,
2026-10-03T19:41:00+00:00,openquantum:iqm:qpu:garnet,ONLINE,
2026-10-03T19:41:00+00:00,openquantum:rigetti:qpu:cepheus-1-108q,ONLINE,
2026-10-03T22:26:11+00:00,ibm:ibm:qpu:marrakesh,ONLINE,
2026-10-03T22:26:11+00:00,ibm:ibm:qpu:pittsburgh,ONLINE,
2026-10-03T22:26:11+00:00,aws:iqm:qpu:emerald,UNAVAILABLE,
2026-10-03T22:26:11+00:00,azure:ionq:qpu:forte-1,OFFLINE,
2026-10-03T22:26:11+00:00,ibm:ibm:qpu:kingston,ONLINE,
2026-10-03T22:26:11+00:00,ionq:ionq:qpu:forte-1,ONLINE,
2026-10-03T22:26:11+00:00,azure:rigetti:qpu:cepheus-1-36q,OFFLINE,
2026-10-03T22:26:11+00:00,ibm:ibm:qpu:miami,ONLINE,
2026-10-03T22:26:11+00:00,aws:aqt:qpu:ibex-q1,UNAVAILABLE,
2026-10-03T22:26:11+00:00,aws:quera:qpu:aquila,ONLINE,
2026-10-03T22:26:11+00:00,azure:pasqal:qpu:fresnel,OFFLINE,
2026-10-03T22:26:11+00:00,aws:ionq:qpu:forte-1,ONLINE,
2026-10-03T22:26:11+00:00,aws:iqm:qpu:garnet,UNAVAILABLE,
2026-10-03T22:26:11+00:00,ibm:ibm:qpu:boston,ONLINE,
2026-10-03T22:26:11+00:00,aws:ionq:qpu:forte-enterprise-1,ONLINE,
2026-10-03T22:26:11+00:00,ibm:ibm:qpu:fez,ONLINE,
2026-10-03T22:26:11+00:00,azure:ionq:qpu:forte-enterprise-1,OFFLINE,
2026-10-03T22:26:11+00:00,rigetti:rigetti:qpu:cepheus-1-108q,ONLINE,
2026-10-03T22:26:11+00:00,aws:rigetti:qpu:cepheus-1-108q,ONLINE,
2026-10-03T22:26:11+00:00,openquantum:aqt:qpu:ibex-q1,ONLINE,
2026-10-03T22:26:11+00:00,openquantum:ionq:qpu:forte-1,ONLINE,
2026-10-03T22:26:11+00:00,openquantum:ionq:qpu:forte-enterprise,ONLINE,
2026-10-03T22:26:11+00:00,openquantum:iqm:qpu:emerald,ONLINE,
2026-10-03T22:26:11+00:00,openquantum:iqm:qpu:garnet,ONLINE,
2026-10-03T22:26:11+00:00,openquantum:rigetti:qpu:cepheus-1-108q,ONLINE,
2026-10-04T01:59:20+00:00,ibm:ibm:qpu:marrakesh,ONLINE,
2026-10-04T01:59:20+00:00,ibm:ibm:qpu:pittsburgh,ONLINE,
2026-10-04T01:59:20+00:00,aws:iqm:qpu:emerald,UNAVAILABLE,
2026-10-04T01:59:20+00:00,azure:ionq:qpu:forte-1,OFFLINE,
2026-10-04T01:59:20+00:00,ibm:ibm:qpu:kingston,ONLINE,
2026-10-04T01:59:20+00:00,ionq:ionq:qpu:forte-1,ONLINE,
2026-10-04T01:59:20+00:00,azure:rigetti:qpu:cepheus-1-36q,OFFLINE,
2026-10-04T01:59:20+00:00,ibm:ibm:qpu:miami,ONLINE,
2026-10-04T01:59:20+00:00,aws:aqt:qpu:ibex-q1,UNAVAILABLE,
2026-10-04T01:59:20+00:00,aws:quera:qpu:aquila,ONLINE,
2026-10-04T01:59:20+00:00,azure:pasqal:qpu:fresnel,OFFLINE,
2026-10-04T01:59:20+00:00,aws:ionq:qpu:forte-1,ONLINE,
2026-10-04T01:59:20+00:00,aws:iqm:qpu:garnet,UNAVAILABLE,
2026-10-04T01:59:20+00:00,ibm:ibm:qpu:boston,ONLINE,
2026-10-04T01:59:20+00:00,aws:ionq:qpu:forte-enterprise-1,ONLINE,
2026-10-04T01:59:20+00:00,ibm:ibm:qpu:fez,ONLINE,
2026-10-04T01:59:20+00:00,azure:ionq:qpu:forte-enterprise-1,OFFLINE,
2026-10-04T01:59:20+00:00,rigetti:rigetti:qpu:cepheus-1-108q,ONLINE,
2026-10-04T01:59:20+00:00,aws:rigetti:qpu:cepheus-1-108q,ONLINE,
2026-10-04T01:59:20+00:00,openquantum:aqt:qpu:ibex-q1,ONLINE,
2026-10-04T01:59:20+00:00,openquantum:ionq:qpu:forte-1,ONLINE,
2026-10-04T01:59:20+00:00,openquantum:ionq:qpu:forte-enterprise,ONLINE,
2026-10-04T01:59:20+00:00,openquantum:iqm:qpu:emerald,ONLINE,
2026-10-04T01:59:20+00:00,openquantum:iqm:qpu:garnet,ONLINE,
2026-10-04T01:59:20+00:00,openquantum:rigetti:qpu:cepheus-1-108q,ONLINE,
2026-10-04T08:19:15+00:00,ibm:ibm:qpu:marrakesh,ONLINE,
2026-10-04T08:19:15+00:00,ibm:ibm:qpu:pittsburgh,ONLINE,
2026-10-04T08:19:15+00:00,aws:iqm:qpu:emerald,UNAVAILABLE,
2026-10-04T08:19:15+00:00,azure:ionq:qpu:forte-1,OFFLINE,
2026-10-04T08:19:15+00:00,ibm:ibm:qpu:kingston,ONLINE,
2026-10-04T08:19:15+00:00,ionq:ionq:qpu:forte-1,ONLINE,
2026-10-04T08:19:15+00:00,azure:rigetti:qpu:cepheus-1-36q,OFFLINE,
2026-10-04T08:19:15+00:00,ibm:ibm:qpu:miami,ONLINE,
2026-10-04T08:19:15+00:00,aws:aqt:qpu:ibex-q1,UNAVAILABLE,
2026-10-04T08:19:15+00:00,aws:quera:qpu:aquila,ONLINE,
2026-10-04T08:19:15+00:00,azure:pasqal:qpu:fresnel,OFFLINE,
2026-10-04T08:19:15+00:00,aws:ionq:qpu:forte-1,ONLINE,
2026-10-04T08:19:15+00:00,aws:iqm:qpu:garnet,UNAVAILABLE,
2026-10-04T08:19:15+00:00,ibm:ibm:qpu:boston,ONLINE,
2026-10-04T08:19:15+00:00,aws:ionq:qpu:forte-enterprise-1,ONLINE,
2026-10-04T08:19:15+00:00,ibm:ibm:qpu:fez,ONLINE,
2026-10-04T08:19:15+00:00,azure:ionq:qpu:forte-enterprise-1,OFFLINE,
2026-10-04T08:19:15+00:00,rigetti:rigetti:qpu:cepheus-1-108q,ONLINE,
2026-10-04T08:19:15+00:00,aws:rigetti:qpu:cepheus-1-108q,UNAVAILABLE,
2026-10-04T08:19:15+00:00,openquantum:aqt:qpu:ibex-q1,ONLINE,
2026-10-04T08:19:15+00:00,openquantum:ionq:qpu:forte-1,ONLINE,
2026-10-04T08:19:15+00:00,openquantum:ionq:qpu:forte-enterprise,ONLINE,
2026-10-04T08:19:15+00:00,openquantum:iqm:qpu:emerald,ONLINE,
2026-10-04T08:19:15+00:00,openquantum:iqm:qpu:garnet,ONLINE,
2026-10-04T08:19:15+00:00,openquantum:rigetti:qpu:cepheus-1-108q,ONLINE,
2026-10-04T14:22:48+00:00,ibm:ibm:qpu:marrakesh,ONLINE,
2026-10-04T14:22:48+00:00,ibm:ibm:qpu:pittsburgh,ONLINE,
2026-10-04T14:22:48+00:00,aws:iqm:qpu:emerald,UNAVAILABLE,
2026-10-04T14:22:48+00:00,azure:ionq:qpu:forte-1,OFFLINE,
2026-10-04T14:22:48+00:00,ibm:ibm:qpu:kingston,ONLINE,
2026-10-04T14:22:48+00:00,ionq:ionq:qpu:forte-1,ONLINE,
2026-10-04T14:22:48+00:00,azure:rigetti:qpu:cepheus-1-36q,OFFLINE,
2026-10-04T14:22:48+00:00,ibm:ibm:qpu:miami,ONLINE,
2026-10-04T14:22:48+00:00,aws:aqt:qpu:ibex-q1,UNAVAILABLE,
2026-10-04T14:22:48+00:00,aws:quera:qpu:aquila,ONLINE,
2026-10-04T14:22:48+00:00,azure:pasqal:qpu:fresnel,OFFLINE,
2026-10-04T14:22:48+00:00,aws:ionq:qpu:forte-1,ONLINE,
2026-10-04T14:22:48+00:00,aws:iqm:qpu:garnet,UNAVAILABLE,
2026-10-04T14:22:48+00:00,ibm:ibm:qpu:boston,ONLINE,
2026-10-04T14:22:48+00:00,aws:ionq:qpu:forte-enterprise-1,ONLINE,
2026-10-04T14:22:48+00:00,ibm:ibm:qpu:fez,ONLINE,
2026-10-04T14:22:48+00:00,azure:ionq:qpu:forte-enterprise-1,OFFLINE,
2026-10-04T14:22:48+00:00,rigetti:rigetti:qpu:cepheus-1-108q,ONLINE,
2026-10-04T14:22:48+00:00,aws:rigetti:qpu:cepheus-1-108q,ONLINE,
2026-10-04T14:22:48+00:00,openquantum:aqt:qpu:ibex-q1,ONLINE,
2026-10-04T14:22:48+00:00,openquantum:ionq:qpu:forte-1,ONLINE,
2026-10-04T14:22:48+00:00,openquantum:ionq:qpu:forte-enterprise,ONLINE,
2026-10-04T14:22:48+00:00,openquantum:iqm:qpu:emerald,ONLINE,
2026-10-04T14:22:48+00:00,openquantum:iqm:qpu:garnet,ONLINE,
2026-10-04T14:22:48+00:00,openquantum:rigetti:qpu:cepheus-1-108q,ONLINE,
2026-10-04T18:22:26+00:00,ibm:ibm:qpu:marrakesh,ONLINE,
2026-10-04T18:22:26+00:00,ibm:ibm:qpu:pittsburgh,ONLINE,
2026-10-04T18:22:26+00:00,aws:iqm:qpu:emerald,UNAVAILABLE,
2026-10-04T18:22:26+00:00,azure:ionq:qpu:forte-1,OFFLINE,
2026-10-04T18:22:26+00:00,ibm:ibm:qpu:kingston,ONLINE,
2026-10-04T18:22:26+00:00,ionq:ionq:qpu:forte-1,UNAVAILABLE,
2026-10-04T18:22:26+00:00,azure:rigetti:qpu:cepheus-1-36q,OFFLINE,
2026-10-04T18:22:26+00:00,ibm:ibm:qpu:miami,ONLINE,
2026-10-04T18:22:26+00:00,aws:aqt:qpu:ibex-q1,UNAVAILABLE,
2026-10-04T18:22:26+00:00,aws:quera:qpu:aquila,ONLINE,
2026-10-04T18:22:26+00:00,azure:pasqal:qpu:fresnel,OFFLINE,
2026-10-04T18:22:26+00:00,aws:ionq:qpu:forte-1,UNAVAILABLE,
2026-10-04T18:22:26+00:00,aws:iqm:qpu:garnet,UNAVAILABLE,
2026-10-04T18:22:26+00:00,ibm:ibm:qpu:boston,ONLINE,
2026-10-04T18:22:26+00:00,aws:ionq:qpu:forte-enterprise-1,ONLINE,
2026-10-04T18:22:26+00:00,ibm:ibm:qpu:fez,ONLINE,
2026-10-04T18:22:26+00:00,azure:ionq:qpu:forte-enterprise-1,OFFLINE,
2026-10-04T18:22:26+00:00,rigetti:rigetti:qpu:cepheus-1-108q,ONLINE,
2026-10-04T18:22:26+00:00,aws:rigetti:qpu:cepheus-1-108q,ONLINE,
2026-10-04T18:22:26+00:00,openquantum:aqt:qpu:ibex-q1,ONLINE,
2026-10-04T18:22:26+00:00,openquantum:ionq:qpu:forte-1,ONLINE,
2026-10-04T18:22:26+00:00,openquantum:ionq:qpu:forte-enterprise,ONLINE,
2026-10-04T18:22:26+00:00,openquantum:iqm:qpu:emerald,ONLINE,
2026-10-04T18:22:26+00:00,openquantum:iqm:qpu:garnet,ONLINE,
2026-10-04T18:22:26+00:00,openquantum:rigetti:qpu:cepheus-1-108q,ONLINE,
2026-10-04T21:57:22+00:00,ibm:ibm:qpu:marrakesh,ONLINE,
2026-10-04T21:57:22+00:00,ibm:ibm:qpu:pittsburgh,ONLINE,
2026-10-04T21:57:22+00:00,aws:iqm:qpu:emerald,UNAVAILABLE,
2026-10-04T21:57:22+00:00,azure:ionq:qpu:forte-1,OFFLINE,
2026-10-04T21:57:22+00:00,ibm:ibm:qpu:kingston,ONLINE,
2026-10-04T21:57:22+00:00,ionq:ionq:qpu:forte-1,ONLINE,
2026-10-04T21:57:22+00:00,azure:rigetti:qpu:cepheus-1-36q,OFFLINE,
2026-10-04T21:57:22+00:00,ibm:ibm:qpu:miami,ONLINE,
2026-10-04T21:57:22+00:00,aws:aqt:qpu:ibex-q1,UNAVAILABLE,
2026-10-04T21:57:22+00:00,aws:quera:qpu:aquila,ONLINE,
2026-10-04T21:57:22+00:00,azure:pasqal:qpu:fresnel,OFFLINE,
2026-10-04T21:57:22+00:00,aws:ionq:qpu:forte-1,ONLINE,
2026-10-04T21:57:22+00:00,aws:iqm:qpu:garnet,UNAVAILABLE,
2026-10-04T21:57:22+00:00,ibm:ibm:qpu:boston,ONLINE,
2026-10-04T21:57:22+00:00,aws:ionq:qpu:forte-enterprise-1,ONLINE,
2026-10-04T21:57:22+00:00,ibm:ibm:qpu:fez,ONLINE,
2026-10-04T21:57:22+00:00,azure:ionq:qpu:forte-enterprise-1,OFFLINE,
2026-10-04T21:57:22+00:00,rigetti:rigetti:qpu:cepheus-1-108q,ONLINE,
2026-10-04T21:57:22+00:00,aws:rigetti:qpu:cepheus-1-108q,ONLINE,
2026-10-04T21:57:22+00:00,openquantum:aqt:qpu:ibex-q1,ONLINE,
2026-10-04T21:57:22+00:00,openquantum:ionq:qpu:forte-1,ONLINE,
2026-10-04T21:57:22+00:00,openquantum:ionq:qpu:forte-enterprise,ONLINE,
2026-10-04T21:57:22+00:00,openquantum:iqm:qpu:emerald,ONLINE,
2026-10-04T21:57:22+00:00,openquantum:iqm:qpu:garnet,ONLINE,
2026-10-04T21:57:22+00:00,openquantum:rigetti:qpu:cepheus-1-108q,ONLINE,
2026-10-05T00:37:38+00:00,ibm:ibm:qpu:marrakesh,ONLINE,
2026-10-05T00:37:38+00:00,ibm:ibm:qpu:pittsburgh,ONLINE,
2026-10-05T00:37:38+00:00,aws:iqm:qpu:emerald,ONLINE,
2026-10-05T00:37:38+00:00,azure:ionq:qpu:forte-1,OFFLINE,
2026-10-05T00:37:38+00:00,ibm:ibm:qpu:kingston,ONLINE,
2026-10-05T00:37:38+00:00,ionq:ionq:qpu:forte-1,ONLINE,
2026-10-05T00:37:38+00:00,azure:rigetti:qpu:cepheus-1-36q,OFFLINE,
2026-10-05T00:37:38+00:00,ibm:ibm:qpu:miami,ONLINE,
2026-10-05T00:37:38+00:00,aws:aqt:qpu:ibex-q1,UNAVAILABLE,
2026-10-05T00:37:38+00:00,aws:quera:qpu:aquila,UNAVAILABLE,
2026-10-05T00:37:38+00:00,azure:pasqal:qpu:fresnel,OFFLINE,
2026-10-05T00:37:38+00:00,aws:ionq:qpu:forte-1,ONLINE,
2026-10-05T00:37:38+00:00,aws:iqm:qpu:garnet,ONLINE,
2026-10-05T00:37:38+00:00,ibm:ibm:qpu:boston,ONLINE,
2026-10-05T00:37:38+00:00,aws:ionq:qpu:forte-enterprise-1,ONLINE,
2026-10-05T00:37:38+00:00,ibm:ibm:qpu:fez,ONLINE,
2026-10-05T00:37:38+00:00,azure:ionq:qpu:forte-enterprise-1,OFFLINE,
2026-10-05T00:37:38+00:00,rigetti:rigetti:qpu:cepheus-1-108q,ONLINE,
2026-10-05T00:37:38+00:00,aws:rigetti:qpu:cepheus-1-108q,ONLINE,
2026-10-05T00:37:38+00:00,openquantum:aqt:qpu:ibex-q1,ONLINE,
2026-10-05T00:37:38+00:00,openquantum:ionq:qpu:forte-1,ONLINE,
2026-10-05T00:37:38+00:00,openquantum:ionq:qpu:forte-enterprise,ONLINE,
2026-10-05T00:37:38+00:00,openquantum:iqm:qpu:emerald,ONLINE,
2026-10-05T00:37:38+00:00,openquantum:iqm:qpu:garnet,ONLINE,
2026-10-05T00:37:38+00:00,openquantum:rigetti:qpu:cepheus-1-108q,ONLINE,
2026-10-05T06:14:17+00:00,ibm:ibm:qpu:marrakesh,ONLINE,
2026-10-05T06:14:17+00:00,ibm:ibm:qpu:pittsburgh,ONLINE,
2026-10-05T06:14:17+00:00,aws:iqm:qpu:emerald,UNAVAILABLE,
2026-10-05T06:14:17+00:00,azure:ionq:qpu:forte-1,OFFLINE,
2026-10-05T06:14:17+00:00,ibm:ibm:qpu:kingston,ONLINE,
2026-10-05T06:14:17+00:00,ionq:ionq:qpu:forte-1,ONLINE,
2026-10-05T06:14:17+00:00,azure:rigetti:qpu:cepheus-1-36q,OFFLINE,
2026-10-05T06:14:17+00:00,ibm:ibm:qpu:miami,ONLINE,
2026-10-05T06:14:17+00:00,aws:aqt:qpu:ibex-q1,UNAVAILABLE,
2026-10-05T06:14:17+00:00,aws:quera:qpu:aquila,UNAVAILABLE,
2026-10-05T06:14:17+00:00,azure:pasqal:qpu:fresnel,OFFLINE,
2026-10-05T06:14:17+00:00,aws:ionq:qpu:forte-1,ONLINE,
2026-10-05T06:14:17+00:00,aws:iqm:qpu:garnet,ONLINE,
2026-10-05T06:14:17+00:00,ibm:ibm:qpu:boston,ONLINE,
2026-10-05T06:14:17+00:00,aws:ionq:qpu:forte-enterprise-1,ONLINE,
2026-10-05T06:14:17+00:00,ibm:ibm:qpu:fez,ONLINE,
2026-10-05T06:14:17+00:00,azure:ionq:qpu:forte-enterprise-1,OFFLINE,
2026-10-05T06:14:17+00:00,rigetti:rigetti:qpu:cepheus-1-108q,ONLINE,
2026-10-05T06:14:17+00:00,aws:rigetti:qpu:cepheus-1-108q,ONLINE,
2026-10-05T06:14:17+00:00,openquantum:aqt:qpu:ibex-q1,ONLINE,
2026-10-05T06:14:17+00:00,openquantum:ionq:qpu:forte-1,ONLINE,
2026-10-05T06:14:17+00:00,openquantum:ionq:qpu:forte-enterprise,ONLINE,
2026-10-05T06:14:17+00:00,openquantum:iqm:qpu:emerald,ONLINE,
2026-10-05T06:14:17+00:00,openquantum:iqm:qpu:garnet,ONLINE,
2026-10-05T06:14:17+00:00,openquantum:rigetti:qpu:cepheus-1-108q,ONLINE,
2026-10-05T15:17:16+00:00,ibm:ibm:qpu:marrakesh,ONLINE,
2026-10-05T15:17:16+00:00,ibm:ibm:qpu:pittsburgh,ONLINE,
2026-10-05T15:17:16+00:00,aws:iqm:qpu:emerald,ONLINE,
2026-10-05T15:17:16+00:00,azure:ionq:qpu:forte-1,OFFLINE,
2026-10-05T15:17:16+00:00,ibm:ibm:qpu:kingston,ONLINE,
2026-10-05T15:17:16+00:00,ionq:ionq:qpu:forte-1,ONLINE,
2026-10-05T15:17:16+00:00,azure:rigetti:qpu:cepheus-1-36q,OFFLINE,
2026-10-05T15:17:16+00:00,ibm:ibm:qpu:miami,ONLINE,
2026-10-05T15:17:16+00:00,aws:aqt:qpu:ibex-q1,UNAVAILABLE,
2026-10-05T15:17:16+00:00,aws:quera:qpu:aquila,UNAVAILABLE,
2026-10-05T15:17:16+00:00,azure:pasqal:qpu:fresnel,OFFLINE,
2026-10-05T15:17:16+00:00,aws:ionq:qpu:forte-1,ONLINE,
2026-10-05T15:17:16+00:00,aws:iqm:qpu:garnet,ONLINE,
2026-10-05T15:17:16+00:00,ibm:ibm:qpu:boston,ONLINE,
2026-10-05T15:17:16+00:00,aws:ionq:qpu:forte-enterprise-1,ONLINE,
2026-10-05T15:17:16+00:00,ibm:ibm:qpu:fez,UNAVAILABLE,
2026-10-05T15:17:16+00:00,azure:ionq:qpu:forte-enterprise-1,OFFLINE,
2026-10-05T15:17:16+00:00,rigetti:rigetti:qpu:cepheus-1-108q,ONLINE,
2026-10-05T15:17:16+00:00,aws:rigetti:qpu:cepheus-1-108q,ONLINE,
2026-10-05T15:17:16+00:00,openquantum:aqt:qpu:ibex-q1,ONLINE,
2026-10-05T15:17:16+00:00,openquantum:ionq:qpu:forte-1,ONLINE,
2026-10-05T15:17:16+00:00,openquantum:ionq:qpu:forte-enterprise,ONLINE,
2026-10-05T15:17:16+00:00,openquantum:iqm:qpu:emerald,ONLINE,
2026-10-05T15:17:16+00:00,openquantum:iqm:qpu:garnet,ONLINE,
2026-10-05T15:17:16+00:00,openquantum:rigetti:qpu:cepheus-1-108q,ONLINE,
2026-10-05T22:11:23+00:00,ibm:ibm:qpu:marrakesh,ONLINE,
2026-10-05T22:11:23+00:00,ibm:ibm:qpu:pittsburgh,ONLINE,
2026-10-05T22:11:23+00:00,aws:iqm:qpu:emerald,ONLINE,
2026-10-05T22:11:23+00:00,azure:ionq:qpu:forte-1,OFFLINE,
2026-10-05T22:11:23+00:00,ibm:ibm:qpu:kingston,ONLINE,
2026-10-05T22:11:23+00:00,ionq:ionq:qpu:forte-1,ONLINE,
2026-10-05T22:11:23+00:00,azure:rigetti:qpu:cepheus-1-36q,OFFLINE,
2026-10-05T22:11:23+00:00,ibm:ibm:qpu:miami,ONLINE,
2026-10-05T22:11:23+00:00,aws:aqt:qpu:ibex-q1,UNAVAILABLE,
2026-10-05T22:11:23+00:00,aws:quera:qpu:aquila,UNAVAILABLE,
2026-10-05T22:11:23+00:00,azure:pasqal:qpu:fresnel,OFFLINE,
2026-10-05T22:11:23+00:00,aws:ionq:qpu:forte-1,ONLINE,
2026-10-05T22:11:23+00:00,aws:iqm:qpu:garnet,ONLINE,
2026-10-05T22:11:23+00:00,ibm:ibm:qpu:boston,ONLINE,
2026-10-05T22:11:23+00:00,aws:ionq:qpu:forte-enterprise-1,ONLINE,
2026-10-05T22:11:23+00:00,ibm:ibm:qpu:fez,ONLINE,
2026-10-05T22:11:23+00:00,azure:ionq:qpu:forte-enterprise-1,OFFLINE,
2026-10-05T22:11:23+00:00,rigetti:rigetti:qpu:cepheus-1-108q,ONLINE,
2026-10-05T22:11:23+00:00,aws:rigetti:qpu:cepheus-1-108q,ONLINE,
2026-10-05T22:11:23+00:00,openquantum:aqt:qpu:ibex-q1,ONLINE,
2026-10-05T22:11:23+00:00,openquantum:ionq:qpu:forte-1,ONLINE,
2026-10-05T22:11:23+00:00,openquantum:ionq:qpu:forte-enterprise,ONLINE,
2026-10-05T22:11:23+00:00,openquantum:iqm:qpu:emerald,ONLINE,
2026-10-05T22:11:23+00:00,openquantum:iqm:qpu:garnet,ONLINE,
2026-10-05T22:11:23+00:00,openquantum:rigetti:qpu:cepheus-1-108q,ONLINE,
2026-10-06T02:30:49+00:00,ibm:ibm:qpu:marrakesh,ONLINE,
2026-10-06T02:30:49+00:00,ibm:ibm:qpu:pittsburgh,ONLINE,
2026-10-06T02:30:49+00:00,aws:iqm:qpu:emerald,ONLINE,
2026-10-06T02:30:49+00:00,azure:ionq:qpu:forte-1,OFFLINE,
2026-10-06T02:30:49+00:00,ibm:ibm:qpu:kingston,ONLINE,
2026-10-06T02:30:49+00:00,ionq:ionq:qpu:forte-1,ONLINE,
2026-10-06T02:30:49+00:00,azure:rigetti:qpu:cepheus-1-36q,OFFLINE,
2026-10-06T02:30:49+00:00,ibm:ibm:qpu:miami,ONLINE,
2026-10-06T02:30:49+00:00,aws:aqt:qpu:ibex-q1,UNAVAILABLE,
2026-10-06T02:30:49+00:00,aws:quera:qpu:aquila,UNAVAILABLE,
2026-10-06T02:30:49+00:00,azure:pasqal:qpu:fresnel,OFFLINE,
2026-10-06T02:30:49+00:00,aws:ionq:qpu:forte-1,ONLINE,
2026-10-06T02:30:49+00:00,aws:iqm:qpu:garnet,UNAVAILABLE,
2026-10-06T02:30:49+00:00,ibm:ibm:qpu:boston,ONLINE,
2026-10-06T02:30:49+00:00,aws:ionq:qpu:forte-enterprise-1,ONLINE,
2026-10-06T02:30:49+00:00,ibm:ibm:qpu:fez,ONLINE,
2026-10-06T02:30:49+00:00,azure:ionq:qpu:forte-enterprise-1,OFFLINE,
2026-10-06T02:30:49+00:00,rigetti:rigetti:qpu:cepheus-1-108q,ONLINE,
2026-10-06T02:30:49+00:00,aws:rigetti:qpu:cepheus-1-108q,ONLINE,
2026-10-06T02:30:49+00:00,openquantum:aqt:qpu:ibex-q1,ONLINE,
2026-10-06T02:30:49+00:00,openquantum:ionq:qpu:forte-1,ONLINE,
2026-10-06T02:30:49+00:00,openquantum:ionq:qpu:forte-enterprise,ONLINE,
2026-10-06T02:30:49+00:00,openquantum:iqm:qpu:emerald,ONLINE,
2026-10-06T02:30:49+00:00,openquantum:iqm:qpu:garnet,ONLINE,
2026-10-06T02:30:49+00:00,openquantum:rigetti:qpu:cepheus-1-108q,ONLINE,
2026-10-06T09:25:29+00:00,ibm:ibm:qpu:marrakesh,ONLINE,
2026-10-06T09:25:29+00:00,ibm:ibm:qpu:pittsburgh,ONLINE,
2026-10-06T09:25:29+00:00,aws:iqm:qpu:emerald,ONLINE,
2026-10-06T09:25:29+00:00,azure:ionq:qpu:forte-1,OFFLINE,
2026-10-06T09:25:29+00:00,ibm:ibm:qpu:kingston,ONLINE,
2026-10-06T09:25:29+00:00,ionq:ionq:qpu:forte-1,ONLINE,
2026-10-06T09:25:29+00:00,azure:rigetti:qpu:cepheus-1-36q,OFFLINE,
2026-10-06T09:25:29+00:00,ibm:ibm:qpu:miami,ONLINE,
2026-10-06T09:25:29+00:00,aws:aqt:qpu:ibex-q1,ONLINE,
2026-10-06T09:25:29+00:00,aws:quera:qpu:aquila,UNAVAILABLE,
2026-10-06T09:25:29+00:00,azure:pasqal:qpu:fresnel,OFFLINE,
2026-10-06T09:25:29+00:00,aws:ionq:qpu:forte-1,ONLINE,
2026-10-06T09:25:29+00:00,aws:iqm:qpu:garnet,ONLINE,
2026-10-06T09:25:29+00:00,ibm:ibm:qpu:boston,ONLINE,
2026-10-06T09:25:29+00:00,aws:ionq:qpu:forte-enterprise-1,ONLINE,
2026-10-06T09:25:29+00:00,ibm:ibm:qpu:fez,ONLINE,
2026-10-06T09:25:29+00:00,azure:ionq:qpu:forte-enterprise-1,OFFLINE,
2026-10-06T09:25:29+00:00,rigetti:rigetti:qpu:cepheus-1-108q,ONLINE,
2026-10-06T09:25:29+00:00,aws:rigetti:qpu:cepheus-1-108q,ONLINE,
2026-10-06T09:25:29+00:00,openquantum:aqt:qpu:ibex-q1,ONLINE,
2026-10-06T09:25:29+00:00,openquantum:ionq:qpu:forte-1,ONLINE,
2026-10-06T09:25:29+00:00,openquantum:ionq:qpu:forte-enterprise,ONLINE,
2026-10-06T09:25:29+00:00,openquantum:iqm:qpu:emerald,ONLINE,
2026-10-06T09:25:29+00:00,openquantum:iqm:qpu:garnet,ONLINE,
2026-10-06T09:25:29+00:00,openquantum:rigetti:qpu:cepheus-1-108q,ONLINE,
2026-10-06T16:16:17+00:00,ibm:ibm:qpu:marrakesh,ONLINE,
2026-10-06T16:16:17+00:00,ibm:ibm:qpu:pittsburgh,UNAVAILABLE,
2026-10-06T16:16:17+00:00,aws:iqm:qpu:emerald,ONLINE,
2026-10-06T16:16:17+00:00,azure:ionq:qpu:forte-1,OFFLINE,
2026-10-06T16:16:17+00:00,ibm:ibm:qpu:kingston,ONLINE,
2026-10-06T16:16:17+00:00,ionq:ionq:qpu:forte-1,UNAVAILABLE,
2026-10-06T16:16:17+00:00,azure:rigetti:qpu:cepheus-1-36q,OFFLINE,
2026-10-06T16:16:17+00:00,ibm:ibm:qpu:miami,ONLINE,
2026-10-06T16:16:17+00:00,aws:aqt:qpu:ibex-q1,UNAVAILABLE,
2026-10-06T16:16:17+00:00,aws:quera:qpu:aquila,UNAVAILABLE,
2026-10-06T16:16:17+00:00,azure:pasqal:qpu:fresnel,OFFLINE,
2026-10-06T16:16:17+00:00,aws:ionq:qpu:forte-1,ONLINE,
2026-10-06T16:16:17+00:00,aws:iqm:qpu:garnet,UNAVAILABLE,
2026-10-06T16:16:17+00:00,ibm:ibm:qpu:boston,ONLINE,
2026-10-06T16:16:17+00:00,aws:ionq:qpu:forte-enterprise-1,ONLINE,
2026-10-06T16:16:17+00:00,ibm:ibm:qpu:fez,ONLINE,
2026-10-06T16:16:17+00:00,azure:ionq:qpu:forte-enterprise-1,OFFLINE,
2026-10-06T16:16:17+00:00,rigetti:rigetti:qpu:cepheus-1-108q,ONLINE,
2026-10-06T16:16:17+00:00,aws:rigetti:qpu:cepheus-1-108q,ONLINE,
2026-10-06T16:16:17+00:00,openquantum:aqt:qpu:ibex-q1,ONLINE,
2026-10-06T16:16:17+00:00,openquantum:ionq:qpu:forte-1,ONLINE,
2026-10-06T16:16:17+00:00,openquantum:ionq:qpu:forte-enterprise,ONLINE,
2026-10-06T16:16:17+00:00,openquantum:iqm:qpu:emerald,ONLINE,
2026-10-06T16:16:17+00:00,openquantum:iqm:qpu:garnet,ONLINE,
2026-10-06T16:16:17+00:00,openquantum:rigetti:qpu:cepheus-1-108q,ONLINE,
2026-10-06T21:14:27+00:00,ibm:ibm:qpu:marrakesh,ONLINE,
2026-10-06T21:14:27+00:00,ibm:ibm:qpu:pittsburgh,ONLINE,
2026-10-06T21:14:27+00:00,aws:iqm:qpu:emerald,ONLINE,
2026-10-06T21:14:27+00:00,azure:ionq:qpu:forte-1,OFFLINE,
2026-10-06T21:14:27+00:00,ibm:ibm:qpu:kingston,ONLINE,
2026-10-06T21:14:27+00:00,ionq:ionq:qpu:forte-1,ONLINE,
2026-10-06T21:14:27+00:00,azure:rigetti:qpu:cepheus-1-36q,OFFLINE,
2026-10-06T21:14:27+00:00,ibm:ibm:qpu:miami,ONLINE,
2026-10-06T21:14:27+00:00,aws:aqt:qpu:ibex-q1,UNAVAILABLE,
2026-10-06T21:14:27+00:00,aws:quera:qpu:aquila,UNAVAILABLE,
2026-10-06T21:14:27+00:00,azure:pasqal:qpu:fresnel,OFFLINE,
2026-10-06T21:14:27+00:00,aws:ionq:qpu:forte-1,ONLINE,
2026-10-06T21:14:27+00:00,aws:iqm:qpu:garnet,ONLINE,
2026-10-06T21:14:27+00:00,ibm:ibm:qpu:boston,ONLINE,
2026-10-06T21:14:27+00:00,aws:ionq:qpu:forte-enterprise-1,ONLINE,
2026-10-06T21:14:27+00:00,ibm:ibm:qpu:fez,ONLINE,
2026-10-06T21:14:27+00:00,azure:ionq:qpu:forte-enterprise-1,OFFLINE,
2026-10-06T21:14:27+00:00,rigetti:rigetti:qpu:cepheus-1-108q,ONLINE,
2026-10-06T21:14:27+00:00,aws:rigetti:qpu:cepheus-1-108q,ONLINE,
2026-10-06T21:14:27+00:00,openquantum:aqt:qpu:ibex-q1,ONLINE,
2026-10-06T21:14:27+00:00,openquantum:ionq:qpu:forte-1,ONLINE,
2026-10-06T21:14:27+00:00,openquantum:ionq:qpu:forte-enterprise,ONLINE,
2026-10-06T21:14:27+00:00,openquantum:iqm:qpu:emerald,ONLINE,
2026-10-06T21:14:27+00:00,openquantum:iqm:qpu:garnet,ONLINE,
2026-10-06T21:14:27+00:00,openquantum:rigetti:qpu:cepheus-1-108q,ONLINE,
2026-10-07T01:01:12+00:00,ibm:ibm:qpu:marrakesh,ONLINE,
2026-10-07T01:01:12+00:00,ibm:ibm:qpu:pittsburgh,ONLINE,
2026-10-07T01:01:12+00:00,aws:iqm:qpu:emerald,ONLINE,
2026-10-07T01:01:12+00:00,azure:ionq:qpu:forte-1,OFFLINE,
2026-10-07T01:01:12+00:00,ibm:ibm:qpu:kingston,ONLINE,
2026-10-07T01:01:12+00:00,ionq:ionq:qpu:forte-1,ONLINE,
2026-10-07T01:01:12+00:00,azure:rigetti:qpu:cepheus-1-36q,OFFLINE,
2026-10-07T01:01:12+00:00,ibm:ibm:qpu:miami,ONLINE,
2026-10-07T01:01:12+00:00,aws:aqt:qpu:ibex-q1,UNAVAILABLE,
2026-10-07T01:01:12+00:00,aws:quera:qpu:aquila,UNAVAILABLE,
2026-10-07T01:01:12+00:00,azure:pasqal:qpu:fresnel,OFFLINE,
2026-10-07T01:01:12+00:00,aws:ionq:qpu:forte-1,ONLINE,
2026-10-07T01:01:12+00:00,aws:iqm:qpu:garnet,ONLINE,
2026-10-07T01:01:12+00:00,ibm:ibm:qpu:boston,ONLINE,
2026-10-07T01:01:12+00:00,aws:ionq:qpu:forte-enterprise-1,ONLINE,
2026-10-07T01:01:12+00:00,ibm:ibm:qpu:fez,ONLINE,
2026-10-07T01:01:12+00:00,azure:ionq:qpu:forte-enterprise-1,OFFLINE,
2026-10-07T01:01:12+00:00,rigetti:rigetti:qpu:cepheus-1-108q,ONLINE,
2026-10-07T01:01:12+00:00,aws:rigetti:qpu:cepheus-1-108q,ONLINE,
2026-10-07T01:01:12+00:00,openquantum:aqt:qpu:ibex-q1,ONLINE,
2026-10-07T01:01:12+00:00,openquantum:ionq:qpu:forte-1,ONLINE,
2026-10-07T01:01:12+00:00,openquantum:ionq:qpu:forte-enterprise,ONLINE,
2026-10-07T01:01:12+00:00,openquantum:iqm:qpu:emerald,ONLINE,
2026-10-07T01:01:12+00:00,openquantum:iqm:qpu:garnet,ONLINE,
2026-10-07T01:01:12+00:00,openquantum:rigetti:qpu:cepheus-1-108q,ONLINE,
2026-10-07T07:42:54+00:00,ibm:ibm:qpu:marrakesh,ONLINE,
2026-10-07T07:42:54+00:00,ibm:ibm:qpu:pittsburgh,ONLINE,
2026-10-07T07:42:54+00:00,aws:iqm:qpu:emerald,ONLINE,
2026-10-07T07:42:54+00:00,azure:ionq:qpu:forte-1,OFFLINE,
2026-10-07T07:42:54+00:00,ibm:ibm:qpu:kingston,ONLINE,
2026-10-07T07:42:54+00:00,ionq:ionq:qpu:forte-1,ONLINE,
2026-10-07T07:42:54+00:00,azure:rigetti:qpu:cepheus-1-36q,OFFLINE,
2026-10-07T07:42:54+00:00,ibm:ibm:qpu:miami,ONLINE,
2026-10-07T07:42:54+00:00,aws:aqt:qpu:ibex-q1,UNAVAILABLE,
2026-10-07T07:42:54+00:00,aws:quera:qpu:aquila,UNAVAILABLE,
2026-10-07T07:42:54+00:00,azure:pasqal:qpu:fresnel,OFFLINE,
2026-10-07T07:42:54+00:00,aws:ionq:qpu:forte-1,ONLINE,
2026-10-07T07:42:54+00:00,aws:iqm:qpu:garnet,ONLINE,
2026-10-07T07:42:54+00:00,ibm:ibm:qpu:boston,ONLINE,
2026-10-07T07:42:54+00:00,aws:ionq:qpu:forte-enterprise-1,ONLINE,
2026-10-07T07:42:54+00:00,ibm:ibm:qpu:fez,ONLINE,
2026-10-07T07:42:54+00:00,azure:ionq:qpu:forte-enterprise-1,OFFLINE,
2026-10-07T07:42:54+00:00,rigetti:rigetti:qpu:cepheus-1-108q,ONLINE,
2026-10-07T07:42:54+00:00,aws:rigetti:qpu:cepheus-1-108q,UNAVAILABLE,
2026-10-07T07:42:54+00:00,openquantum:aqt:qpu:ibex-q1,ONLINE,
2026-10-07T07:42:54+00:00,openquantum:ionq:qpu:forte-1,ONLINE,
2026-10-07T07:42:54+00:00,openquantum:ionq:qpu:forte-enterprise,ONLINE,
2026-10-07T07:42:54+00:00,openquantum:iqm:qpu:emerald,ONLINE,
2026-10-07T07:42:54+00:00,openquantum:iqm:qpu:garnet,ONLINE,
2026-10-07T07:42:54+00:00,openquantum:rigetti:qpu:cepheus-1-108q,ONLINE,
2026-10-07T14:45:43+00:00,ibm:ibm:qpu:marrakesh,ONLINE,
2026-10-07T14:45:43+00:00,ibm:ibm:qpu:pittsburgh,ONLINE,
2026-10-07T14:45:43+00:00,aws:iqm:qpu:emerald,ONLINE,
2026-10-07T14:45:43+00:00,azure:ionq:qpu:forte-1,OFFLINE,
2026-10-07T14:45:43+00:00,ibm:ibm:qpu:kingston,ONLINE,
2026-10-07T14:45:43+00:00,ionq:ionq:qpu:forte-1,UNAVAILABLE,
2026-10-07T14:45:43+00:00,azure:rigetti:qpu:cepheus-1-36q,OFFLINE,
2026-10-07T14:45:43+00:00,ibm:ibm:qpu:miami,ONLINE,
2026-10-07T14:45:43+00:00,aws:aqt:qpu:ibex-q1,ONLINE,
2026-10-07T14:45:43+00:00,aws:quera:qpu:aquila,UNAVAILABLE,
2026-10-07T14:45:43+00:00,azure:pasqal:qpu:fresnel,OFFLINE,
2026-10-07T14:45:43+00:00,aws:ionq:qpu:forte-1,UNAVAILABLE,
2026-10-07T14:45:43+00:00,aws:iqm:qpu:garnet,ONLINE,
2026-10-07T14:45:43+00:00,ibm:ibm:qpu:boston,ONLINE,
2026-10-07T14:45:43+00:00,aws:ionq:qpu:forte-enterprise-1,ONLINE,
2026-10-07T14:45:43+00:00,ibm:ibm:qpu:fez,ONLINE,
2026-10-07T14:45:43+00:00,azure:ionq:qpu:forte-enterprise-1,OFFLINE,
2026-10-07T14:45:43+00:00,rigetti:rigetti:qpu:cepheus-1-108q,ONLINE,
2026-10-07T14:45:43+00:00,aws:rigetti:qpu:cepheus-1-108q,ONLINE,
2026-10-07T14:45:43+00:00,openquantum:aqt:qpu:ibex-q1,ONLINE,
2026-10-07T14:45:43+00:00,openquantum:ionq:qpu:forte-1,ONLINE,
2026-10-07T14:45:43+00:00,openquantum:ionq:qpu:forte-enterprise,ONLINE,
2026-10-07T14:45:43+00:00,openquantum:iqm:qpu:emerald,ONLINE,
2026-10-07T14:45:43+00:00,openquantum:iqm:qpu:garnet,ONLINE,
2026-10-07T14:45:43+00:00,openquantum:rigetti:qpu:cepheus-1-108q,ONLINE,
2026-10-07T20:24:54+00:00,aws:aqt:qpu:ibex-q1,UNAVAILABLE,
2026-10-07T20:24:54+00:00,aws:quera:qpu:aquila,UNAVAILABLE,
2026-10-07T20:24:54+00:00,ibm:ibm:qpu:marrakesh,ONLINE,
2026-10-07T20:24:54+00:00,ibm:ibm:qpu:pittsburgh,ONLINE,
2026-10-07T20:24:54+00:00,azure:pasqal:qpu:fresnel,OFFLINE,
2026-10-07T20:24:54+00:00,aws:iqm:qpu:emerald,ONLINE,
2026-10-07T20:24:54+00:00,azure:ionq:qpu:forte-1,OFFLINE,
2026-10-07T20:24:54+00:00,ibm:ibm:qpu:kingston,ONLINE,
2026-10-07T20:24:54+00:00,aws:ionq:qpu:forte-1,ONLINE,
2026-10-07T20:24:54+00:00,aws:ionq:qpu:forte-enterprise-1,ONLINE,
2026-10-07T20:24:54+00:00,ionq:ionq:qpu:forte-1,ONLINE,
2026-10-07T20:24:54+00:00,ibm:ibm:qpu:fez,ONLINE,
2026-10-07T20:24:54+00:00,aws:iqm:qpu:garnet,ONLINE,
2026-10-07T20:24:54+00:00,azure:rigetti:qpu:cepheus-1-36q,OFFLINE,
2026-10-07T20:24:54+00:00,azure:ionq:qpu:forte-enterprise-1,OFFLINE,
2026-10-07T20:24:54+00:00,ibm:ibm:qpu:boston,ONLINE,
2026-10-07T20:24:54+00:00,ibm:ibm:qpu:miami,ONLINE,
2026-10-07T20:24:54+00:00,rigetti:rigetti:qpu:cepheus-1-108q,ONLINE,
2026-10-07T20:24:54+00:00,aws:rigetti:qpu:cepheus-1-108q,UNAVAILABLE,
2026-10-07T20:24:54+00:00,openquantum:aqt:qpu:ibex-q1,ONLINE,
2026-10-07T20:24:54+00:00,openquantum:ionq:qpu:forte-1,ONLINE,
2026-10-07T20:24:54+00:00,openquantum:ionq:qpu:forte-enterprise,ONLINE,
2026-10-07T20:24:54+00:00,openquantum:iqm:qpu:emerald,ONLINE,
2026-10-07T20:24:54+00:00,openquantum:iqm:qpu:garnet,ONLINE,
2026-10-07T20:24:54+00:00,openquantum:rigetti:qpu:cepheus-1-108q,ONLINE,
2026-10-08T00:24:49+00:00,aws:aqt:qpu:ibex-q1,UNAVAILABLE,
2026-10-08T00:24:49+00:00,aws:quera:qpu:aquila,UNAVAILABLE,
2026-10-08T00:24:49+00:00,ibm:ibm:qpu:marrakesh,ONLINE,
2026-10-08T00:24:49+00:00,ibm:ibm:qpu:pittsburgh,ONLINE,
2026-10-08T00:24:49+00:00,azure:pasqal:qpu:fresnel,OFFLINE,
2026-10-08T00:24:49+00:00,aws:iqm:qpu:emerald,ONLINE,
2026-10-08T00:24:49+00:00,azure:ionq:qpu:forte-1,OFFLINE,
2026-10-08T00:24:49+00:00,ibm:ibm:qpu:kingston,ONLINE,
2026-10-08T00:24:49+00:00,aws:ionq:qpu:forte-1,ONLINE,
2026-10-08T00:24:49+00:00,aws:ionq:qpu:forte-enterprise-1,ONLINE,
2026-10-08T00:24:49+00:00,ionq:ionq:qpu:forte-1,ONLINE,
2026-10-08T00:24:49+00:00,ibm:ibm:qpu:fez,ONLINE,
2026-10-08T00:24:49+00:00,aws:iqm:qpu:garnet,ONLINE,
2026-10-08T00:24:49+00:00,azure:rigetti:qpu:cepheus-1-36q,OFFLINE,
2026-10-08T00:24:49+00:00,azure:ionq:qpu:forte-enterprise-1,OFFLINE,
2026-10-08T00:24:49+00:00,ibm:ibm:qpu:boston,ONLINE,
2026-10-08T00:24:49+00:00,ibm:ibm:qpu:miami,ONLINE,
2026-10-08T00:24:49+00:00,rigetti:rigetti:qpu:cepheus-1-108q,ONLINE,
2026-10-08T00:24:49+00:00,aws:rigetti:qpu:cepheus-1-108q,ONLINE,
2026-10-08T00:24:49+00:00,openquantum:aqt:qpu:ibex-q1,ONLINE,
2026-10-08T00:24:49+00:00,openquantum:ionq:qpu:forte-1,ONLINE,
2026-10-08T00:24:49+00:00,openquantum:ionq:qpu:forte-enterprise,ONLINE,
2026-10-08T00:24:49+00:00,openquantum:iqm:qpu:emerald,ONLINE,
2026-10-08T00:24:49+00:00,openquantum:iqm:qpu:garnet,ONLINE,
2026-10-08T00:24:49+00:00,openquantum:rigetti:qpu:cepheus-1-108q,ONLINE,
2026-10-08T06:39:55+00:00,aws:aqt:qpu:ibex-q1,UNAVAILABLE,
2026-10-08T06:39:55+00:00,aws:quera:qpu:aquila,UNAVAILABLE,
2026-10-08T06:39:55+00:00,ibm:ibm:qpu:marrakesh,ONLINE,
2026-10-08T06:39:55+00:00,ibm:ibm:qpu:pittsburgh,ONLINE,
2026-10-08T06:39:55+00:00,azure:pasqal:qpu:fresnel,OFFLINE,
2026-10-08T06:39:55+00:00,aws:iqm:qpu:emerald,UNAVAILABLE,
2026-10-08T06:39:55+00:00,azure:ionq:qpu:forte-1,OFFLINE,
2026-10-08T06:39:55+00:00,ibm:ibm:qpu:kingston,ONLINE,
2026-10-08T06:39:55+00:00,aws:ionq:qpu:forte-1,ONLINE,
2026-10-08T06:39:55+00:00,aws:ionq:qpu:forte-enterprise-1,ONLINE,
2026-10-08T06:39:55+00:00,ionq:ionq:qpu:forte-1,ONLINE,
2026-10-08T06:39:55+00:00,ibm:ibm:qpu:fez,ONLINE,
2026-10-08T06:39:55+00:00,aws:iqm:qpu:garnet,ONLINE,
2026-10-08T06:39:55+00:00,azure:rigetti:qpu:cepheus-1-36q,OFFLINE,
2026-10-08T06:39:55+00:00,azure:ionq:qpu:forte-enterprise-1,OFFLINE,
2026-10-08T06:39:55+00:00,ibm:ibm:qpu:boston,ONLINE,
2026-10-08T06:39:55+00:00,ibm:ibm:qpu:miami,ONLINE,
2026-10-08T06:39:55+00:00,rigetti:rigetti:qpu:cepheus-1-108q,ONLINE,
2026-10-08T06:39:55+00:00,aws:rigetti:qpu:cepheus-1-108q,ONLINE,
2026-10-08T06:39:55+00:00,openquantum:aqt:qpu:ibex-q1,ONLINE,
2026-10-08T06:39:55+00:00,openquantum:ionq:qpu:forte-1,ONLINE,
2026-10-08T06:39:55+00:00,openquantum:ionq:qpu:forte-enterprise,ONLINE,
2026-10-08T06:39:55+00:00,openquantum:iqm:qpu:emerald,ONLINE,
2026-10-08T06:39:55+00:00,openquantum:iqm:qpu:garnet,ONLINE,
2026-10-08T06:39:55+00:00,openquantum:rigetti:qpu:cepheus-1-108q,ONLINE,
2026-10-08T14:02:38+00:00,aws:aqt:qpu:ibex-q1,UNAVAILABLE,
2026-10-08T14:02:38+00:00,aws:quera:qpu:aquila,UNAVAILABLE,
2026-10-08T14:02:38+00:00,ibm:ibm:qpu:marrakesh,ONLINE,
2026-10-08T14:02:38+00:00,ibm:ibm:qpu:pittsburgh,ONLINE,
2026-10-08T14:02:38+00:00,azure:pasqal:qpu:fresnel,OFFLINE,
2026-10-08T14:02:38+00:00,aws:iqm:qpu:emerald,ONLINE,
2026-10-08T14:02:38+00:00,azure:ionq:qpu:forte-1,OFFLINE,
2026-10-08T14:02:38+00:00,ibm:ibm:qpu:kingston,ONLINE,
2026-10-08T14:02:38+00:00,aws:ionq:qpu:forte-1,ONLINE,
2026-10-08T14:02:38+00:00,aws:ionq:qpu:forte-enterprise-1,ONLINE,
2026-10-08T14:02:38+00:00,ionq:ionq:qpu:forte-1,ONLINE,
2026-10-08T14:02:38+00:00,ibm:ibm:qpu:fez,ONLINE,
2026-10-08T14:02:38+00:00,aws:iqm:qpu:garnet,ONLINE,
2026-10-08T14:02:38+00:00,azure:rigetti:qpu:cepheus-1-36q,OFFLINE,
2026-10-08T14:02:38+00:00,azure:ionq:qpu:forte-enterprise-1,OFFLINE,
2026-10-08T14:02:38+00:00,ibm:ibm:qpu:boston,ONLINE,
2026-10-08T14:02:38+00:00,ibm:ibm:qpu:miami,ONLINE,
2026-10-08T14:02:38+00:00,rigetti:rigetti:qpu:cepheus-1-108q,ONLINE,
2026-10-08T14:02:38+00:00,aws:rigetti:qpu:cepheus-1-108q,ONLINE,
2026-10-08T14:02:38+00:00,openquantum:aqt:qpu:ibex-q1,ONLINE,
2026-10-08T14:02:38+00:00,openquantum:ionq:qpu:forte-1,ONLINE,
2026-10-08T14:02:38+00:00,openquantum:ionq:qpu:forte-enterprise,ONLINE,
2026-10-08T14:02:38+00:00,openquantum:iqm:qpu:emerald,ONLINE,
2026-10-08T14:02:38+00:00,openquantum:iqm:qpu:garnet,ONLINE,
2026-10-08T14:02:38+00:00,openquantum:rigetti:qpu:cepheus-1-108q,ONLINE,
2026-10-08T20:09:28+00:00,aws:aqt:qpu:ibex-q1,UNAVAILABLE,
2026-10-08T20:09:28+00:00,aws:quera:qpu:aquila,UNAVAILABLE,
2026-10-08T20:09:28+00:00,ibm:ibm:qpu:marrakesh,ONLINE,
2026-10-08T20:09:28+00:00,ibm:ibm:qpu:pittsburgh,ONLINE,
2026-10-08T20:09:28+00:00,azure:pasqal:qpu:fresnel,OFFLINE,
2026-10-08T20:09:28+00:00,aws:iqm:qpu:emerald,ONLINE,
2026-10-08T20:09:28+00:00,azure:ionq:qpu:forte-1,OFFLINE,
2026-10-08T20:09:28+00:00,ibm:ibm:qpu:kingston,ONLINE,
2026-10-08T20:09:28+00:00,aws:ionq:qpu:forte-1,ONLINE,
2026-10-08T20:09:28+00:00,aws:ionq:qpu:forte-enterprise-1,ONLINE,
2026-10-08T20:09:28+00:00,ionq:ionq:qpu:forte-1,ONLINE,
2026-10-08T20:09:28+00:00,ibm:ibm:qpu:fez,ONLINE,
2026-10-08T20:09:28+00:00,aws:iqm:qpu:garnet,ONLINE,
2026-10-08T20:09:28+00:00,azure:rigetti:qpu:cepheus-1-36q,OFFLINE,
2026-10-08T20:09:28+00:00,azure:ionq:qpu:forte-enterprise-1,OFFLINE,
2026-10-08T20:09:28+00:00,ibm:ibm:qpu:boston,ONLINE,
2026-10-08T20:09:28+00:00,ibm:ibm:qpu:miami,ONLINE,
2026-10-08T20:09:28+00:00,rigetti:rigetti:qpu:cepheus-1-108q,ONLINE,
2026-10-08T20:09:28+00:00,aws:rigetti:qpu:cepheus-1-108q,UNAVAILABLE,
2026-10-08T20:09:28+00:00,openquantum:aqt:qpu:ibex-q1,ONLINE,
2026-10-08T20:09:28+00:00,openquantum:ionq:qpu:forte-1,ONLINE,
2026-10-08T20:09:28+00:00,openquantum:ionq:qpu:forte-enterprise,ONLINE,
2026-10-08T20:09:28+00:00,openquantum:iqm:qpu:emerald,ONLINE,
2026-10-08T20:09:28+00:00,openquantum:iqm:qpu:garnet,ONLINE,
2026-10-08T20:09:28+00:00,openquantum:rigetti:qpu:cepheus-1-108q,ONLINE,
2026-10-09T00:40:05+00:00,aws:aqt:qpu:ibex-q1,UNAVAILABLE,
2026-10-09T00:40:05+00:00,aws:quera:qpu:aquila,UNAVAILABLE,
2026-10-09T00:40:05+00:00,ibm:ibm:qpu:marrakesh,ONLINE,
2026-10-09T00:40:05+00:00,ibm:ibm:qpu:pittsburgh,ONLINE,
2026-10-09T00:40:05+00:00,azure:pasqal:qpu:fresnel,OFFLINE,
2026-10-09T00:40:05+00:00,aws:iqm:qpu:emerald,ONLINE,
2026-10-09T00:40:05+00:00,azure:ionq:qpu:forte-1,OFFLINE,
2026-10-09T00:40:05+00:00,ibm:ibm:qpu:kingston,ONLINE,
2026-10-09T00:40:05+00:00,aws:ionq:qpu:forte-1,ONLINE,
2026-10-09T00:40:05+00:00,aws:ionq:qpu:forte-enterprise-1,ONLINE,
2026-10-09T00:40:05+00:00,ionq:ionq:qpu:forte-1,ONLINE,
2026-10-09T00:40:05+00:00,ibm:ibm:qpu:fez,ONLINE,
2026-10-09T00:40:05+00:00,aws:iqm:qpu:garnet,ONLINE,
2026-10-09T00:40:05+00:00,azure:rigetti:qpu:cepheus-1-36q,OFFLINE,
2026-10-09T00:40:05+00:00,azure:ionq:qpu:forte-enterprise-1,OFFLINE,
2026-10-09T00:40:05+00:00,ibm:ibm:qpu:boston,ONLINE,
2026-10-09T00:40:05+00:00,ibm:ibm:qpu:miami,ONLINE,
2026-10-09T00:40:05+00:00,rigetti:rigetti:qpu:cepheus-1-108q,ONLINE,
2026-10-09T00:40:05+00:00,aws:rigetti:qpu:cepheus-1-108q,ONLINE,
2026-10-09T00:40:05+00:00,openquantum:aqt:qpu:ibex-q1,ONLINE,
2026-10-09T00:40:05+00:00,openquantum:ionq:qpu:forte-1,ONLINE,
2026-10-09T00:40:05+00:00,openquantum:ionq:qpu:forte-enterprise,ONLINE,
2026-10-09T00:40:05+00:00,openquantum:iqm:qpu:emerald,ONLINE,
2026-10-09T00:40:05+00:00,openquantum:iqm:qpu:garnet,ONLINE,
2026-10-09T00:40:05+00:00,openquantum:rigetti:qpu:cepheus-1-108q,ONLINE,
2026-10-09T06:45:15+00:00,aws:aqt:qpu:ibex-q1,UNAVAILABLE,
2026-10-09T06:45:15+00:00,aws:quera:qpu:aquila,ONLINE,
2026-10-09T06:45:15+00:00,ibm:ibm:qpu:marrakesh,ONLINE,
2026-10-09T06:45:15+00:00,ibm:ibm:qpu:pittsburgh,ONLINE,
2026-10-09T06:45:15+00:00,azure:pasqal:qpu:fresnel,OFFLINE,
2026-10-09T06:45:15+00:00,aws:iqm:qpu:emerald,UNAVAILABLE,
2026-10-09T06:45:15+00:00,azure:ionq:qpu:forte-1,OFFLINE,
2026-10-09T06:45:15+00:00,ibm:ibm:qpu:kingston,ONLINE,
2026-10-09T06:45:15+00:00,aws:ionq:qpu:forte-1,ONLINE,
2026-10-09T06:45:15+00:00,aws:ionq:qpu:forte-enterprise-1,ONLINE,
2026-10-09T06:45:15+00:00,ionq:ionq:qpu:forte-1,ONLINE,
2026-10-09T06:45:15+00:00,ibm:ibm:qpu:fez,ONLINE,
2026-10-09T06:45:15+00:00,aws:iqm:qpu:garnet,ONLINE,
2026-10-09T06:45:15+00:00,azure:rigetti:qpu:cepheus-1-36q,OFFLINE,
2026-10-09T06:45:15+00:00,azure:ionq:qpu:forte-enterprise-1,OFFLINE,
2026-10-09T06:45:15+00:00,ibm:ibm:qpu:boston,ONLINE,
2026-10-09T06:45:15+00:00,ibm:ibm:qpu:miami,ONLINE,
2026-10-09T06:45:15+00:00,rigetti:rigetti:qpu:cepheus-1-108q,ONLINE,
2026-10-09T06:45:15+00:00,aws:rigetti:qpu:cepheus-1-108q,ONLINE,
2026-10-09T06:45:15+00:00,openquantum:aqt:qpu:ibex-q1,ONLINE,
2026-10-09T06:45:15+00:00,openquantum:ionq:qpu:forte-1,ONLINE,
2026-10-09T06:45:15+00:00,openquantum:ionq:qpu:forte-enterprise,ONLINE,
2026-10-09T06:45:15+00:00,openquantum:iqm:qpu:emerald,ONLINE,
2026-10-09T06:45:15+00:00,openquantum:iqm:qpu:garnet,ONLINE,
2026-10-09T06:45:15+00:00,openquantum:rigetti:qpu:cepheus-1-108q,ONLINE,
2026-10-09T14:08:53+00:00,aws:aqt:qpu:ibex-q1,ONLINE,
2026-10-09T14:08:53+00:00,aws:quera:qpu:aquila,ONLINE,
2026-10-09T14:08:53+00:00,ibm:ibm:qpu:marrakesh,ONLINE,
2026-10-09T14:08:53+00:00,ibm:ibm:qpu:pittsburgh,ONLINE,
2026-10-09T14:08:53+00:00,azure:pasqal:qpu:fresnel,OFFLINE,
2026-10-09T14:08:53+00:00,aws:iqm:qpu:emerald,ONLINE,
2026-10-09T14:08:53+00:00,azure:ionq:qpu:forte-1,OFFLINE,
2026-10-09T14:08:53+00:00,ibm:ibm:qpu:kingston,ONLINE,
2026-10-09T14:08:53+00:00,aws:ionq:qpu:forte-1,ONLINE,
2026-10-09T14:08:53+00:00,aws:ionq:qpu:forte-enterprise-1,ONLINE,
2026-10-09T14:08:53+00:00,ionq:ionq:qpu:forte-1,ONLINE,
2026-10-09T14:08:53+00:00,ibm:ibm:qpu:fez,ONLINE,
2026-10-09T14:08:53+00:00,aws:iqm:qpu:garnet,ONLINE,
2026-10-09T14:08:53+00:00,azure:rigetti:qpu:cepheus-1-36q,OFFLINE,
2026-10-09T14:08:53+00:00,azure:ionq:qpu:forte-enterprise-1,OFFLINE,
2026-10-09T14:08:53+00:00,ibm:ibm:qpu:boston,ONLINE,
2026-10-09T14:08:53+00:00,ibm:ibm:qpu:miami,ONLINE,
2026-10-09T14:08:53+00:00,rigetti:rigetti:qpu:cepheus-1-108q,ONLINE,
2026-10-09T14:08:53+00:00,aws:rigetti:qpu:cepheus-1-108q,ONLINE,
2026-10-09T14:08:53+00:00,openquantum:aqt:qpu:ibex-q1,ONLINE,
2026-10-09T14:08:53+00:00,openquantum:ionq:qpu:forte-1,ONLINE,
2026-10-09T14:08:53+00:00,openquantum:ionq:qpu:forte-enterprise,ONLINE,
2026-10-09T14:08:53+00:00,openquantum:iqm:qpu:emerald,ONLINE,
2026-10-09T14:08:53+00:00,openquantum:iqm:qpu:garnet,ONLINE,
2026-10-09T14:08:53+00:00,openquantum:rigetti:qpu:cepheus-1-108q,ONLINE,
2026-10-09T19:47:20+00:00,aws:aqt:qpu:ibex-q1,UNAVAILABLE,
2026-10-09T19:47:20+00:00,aws:quera:qpu:aquila,ONLINE,
2026-10-09T19:47:20+00:00,ibm:ibm:qpu:marrakesh,ONLINE,
2026-10-09T19:47:20+00:00,ibm:ibm:qpu:pittsburgh,ONLINE,
2026-10-09T19:47:20+00:00,azure:pasqal:qpu:fresnel,OFFLINE,
2026-10-09T19:47:20+00:00,aws:iqm:qpu:emerald,ONLINE,
2026-10-09T19:47:20+00:00,azure:ionq:qpu:forte-1,OFFLINE,
2026-10-09T19:47:20+00:00,ibm:ibm:qpu:kingston,ONLINE,
2026-10-09T19:47:20+00:00,aws:ionq:qpu:forte-1,ONLINE,
2026-10-09T19:47:20+00:00,aws:ionq:qpu:forte-enterprise-1,ONLINE,
2026-10-09T19:47:20+00:00,ionq:ionq:qpu:forte-1,ONLINE,
2026-10-09T19:47:20+00:00,ibm:ibm:qpu:fez,ONLINE,
2026-10-09T19:47:20+00:00,aws:iqm:qpu:garnet,ONLINE,
2026-10-09T19:47:20+00:00,azure:rigetti:qpu:cepheus-1-36q,OFFLINE,
2026-10-09T19:47:20+00:00,azure:ionq:qpu:forte-enterprise-1,OFFLINE,
2026-10-09T19:47:20+00:00,ibm:ibm:qpu:boston,ONLINE,
2026-10-09T19:47:20+00:00,ibm:ibm:qpu:miami,ONLINE,
2026-10-09T19:47:20+00:00,rigetti:rigetti:qpu:cepheus-1-108q,ONLINE,
2026-10-09T19:47:20+00:00,aws:rigetti:qpu:cepheus-1-108q,UNAVAILABLE,
2026-10-09T19:47:20+00:00,openquantum:aqt:qpu:ibex-q1,ONLINE,
2026-10-09T19:47:20+00:00,openquantum:ionq:qpu:forte-1,ONLINE,
2026-10-09T19:47:20+00:00,openquantum:ionq:qpu:forte-enterprise,ONLINE,
2026-10-09T19:47:20+00:00,openquantum:iqm:qpu:emerald,ONLINE,
2026-10-09T19:47:20+00:00,openquantum:iqm:qpu:garnet,ONLINE,
2026-10-09T19:47:20+00:00,openquantum:rigetti:qpu:cepheus-1-108q,ONLINE,
2026-10-09T23:49:29+00:00,aws:aqt:qpu:ibex-q1,UNAVAILABLE,
2026-10-09T23:49:29+00:00,aws:quera:qpu:aquila,ONLINE,
2026-10-09T23:49:29+00:00,ibm:ibm:qpu:marrakesh,ONLINE,
2026-10-09T23:49:29+00:00,ibm:ibm:qpu:pittsburgh,ONLINE,
2026-10-09T23:49:29+00:00,azure:pasqal:qpu:fresnel,OFFLINE,
2026-10-09T23:49:29+00:00,aws:iqm:qpu:emerald,ONLINE,
2026-10-09T23:49:29+00:00,azure:ionq:qpu:forte-1,OFFLINE,
2026-10-09T23:49:29+00:00,ibm:ibm:qpu:kingston,ONLINE,
2026-10-09T23:49:29+00:00,aws:ionq:qpu:forte-1,ONLINE,
2026-10-09T23:49:29+00:00,aws:ionq:qpu:forte-enterprise-1,ONLINE,
2026-10-09T23:49:29+00:00,ionq:ionq:qpu:forte-1,ONLINE,
2026-10-09T23:49:29+00:00,ibm:ibm:qpu:fez,ONLINE,
2026-10-09T23:49:29+00:00,aws:iqm:qpu:garnet,ONLINE,
2026-10-09T23:49:29+00:00,azure:rigetti:qpu:cepheus-1-36q,OFFLINE,
2026-10-09T23:49:29+00:00,azure:ionq:qpu:forte-enterprise-1,OFFLINE,
2026-10-09T23:49:29+00:00,ibm:ibm:qpu:boston,ONLINE,
2026-10-09T23:49:29+00:00,ibm:ibm:qpu:miami,ONLINE,
2026-10-09T23:49:29+00:00,rigetti:rigetti:qpu:cepheus-1-108q,ONLINE,
2026-10-09T23:49:29+00:00,aws:rigetti:qpu:cepheus-1-108q,ONLINE,
2026-10-09T23:49:29+00:00,openquantum:aqt:qpu:ibex-q1,ONLINE,
2026-10-09T23:49:29+00:00,openquantum:ionq:qpu:forte-1,ONLINE,
2026-10-09T23:49:29+00:00,openquantum:ionq:qpu:forte-enterprise,ONLINE,
2026-10-09T23:49:29+00:00,openquantum:iqm:qpu:emerald,ONLINE,
2026-10-09T23:49:29+00:00,openquantum:iqm:qpu:garnet,ONLINE,
2026-10-09T23:49:29+00:00,openquantum:rigetti:qpu:cepheus-1-108q,ONLINE,
2026-10-10T04:33:06+00:00,aws:aqt:qpu:ibex-q1,UNAVAILABLE,
2026-10-10T04:33:06+00:00,aws:quera:qpu:aquila,ONLINE,
2026-10-10T04:33:06+00:00,ibm:ibm:qpu:marrakesh,ONLINE,
2026-10-10T04:33:06+00:00,ibm:ibm:qpu:pittsburgh,ONLINE,
2026-10-10T04:33:06+00:00,azure:pasqal:qpu:fresnel,OFFLINE,
2026-10-10T04:33:06+00:00,aws:iqm:qpu:emerald,UNAVAILABLE,
2026-10-10T04:33:06+00:00,azure:ionq:qpu:forte-1,OFFLINE,
2026-10-10T04:33:06+00:00,ibm:ibm:qpu:kingston,ONLINE,
2026-10-10T04:33:06+00:00,aws:ionq:qpu:forte-1,ONLINE,
2026-10-10T04:33:06+00:00,aws:ionq:qpu:forte-enterprise-1,ONLINE,
2026-10-10T04:33:06+00:00,ionq:ionq:qpu:forte-1,ONLINE,
2026-10-10T04:33:06+00:00,ibm:ibm:qpu:fez,ONLINE,
2026-10-10T04:33:06+00:00,aws:iqm:qpu:garnet,UNAVAILABLE,
2026-10-10T04:33:06+00:00,azure:rigetti:qpu:cepheus-1-36q,OFFLINE,
2026-10-10T04:33:06+00:00,azure:ionq:qpu:forte-enterprise-1,OFFLINE,
2026-10-10T04:33:06+00:00,ibm:ibm:qpu:boston,ONLINE,
2026-10-10T04:33:06+00:00,ibm:ibm:qpu:miami,ONLINE,
2026-10-10T04:33:06+00:00,rigetti:rigetti:qpu:cepheus-1-108q,ONLINE,
2026-10-10T04:33:06+00:00,aws:rigetti:qpu:cepheus-1-108q,ONLINE,
2026-10-10T04:33:06+00:00,openquantum:aqt:qpu:ibex-q1,ONLINE,
2026-10-10T04:33:06+00:00,openquantum:ionq:qpu:forte-1,ONLINE,
2026-10-10T04:33:06+00:00,openquantum:ionq:qpu:forte-enterprise,ONLINE,
2026-10-10T04:33:06+00:00,openquantum:iqm:qpu:emerald,ONLINE,
2026-10-10T04:33:06+00:00,openquantum:iqm:qpu:garnet,ONLINE,
2026-10-10T04:33:06+00:00,openquantum:rigetti:qpu:cepheus-1-108q,ONLINE,
2026-10-10T10:48:49+00:00,aws:aqt:qpu:ibex-q1,UNAVAILABLE,
2026-10-10T10:48:49+00:00,aws:quera:qpu:aquila,ONLINE,
2026-10-10T10:48:49+00:00,ibm:ibm:qpu:marrakesh,UNAVAILABLE,
2026-10-10T10:48:49+00:00,ibm:ibm:qpu:pittsburgh,ONLINE,
2026-10-10T10:48:49+00:00,azure:pasqal:qpu:fresnel,OFFLINE,
2026-10-10T10:48:49+00:00,aws:iqm:qpu:emerald,UNAVAILABLE,
2026-10-10T10:48:49+00:00,azure:ionq:qpu:forte-1,OFFLINE,
2026-10-10T10:48:49+00:00,ibm:ibm:qpu:kingston,ONLINE,
2026-10-10T10:48:49+00:00,aws:ionq:qpu:forte-1,ONLINE,
2026-10-10T10:48:49+00:00,aws:ionq:qpu:forte-enterprise-1,ONLINE,
2026-10-10T10:48:49+00:00,ionq:ionq:qpu:forte-1,ONLINE,
2026-10-10T10:48:49+00:00,ibm:ibm:qpu:fez,ONLINE,
2026-10-10T10:48:49+00:00,aws:iqm:qpu:garnet,UNAVAILABLE,
2026-10-10T10:48:49+00:00,azure:rigetti:qpu:cepheus-1-36q,OFFLINE,
2026-10-10T10:48:49+00:00,azure:ionq:qpu:forte-enterprise-1,OFFLINE,
2026-10-10T10:48:49+00:00,ibm:ibm:qpu:boston,ONLINE,
2026-10-10T10:48:49+00:00,ibm:ibm:qpu:miami,ONLINE,
2026-10-10T10:48:49+00:00,rigetti:rigetti:qpu:cepheus-1-108q,ONLINE,
2026-10-10T10:48:49+00:00,aws:rigetti:qpu:cepheus-1-108q,ONLINE,
2026-10-10T10:48:49+00:00,openquantum:aqt:qpu:ibex-q1,ONLINE,
2026-10-10T10:48:49+00:00,openquantum:ionq:qpu:forte-1,ONLINE,
2026-10-10T10:48:49+00:00,openquantum:ionq:qpu:forte-enterprise,ONLINE,
2026-10-10T10:48:49+00:00,openquantum:iqm:qpu:emerald,ONLINE,
2026-10-10T10:48:49+00:00,openquantum:iqm:qpu:garnet,ONLINE,
2026-10-10T10:48:49+00:00,openquantum:rigetti:qpu:cepheus-1-108q,ONLINE,
2026-10-10T16:06:36+00:00,aws:aqt:qpu:ibex-q1,UNAVAILABLE,
2026-10-10T16:06:36+00:00,aws:quera:qpu:aquila,ONLINE,
2026-10-10T16:06:36+00:00,ibm:ibm:qpu:marrakesh,ONLINE,
2026-10-10T16:06:36+00:00,ibm:ibm:qpu:pittsburgh,ONLINE,
2026-10-10T16:06:36+00:00,azure:pasqal:qpu:fresnel,OFFLINE,
2026-10-10T16:06:36+00:00,aws:iqm:qpu:emerald,UNAVAILABLE,
2026-10-10T16:06:36+00:00,azure:ionq:qpu:forte-1,OFFLINE,
2026-10-10T16:06:36+00:00,ibm:ibm:qpu:kingston,ONLINE,
2026-10-10T16:06:36+00:00,aws:ionq:qpu:forte-1,ONLINE,
2026-10-10T16:06:36+00:00,aws:ionq:qpu:forte-enterprise-1,ONLINE,
2026-10-10T16:06:36+00:00,ionq:ionq:qpu:forte-1,ONLINE,
2026-10-10T16:06:36+00:00,ibm:ibm:qpu:fez,ONLINE,
2026-10-10T16:06:36+00:00,aws:iqm:qpu:garnet,UNAVAILABLE,
2026-10-10T16:06:36+00:00,azure:rigetti:qpu:cepheus-1-36q,OFFLINE,
2026-10-10T16:06:36+00:00,azure:ionq:qpu:forte-enterprise-1,OFFLINE,
2026-10-10T16:06:36+00:00,ibm:ibm:qpu:boston,ONLINE,
2026-10-10T16:06:36+00:00,ibm:ibm:qpu:miami,ONLINE,
2026-10-10T16:06:36+00:00,rigetti:rigetti:qpu:cepheus-1-108q,ONLINE,
2026-10-10T16:06:36+00:00,aws:rigetti:qpu:cepheus-1-108q,ONLINE,
2026-10-10T16:06:36+00:00,openquantum:aqt:qpu:ibex-q1,ONLINE,
2026-10-10T16:06:36+00:00,openquantum:ionq:qpu:forte-1,ONLINE,
2026-10-10T16:06:36+00:00,openquantum:ionq:qpu:forte-enterprise,ONLINE,
2026-10-10T16:06:36+00:00,openquantum:iqm:qpu:emerald,ONLINE,
2026-10-10T16:06:36+00:00,openquantum:iqm:qpu:garnet,ONLINE,
2026-10-10T16:06:36+00:00,openquantum:rigetti:qpu:cepheus-1-108q,ONLINE,
2026-10-10T20:19:20+00:00,aws:aqt:qpu:ibex-q1,UNAVAILABLE,
2026-10-10T20:19:20+00:00,aws:quera:qpu:aquila,ONLINE,
2026-10-10T20:19:20+00:00,ibm:ibm:qpu:marrakesh,ONLINE,
2026-10-10T20:19:20+00:00,ibm:ibm:qpu:pittsburgh,ONLINE,
2026-10-10T20:19:20+00:00,azure:pasqal:qpu:fresnel,OFFLINE,
2026-10-10T20:19:20+00:00,aws:iqm:qpu:emerald,UNAVAILABLE,
2026-10-10T20:19:20+00:00,azure:ionq:qpu:forte-1,OFFLINE,
2026-10-10T20:19:20+00:00,ibm:ibm:qpu:kingston,ONLINE,
2026-10-10T20:19:20+00:00,aws:ionq:qpu:forte-1,ONLINE,
2026-10-10T20:19:20+00:00,aws:ionq:qpu:forte-enterprise-1,ONLINE,
2026-10-10T20:19:20+00:00,ionq:ionq:qpu:forte-1,ONLINE,
2026-10-10T20:19:20+00:00,ibm:ibm:qpu:fez,ONLINE,
2026-10-10T20:19:20+00:00,aws:iqm:qpu:garnet,UNAVAILABLE,
2026-10-10T20:19:20+00:00,azure:rigetti:qpu:cepheus-1-36q,OFFLINE,
2026-10-10T20:19:20+00:00,azure:ionq:qpu:forte-enterprise-1,OFFLINE,
2026-10-10T20:19:20+00:00,ibm:ibm:qpu:boston,ONLINE,
2026-10-10T20:19:20+00:00,ibm:ibm:qpu:miami,ONLINE,
2026-10-10T20:19:20+00:00,rigetti:rigetti:qpu:cepheus-1-108q,ONLINE,
2026-10-10T20:19:20+00:00,aws:rigetti:qpu:cepheus-1-108q,UNAVAILABLE,
2026-10-10T20:19:20+00:00,openquantum:aqt:qpu:ibex-q1,ONLINE,
2026-10-10T20:19:20+00:00,openquantum:ionq:qpu:forte-1,ONLINE,
2026-10-10T20:19:20+00:00,openquantum:ionq:qpu:forte-enterprise,ONLINE,
2026-10-10T20:19:20+00:00,openquantum:iqm:qpu:emerald,ONLINE,
2026-10-10T20:19:20+00:00,openquantum:iqm:qpu:garnet,ONLINE,
2026-10-10T20:19:20+00:00,openquantum:rigetti:qpu:cepheus-1-108q,ONLINE,
2026-10-10T23:51:06+00:00,aws:aqt:qpu:ibex-q1,UNAVAILABLE,
2026-10-10T23:51:06+00:00,aws:quera:qpu:aquila,ONLINE,
2026-10-10T23:51:06+00:00,ibm:ibm:qpu:marrakesh,UNAVAILABLE,
2026-10-10T23:51:06+00:00,ibm:ibm:qpu:pittsburgh,ONLINE,
2026-10-10T23:51:06+00:00,azure:pasqal:qpu:fresnel,OFFLINE,
2026-10-10T23:51:06+00:00,aws:iqm:qpu:emerald,UNAVAILABLE,
2026-10-10T23:51:06+00:00,azure:ionq:qpu:forte-1,OFFLINE,
2026-10-10T23:51:06+00:00,ibm:ibm:qpu:kingston,ONLINE,
2026-10-10T23:51:06+00:00,aws:ionq:qpu:forte-1,ONLINE,
2026-10-10T23:51:06+00:00,aws:ionq:qpu:forte-enterprise-1,ONLINE,
2026-10-10T23:51:06+00:00,ionq:ionq:qpu:forte-1,ONLINE,
2026-10-10T23:51:06+00:00,ibm:ibm:qpu:fez,ONLINE,
2026-10-10T23:51:06+00:00,aws:iqm:qpu:garnet,UNAVAILABLE,
2026-10-10T23:51:06+00:00,azure:rigetti:qpu:cepheus-1-36q,OFFLINE,
2026-10-10T23:51:06+00:00,azure:ionq:qpu:forte-enterprise-1,OFFLINE,
2026-10-10T23:51:06+00:00,ibm:ibm:qpu:boston,ONLINE,
2026-10-10T23:51:06+00:00,ibm:ibm:qpu:miami,ONLINE,
2026-10-10T23:51:06+00:00,rigetti:rigetti:qpu:cepheus-1-108q,ONLINE,
2026-10-10T23:51:06+00:00,aws:rigetti:qpu:cepheus-1-108q,ONLINE,
2026-10-10T23:51:06+00:00,openquantum:aqt:qpu:ibex-q1,ONLINE,
2026-10-10T23:51:06+00:00,openquantum:ionq:qpu:forte-1,ONLINE,
2026-10-10T23:51:06+00:00,openquantum:ionq:qpu:forte-enterprise,ONLINE,
2026-10-10T23:51:06+00:00,openquantum:iqm:qpu:emerald,ONLINE,
2026-10-10T23:51:06+00:00,openquantum:iqm:qpu:garnet,ONLINE,
2026-10-10T23:51:06+00:00,openquantum:rigetti:qpu:cepheus-1-108q,ONLINE,
